100
197
0 1 11.009973
0 2 2.945380
0 3 1.929165
0 4 17.017083
0 5 13.028899
0 10 10.382509
0 14 14.866380
0 18 1.059853
0 23 17.229811
0 24 14.695637
0 26 11.256924
0 29 13.949659
0 33 12.277193
0 70 9.471003
0 73 10.477291
0 94 1.122199
1 2 13.449825
1 3 19.678987
1 6 9.268552
1 8 3.409820
1 9 13.102080
1 15 9.414887
1 16 4.138201
1 19 9.929841
1 22 3.766557
1 28 16.568162
1 37 10.185720
2 5 15.302197
2 7 3.263891
2 9 2.598001
2 10 17.140042
2 17 9.265005
2 33 15.734322
2 69 2.878279
2 78 5.498929
2 88 18.299027
2 90 3.209197
3 4 11.215171
3 16 6.275772
3 21 6.717864
3 26 1.945636
4 6 13.923752
4 12 1.915638
4 20 7.380820
4 27 11.162917
4 46 19.478434
4 68 17.193401
4 73 10.247685
4 76 16.464540
4 89 7.613417
4 95 1.633700
5 18 4.932298
5 21 2.075129
5 22 7.116891
5 32 11.111643
5 47 7.544433
5 54 11.017508
5 55 10.638626
5 71 5.962975
5 78 17.195144
5 95 8.772690
5 96 4.870188
6 7 11.580906
6 8 12.179727
6 13 12.409453
6 27 14.698222
6 86 8.949225
7 17 4.396439
7 19 18.713091
7 20 13.315667
7 30 3.494190
7 34 4.869981
7 49 8.721262
7 50 12.486663
7 53 19.764164
7 57 5.549617
7 71 14.478958
7 75 18.664922
7 86 8.317034
8 11 14.426368
9 23 4.016508
9 24 8.962170
9 25 6.614450
9 41 8.165165
9 42 6.450208
9 48 15.819198
9 57 11.710104
9 84 16.148127
9 90 8.007869
10 11 7.290772
10 15 7.173148
10 52 5.639803
11 12 14.404968
11 13 17.822462
11 28 4.427115
11 30 1.700068
11 36 2.095523
11 37 1.812962
11 69 10.295068
12 35 15.589632
12 42 7.490397
13 14 8.673751
14 34 17.960253
14 44 18.425451
14 96 2.614600
15 85 5.798764
15 89 19.703483
16 45 16.127254
16 58 18.263464
16 61 16.268667
17 97 8.937574
18 62 10.984733
19 25 14.361745
19 31 14.335005
19 39 11.655366
19 41 1.141917
19 56 19.411736
19 68 7.563613
20 39 2.010040
20 83 13.125282
20 87 11.505762
21 29 12.527011
21 31 15.981734
21 40 2.929780
21 43 18.295331
21 64 15.121372
21 92 5.590768
23 65 11.961767
23 94 18.345847
24 32 9.127219
24 48 14.235805
24 72 14.976941
24 87 16.701537
24 93 10.212136
25 45 12.928876
25 46 11.432582
25 66 9.669911
25 79 4.850844
26 36 9.374963
26 50 8.723756
27 64 5.029955
28 35 1.605408
28 58 10.527328
28 62 12.230814
29 40 18.524783
30 38 11.694410
30 51 8.362501
30 80 1.042189
32 44 2.665707
32 51 5.770327
32 54 9.204743
33 38 4.248404
33 63 17.457796
33 67 1.456578
33 74 12.218696
34 43 14.195143
34 72 6.899157
35 55 11.729690
35 77 15.575794
35 91 15.898540
36 59 4.399040
38 60 14.832458
38 79 18.334388
38 81 2.780156
39 97 7.564523
40 63 17.698295
40 98 5.297063
41 47 4.607810
44 80 18.343137
46 52 14.250543
48 49 8.067961
49 60 18.896246
49 92 16.890731
50 53 11.736403
50 56 16.495517
51 59 12.242908
53 70 11.944573
53 76 6.622304
54 77 12.522828
56 61 1.326673
56 65 15.034338
59 66 16.288078
60 82 4.472160
60 85 6.743676
61 81 5.193525
62 67 1.569489
62 91 7.472502
62 93 9.134551
66 84 16.072403
67 75 16.249709
69 74 11.908493
74 99 5.407839
78 82 15.188610
81 83 2.371980
82 88 15.516434
87 98 6.832867
95 99 19.696750
10.620491 11.085082 22.489245 10.254315 22.941077 5.424118 24.532078 21.837297 13.179671 21.542117 23.067091 22.249074 8.923850 5.630982 13.927175 24.585835 14.467999 13.309591 12.553023 17.153197 22.532696 21.816402 5.281479 12.808066 5.822686 12.011823 7.488292 7.638484 19.049739 10.903651 11.006625 17.126289 14.161544 9.342466 7.913877 6.057629 24.252906 14.877362 15.094700 15.348925 19.467038 24.358424 9.983906 5.141471 15.663503 19.155572 13.632067 10.103409 15.539896 19.880814 14.042730 24.353257 16.974247 15.321049 6.742875 15.959798 6.860458 6.373995 21.266272 22.300467 14.936776 10.229288 9.842687 19.403491 5.175855 17.588417 13.966372 23.516577 20.086014 12.575585 18.047578 7.465876 6.277658 20.160728 17.204625 11.667698 18.830907 22.617870 9.003339 14.893469 7.112719 10.901034 10.446912 16.025532 21.461625 6.310165 11.285003 6.997531 6.622049 13.188858 10.082255 22.236116 14.676079 10.947008 15.168596 11.168208 21.014365 5.714728 17.348714 5.425353
6
7
0 2 8.445998
0 4 9.918057
1 2 7.875453
1 3 2.439041
1 5 2.330467
2 5 3.163515
3 4 4.262138
432.388449 506.231143 418.060176 529.187621 461.489112 355.970684
