100
197
0 1 1.768466
0 2 8.600622
0 6 15.374095
0 7 3.271779
0 11 2.211336
0 17 3.287265
0 23 12.458892
0 24 10.114995
0 29 10.461122
0 33 3.388675
0 35 2.299181
0 42 9.097632
0 49 12.824873
0 52 7.207395
0 69 4.778589
0 72 4.063206
1 2 15.848724
1 3 9.023267
1 6 8.888695
1 8 6.796054
1 15 1.325533
1 20 7.430230
1 22 8.987769
1 29 19.975516
1 37 16.993437
1 61 17.889379
1 62 16.122966
1 98 15.847813
2 3 15.031778
2 4 11.050797
2 5 6.245500
2 7 19.407252
2 8 4.652063
2 9 11.957773
2 11 10.213847
2 15 3.454295
2 18 11.378381
2 25 13.992360
2 32 9.363223
2 40 6.911438
2 50 9.943545
2 60 6.602637
2 65 19.497891
2 68 19.016922
2 85 6.446294
3 4 15.430868
3 5 12.778092
3 13 14.254189
3 16 1.874700
3 21 5.191411
3 30 3.920483
3 36 3.793411
3 67 10.781153
3 69 7.697424
3 71 3.616877
4 9 11.668617
4 13 2.154860
4 22 3.301610
4 90 12.659279
5 10 2.093592
5 12 12.971800
5 17 12.053924
5 20 16.972205
5 24 4.237626
5 26 3.619567
5 46 12.205412
5 63 2.428528
5 64 5.447403
5 89 5.237087
5 98 7.310013
6 10 8.334426
6 30 15.445902
6 41 7.344421
6 44 15.061307
6 56 4.066610
6 79 18.031375
6 94 6.654650
7 12 3.247513
7 14 19.886286
7 43 4.063215
8 50 13.954280
8 97 17.505492
9 21 14.723645
9 41 2.837219
9 57 3.553151
9 82 15.024354
9 90 9.823505
10 66 12.439342
11 14 1.543398
11 25 19.159183
11 27 5.468606
11 36 11.145154
11 38 2.566754
11 39 18.199807
11 57 9.891825
11 58 15.674510
11 76 13.127547
12 43 16.620629
13 45 19.643894
13 53 18.272847
14 16 15.826348
14 18 12.143342
14 32 16.822457
14 34 17.911973
14 40 10.784542
14 51 18.047254
14 60 18.566361
14 67 11.353795
14 83 12.613741
14 86 4.644866
15 19 5.449399
15 84 4.591809
15 96 19.502856
16 19 7.298185
16 37 16.168584
16 81 11.994194
17 31 8.911551
17 38 12.662892
18 34 19.174582
18 49 8.873133
19 33 14.834159
19 72 1.057625
20 28 12.331834
21 58 4.784801
21 82 14.595820
22 23 18.049206
23 45 17.266186
23 63 6.640401
23 71 11.313509
23 74 7.086336
23 80 7.413880
23 88 16.236797
24 26 12.651973
24 35 16.583718
24 44 11.989802
24 78 10.407815
25 28 10.737544
25 53 18.004331
25 61 5.861376
26 27 8.572997
26 31 3.630444
26 55 18.524730
27 47 16.794355
27 97 15.234078
29 73 10.168558
30 48 5.780323
30 64 19.602941
32 68 1.740736
34 75 6.326581
34 91 3.508180
35 42 8.949354
35 52 3.729826
35 56 11.886471
35 78 17.690315
35 86 19.165847
35 92 6.051413
38 39 17.279681
38 47 9.424609
38 51 18.854110
38 54 13.175806
38 66 11.097820
38 70 2.385688
38 75 5.879716
38 99 16.014779
40 59 8.890866
40 77 4.004336
41 81 4.208324
42 48 14.789157
42 54 19.503414
42 55 10.704757
42 59 17.146789
42 62 13.066288
42 79 19.964621
42 88 9.703157
42 91 5.544228
43 46 15.126893
43 74 15.893229
49 89 15.812488
56 94 3.125897
58 70 2.916642
59 65 10.432807
59 96 2.418077
62 83 17.189640
65 73 17.703934
67 76 7.534086
67 77 17.856377
67 92 6.531404
69 80 12.813174
71 85 8.804383
71 87 15.932585
71 95 14.125547
73 87 1.836754
73 93 4.620615
74 95 16.257191
81 84 5.451899
88 93 3.997592
98 99 11.352812
22.827810 23.854493 10.991061 10.469892 15.865634 13.800579 23.373916 22.788535 8.698230 21.989608 9.550983 10.053437 24.528500 5.001339 10.077903 6.513080 17.897107 6.835815 15.000699 5.843166 6.485076 16.050422 22.804166 5.323982 19.728123 16.346755 22.383717 11.323829 17.657890 8.092030 14.406059 15.530314 15.642639 21.850136 8.043076 17.678724 16.154791 19.795862 23.225687 24.007368 16.173928 7.451961 8.622139 10.226851 18.744141 23.117223 18.121241 8.515828 19.643097 6.856266 11.980392 10.234195 17.152720 19.417439 16.187385 6.368252 24.187413 9.513436 8.518320 20.758528 18.729145 8.644653 21.547822 7.930445 17.225156 23.122966 17.214410 8.762850 9.579768 12.366039 8.929830 14.018685 16.416328 8.185778 10.697967 13.619111 6.048015 19.336341 17.430940 17.941639 10.561155 18.503321 22.811772 7.262853 5.757030 6.106090 20.893599 24.575763 5.581589 11.812028 9.545287 12.707453 24.232070 24.790907 9.500018 12.866795 12.633530 8.524016 20.843905 14.554489
6
7
0 2 9.012384
0 3 2.892433
0 5 3.382168
1 2 5.254154
1 3 9.376420
2 4 6.999873
4 5 4.446082
350.170189 232.697159 452.926085 240.869998 358.834067 484.305378
