200
397
0 1 9.542052
0 2 9.219899
0 3 11.055865
0 4 18.619092
0 5 12.304863
0 10 1.350729
0 13 11.963431
0 40 1.981088
0 82 5.462441
0 85 18.857884
0 91 1.183599
0 108 19.685077
0 129 3.538594
0 137 6.208733
1 2 7.988624
1 3 16.670742
1 6 18.338795
1 12 15.662862
1 14 6.202291
1 17 17.397953
1 21 9.454783
1 39 2.255792
1 42 10.455528
1 45 1.893266
1 80 8.846969
1 84 11.365713
1 106 4.291042
1 137 2.054641
1 168 18.215841
1 194 13.606341
2 8 8.972755
2 19 15.350540
2 37 7.464877
2 63 15.510565
2 99 12.200291
2 123 6.662644
2 176 15.306097
2 179 8.653392
3 4 13.007424
3 6 12.167851
3 7 10.994335
3 14 15.840363
3 15 3.638253
3 17 1.786290
3 19 1.951029
3 24 9.829492
3 31 3.928964
3 52 14.904147
3 56 7.782833
3 57 9.286057
3 62 3.679180
3 79 9.545542
3 109 17.329984
3 134 12.607664
3 150 1.593624
3 165 12.209658
3 191 15.909823
4 5 12.344204
4 11 7.822984
4 22 14.618913
4 26 19.664044
4 30 9.894031
4 34 2.133958
4 39 16.469769
4 47 13.337785
4 54 13.451488
4 55 6.731478
4 68 10.895255
4 78 12.923598
4 112 18.139591
4 127 6.780116
4 128 3.817735
4 154 2.738497
5 9 1.865917
5 28 4.799850
5 44 8.956994
5 62 5.602478
5 66 16.560908
5 68 4.617621
5 71 7.528065
5 74 17.796807
5 87 16.407223
5 105 7.497845
5 116 14.585497
5 120 5.453654
5 127 19.076488
5 141 19.405975
5 144 9.458727
5 147 1.233297
5 155 18.173823
6 7 1.247317
6 13 3.658688
6 18 17.383141
6 31 18.299950
6 38 17.294098
6 63 5.920582
6 83 19.369569
6 92 14.476329
6 94 6.382107
6 97 3.339098
6 145 4.388557
6 152 2.187491
6 153 17.231976
6 169 16.370869
6 186 17.726183
7 8 19.783531
7 10 13.579254
7 29 1.630270
7 37 5.436764
7 50 3.845039
7 52 12.088945
7 97 10.071816
7 102 18.716331
7 130 8.453886
8 9 2.148434
8 21 1.452740
8 27 16.401625
8 32 13.069286
8 90 4.624621
8 110 18.222777
8 146 11.618840
9 11 12.550598
9 12 18.491797
9 16 1.961228
9 20 17.040719
9 33 19.582098
9 36 6.264587
9 55 11.280876
9 60 9.048230
9 73 2.302049
9 92 10.582657
9 118 18.015875
9 166 3.980826
9 196 5.071221
10 16 11.388062
10 25 1.847617
10 35 5.673484
10 165 9.600158
11 18 15.578923
11 46 6.337119
11 86 4.079756
11 124 2.408631
11 125 17.168234
11 143 15.635260
12 167 5.296186
14 15 8.628430
14 46 9.052963
14 48 15.824977
14 67 7.825410
14 72 5.127407
14 76 18.580444
14 111 10.810154
14 114 10.483305
14 118 15.347315
14 121 9.676151
14 122 14.373073
14 163 4.464118
14 188 6.900147
15 58 10.009463
15 105 13.054423
15 175 14.077781
15 177 2.549298
15 182 3.127946
16 23 18.615778
16 26 16.891368
16 27 3.293964
16 28 6.447722
16 29 4.591705
16 36 12.376809
16 43 6.344774
16 77 11.639689
16 133 2.636054
16 135 1.531847
16 157 5.041404
16 162 10.177391
17 38 13.642427
17 136 15.889021
17 140 7.454240
17 179 8.751932
17 183 12.647776
18 56 19.005090
19 20 1.090574
19 22 7.235928
19 23 14.794914
19 32 18.280854
19 33 17.684381
19 61 8.058757
19 102 1.589631
19 104 1.024439
19 131 3.959024
19 170 1.497006
19 171 1.289089
19 174 4.304019
21 25 8.987711
21 41 11.458725
21 49 17.791312
21 101 10.005892
21 117 14.049790
21 151 16.223451
22 35 7.140303
22 42 14.707685
22 78 14.151684
22 82 2.836761
22 115 16.385680
22 139 8.265826
22 148 5.154170
22 150 3.974872
22 156 18.761196
23 24 6.347370
23 30 15.736576
23 43 16.653795
23 51 18.766359
23 61 12.550293
23 72 4.430877
23 83 2.885737
23 128 2.347615
24 57 14.753480
24 119 16.182883
24 185 15.964554
25 40 3.391661
25 94 9.102237
25 119 1.642101
26 47 7.127279
26 59 9.026352
26 139 7.458399
26 147 17.436779
27 67 19.813447
27 138 8.731062
28 96 7.597848
30 111 17.384329
31 41 1.609523
31 54 16.038683
31 86 2.711497
31 101 5.265087
31 114 17.590369
31 126 4.382375
32 122 9.367396
33 34 8.306253
33 45 4.513407
33 48 9.336861
33 53 13.146387
33 69 13.913001
33 75 1.122736
33 89 7.068477
33 91 15.106387
33 98 6.698825
33 120 15.796618
33 124 7.387876
33 153 14.862953
33 197 4.835804
34 75 19.358942
34 76 10.561093
35 51 17.871914
35 160 4.009158
35 193 15.475110
36 133 8.684396
37 131 8.103949
37 174 15.005813
37 184 11.374549
39 50 18.682763
40 53 2.479704
40 70 1.214062
40 79 4.484632
40 198 14.578350
41 44 9.579500
41 49 14.615933
41 58 19.128681
41 104 10.384183
41 152 14.469366
42 162 3.347379
42 170 16.370070
42 199 4.854861
43 59 19.168016
43 60 18.056808
43 81 15.544524
44 95 5.484705
44 155 17.921129
46 65 14.218298
46 161 12.636688
46 181 3.272639
47 85 15.326511
47 98 17.051717
47 107 12.177658
47 177 5.565987
48 163 3.185286
48 193 14.844319
49 65 2.770684
49 80 14.386344
49 126 13.812326
49 173 1.063152
50 108 10.612794
50 149 11.038786
50 168 10.406979
51 93 4.834285
51 100 3.483720
51 109 13.285810
52 187 14.311489
52 192 8.998524
53 185 1.702611
53 196 17.322426
54 64 4.865847
54 69 4.688157
56 88 10.114622
56 90 18.882180
56 132 6.043251
57 66 7.021313
57 70 9.574305
57 74 13.974052
57 87 17.329297
57 159 2.988882
57 164 14.394757
58 113 19.421457
59 64 14.952905
59 81 6.880512
59 84 3.389536
59 106 3.926924
59 183 4.946287
61 115 7.302771
61 116 18.595245
61 148 1.669358
61 186 15.255054
63 145 4.882828
63 158 6.867717
64 110 7.381096
65 73 3.200107
66 88 11.339594
66 107 18.467289
67 167 18.432653
69 77 12.110877
70 71 14.717441
70 95 12.460375
70 100 7.570574
70 125 5.197644
70 146 19.091552
72 140 2.366923
72 160 7.740357
74 112 1.687624
74 198 7.263691
75 192 12.276088
76 93 1.273549
76 96 1.548523
76 113 4.514964
76 182 19.759651
79 134 2.846007
81 103 3.961043
83 173 18.521492
85 89 17.531917
85 123 10.851557
85 130 7.542103
86 129 8.479479
86 151 2.590965
87 117 9.498014
87 171 6.149835
87 172 2.495102
88 132 3.652246
88 143 16.191833
89 103 17.568548
89 180 7.943420
90 176 15.580775
91 99 17.597049
94 172 16.934278
95 135 2.233950
96 136 6.213884
96 142 14.467471
100 166 7.510626
102 138 11.644050
102 149 18.239817
104 187 1.070297
107 144 19.150468
108 169 10.922635
108 190 19.228405
111 141 11.601470
112 189 11.483673
117 156 15.372486
118 157 14.778141
118 190 4.935406
119 121 16.031787
119 154 7.381691
126 188 15.186209
127 164 4.520293
128 158 14.457715
132 181 10.642126
136 189 4.485630
140 142 11.540873
141 191 2.941813
142 197 8.374134
147 184 13.548100
148 175 5.630162
151 159 18.022954
154 161 14.990989
158 195 2.194188
161 178 10.302368
165 178 15.814053
171 180 2.784853
173 199 5.174660
174 194 7.085518
192 195 7.852605
5.344828 12.918026 15.184878 11.528706 10.171160 7.879972 20.499206 19.806638 22.116130 9.511665 16.111852 18.236679 14.416245 16.401564 13.143370 6.646382 22.162048 18.188333 10.797728 7.079512 19.909857 13.089129 11.194193 16.593973 13.425894 17.231202 24.553612 8.492430 24.460097 18.534607 10.818009 23.207932 18.765372 6.950251 24.518769 22.791084 21.522810 21.463134 12.276787 7.699413 18.698580 18.304342 9.025944 15.086558 15.137375 20.219267 14.250256 20.565803 14.428499 20.379567 5.288438 24.471256 8.271179 7.469138 18.591320 14.909392 12.661404 16.878703 5.499123 13.337639 24.864932 19.292951 13.986189 15.146502 24.895982 22.503137 12.659509 18.996658 17.713429 7.683509 23.308226 8.563462 10.313022 9.654568 19.494981 6.068765 5.968689 10.913682 16.420533 12.848812 5.549346 7.095637 7.458646 6.032230 10.902177 5.721012 6.568626 13.309446 16.421168 24.232588 16.953777 18.843785 20.940067 7.609757 13.720281 11.454468 10.142009 6.891691 17.252922 14.020977 12.625887 24.050331 15.121621 14.184426 23.174907 23.830545 8.768258 9.773996 14.068295 12.293520 5.507549 21.742524 19.332310 14.881628 16.793341 9.070382 16.315002 10.148709 23.443612 9.344204 11.874400 19.285178 10.046421 22.446469 10.574002 21.625490 23.943824 8.601342 14.641377 7.820275 7.510568 6.270336 19.678152 10.509576 12.681795 13.379186 15.857090 12.633334 22.110564 17.897424 8.329733 9.156489 13.001645 14.512574 14.181401 21.018554 12.710515 20.942232 6.299814 6.441100 22.469872 13.767893 6.145677 7.377337 8.389238 16.407255 16.488436 12.681336 7.308892 5.346870 23.145544 13.759493 16.582963 18.900225 13.548739 11.332484 16.001072 21.287757 24.048352 11.858160 15.038548 15.750750 18.759695 20.684649 10.825575 19.972801 13.339963 8.117389 13.769207 19.934482 15.645906 14.352504 5.461407 21.709900 15.237607 11.193962 21.392733 12.570694 20.945755 5.515640 22.880944 12.009786 19.246961 10.130014 10.233968 11.753512 9.288062 5.679889 12.542500 5.295030
13
26
0 5 4.037238
0 6 1.411693
0 7 1.291426
0 12 7.275992
1 6 3.426606
1 7 2.563231
1 9 4.048743
1 12 9.168616
2 3 2.764124
2 11 4.595207
2 12 3.708611
3 8 2.687338
4 5 8.289763
4 10 3.367304
4 12 4.354839
5 6 8.089076
5 7 7.536966
5 9 2.147742
5 10 7.581965
5 11 9.973539
6 11 3.325234
7 9 1.969036
8 10 2.351885
8 11 2.720328
8 12 8.787601
9 11 6.127740
231.223087 229.219459 430.402203 473.032402 423.368741 255.060673 391.937898 457.037060 463.824122 415.842479 371.354276 226.587103 484.728012
