200
397
0 1 11.322352
0 2 9.360550
0 6 18.455220
0 7 17.899108
0 11 4.513319
0 17 17.140128
0 23 5.323434
0 24 5.800766
0 29 19.552075
0 33 1.001272
0 35 5.824008
0 42 2.437426
0 49 13.252252
0 52 2.744024
0 69 10.500664
0 72 1.801008
0 110 2.410823
0 160 11.497901
1 2 17.913957
1 3 1.307783
1 6 14.991717
1 8 11.779417
1 15 17.514532
1 20 7.007638
1 22 13.024995
1 29 3.937429
1 37 9.935756
1 61 11.003799
1 62 11.110507
1 98 17.007629
1 100 3.890922
1 124 13.044788
1 144 11.597052
1 173 15.056069
2 3 18.314403
2 4 19.056999
2 5 11.615232
2 7 3.329363
2 8 4.441033
2 9 5.965509
2 11 14.056934
2 15 18.211361
2 18 13.465179
2 25 4.340036
2 32 14.910942
2 40 2.763452
2 50 7.631372
2 60 5.972485
2 65 12.545084
2 68 14.696567
2 85 11.628016
2 102 2.299839
2 105 19.228042
2 128 5.287764
2 129 4.342404
2 133 15.970601
2 146 14.042688
2 195 4.462421
3 4 16.720431
3 5 3.783923
3 13 12.613899
3 16 18.216817
3 21 12.603690
3 30 4.574708
3 36 5.350779
3 67 7.997737
3 69 4.733339
3 71 9.567750
3 101 11.845512
3 102 4.026489
3 104 6.413069
3 141 9.188155
3 180 1.995615
3 190 14.619524
4 9 12.809393
4 13 13.294557
4 22 6.283097
4 90 13.828155
4 117 17.921183
4 128 3.149710
4 138 1.719179
5 10 2.050786
5 12 16.098919
5 17 19.596974
5 20 1.552509
5 24 7.471426
5 26 5.318023
5 46 8.322080
5 63 19.270466
5 64 19.801362
5 89 5.275017
5 98 8.473455
5 107 8.251853
5 125 4.347815
5 127 16.051710
5 132 10.076764
5 142 19.351921
5 189 6.288994
6 10 16.841955
6 30 6.364941
6 41 3.553922
6 44 8.992211
6 56 8.401727
6 79 9.556137
6 94 16.597852
6 125 12.050981
6 131 11.618037
6 137 5.095608
6 139 17.915033
6 170 4.995136
6 174 6.029022
6 175 9.980991
7 12 18.683553
7 14 13.666398
7 43 8.275061
7 107 8.227271
8 50 1.022203
8 97 14.529681
8 116 1.523474
9 21 8.758660
9 41 16.454293
9 57 14.455852
9 82 19.159885
9 90 2.094336
9 182 19.951920
10 66 5.516212
10 155 8.994835
10 183 1.009893
10 197 13.322363
11 14 8.828915
11 25 18.315702
11 27 17.663239
11 36 16.561202
11 38 9.071139
11 39 12.596428
11 57 17.819710
11 58 9.662623
11 76 15.987738
11 124 16.375110
11 134 3.866872
11 154 7.048518
11 161 6.450864
12 43 19.111247
12 133 6.842236
13 45 3.704183
13 53 6.785804
14 16 8.424751
14 18 17.185472
14 32 18.706574
14 34 12.294499
14 40 3.499421
14 51 3.465033
14 60 16.399128
14 67 11.038478
14 83 5.646137
14 86 11.846016
14 115 4.590560
14 145 4.914173
14 155 4.414851
14 195 3.620917
15 19 14.671567
15 84 8.614766
15 96 10.246065
15 109 1.854088
16 19 4.792232
16 37 11.910039
16 81 2.973132
16 120 4.245202
16 122 13.589166
17 31 2.076177
17 38 9.804084
17 106 11.314726
18 34 19.315496
18 49 11.445662
18 119 3.694665
18 138 9.956599
18 169 17.870560
18 172 9.704737
18 187 7.735220
18 196 8.888853
19 33 10.641527
19 72 1.822903
19 110 2.525320
19 181 12.727860
20 28 14.296218
20 177 5.739670
21 58 19.741286
21 82 6.657599
22 23 11.607815
22 134 5.424579
23 45 15.678530
23 63 2.169236
23 71 7.662208
23 74 14.249328
23 80 18.427064
23 88 16.398939
23 100 10.010525
23 126 15.592929
23 136 14.132597
23 163 2.535734
23 174 10.792659
24 26 10.519055
24 35 8.584272
24 44 17.307665
24 78 14.779934
24 199 6.110626
25 28 8.612218
25 53 19.392936
25 61 10.703410
25 109 16.441337
25 156 12.831189
25 164 11.089663
25 192 4.437556
26 27 3.511379
26 31 5.821282
26 55 11.665942
26 105 18.013421
26 108 5.433399
26 111 9.769653
27 47 5.149464
27 97 8.101442
27 135 17.192813
27 165 10.992218
27 199 18.151939
29 73 6.552543
30 48 9.467449
30 64 3.195659
31 103 5.638885
31 119 17.383302
32 68 9.728181
34 75 6.204577
34 91 10.509959
34 104 6.642763
34 191 11.290389
35 42 13.211614
35 52 13.880616
35 56 3.167157
35 78 18.026868
35 86 6.987765
35 92 14.964942
35 117 13.180897
35 120 4.928221
38 39 18.882523
38 47 6.005921
38 51 11.462036
38 54 9.050405
38 66 1.546934
38 70 14.543716
38 75 15.355793
38 99 7.172884
38 158 4.582635
38 159 5.758262
38 169 3.452327
39 114 14.030174
39 143 16.724918
40 59 9.068216
40 77 4.658062
40 147 10.135210
41 81 18.061807
41 126 5.445066
41 175 15.451968
42 48 1.435249
42 54 8.330344
42 55 15.492035
42 59 10.634876
42 62 4.958242
42 79 15.662543
42 88 9.884028
42 91 16.291056
42 118 11.831924
42 182 7.874222
43 46 12.137435
43 74 2.341452
43 103 7.073645
43 193 15.670014
45 116 3.124320
45 178 5.818158
47 106 17.478287
47 127 10.581745
49 89 17.065683
49 145 15.953946
49 152 10.376151
51 130 11.524118
51 186 1.537376
52 167 8.972088
52 172 15.544947
54 132 14.536617
56 94 19.434547
56 123 4.550304
56 153 5.952371
56 168 13.335702
57 129 5.076942
58 70 2.279267
59 65 15.011860
59 96 17.476374
60 130 15.988403
60 164 5.188288
61 143 4.297830
61 184 9.887644
62 83 4.399664
62 150 15.136509
62 189 16.479459
64 118 17.686160
64 157 6.600378
64 180 9.486976
65 73 12.257582
65 101 19.508264
67 76 5.205943
67 77 13.778479
67 92 13.837105
68 123 15.333342
68 154 8.360979
68 167 12.457252
69 80 6.699447
69 114 14.651055
69 148 11.372384
69 161 19.964829
69 176 5.880887
70 158 1.099066
71 85 2.492505
71 87 14.745014
71 95 2.904407
71 108 4.736993
72 197 10.136224
73 87 2.631475
73 93 2.279142
73 140 11.565312
73 166 12.663988
74 95 1.119645
74 113 9.558287
76 113 11.264472
76 122 9.534368
81 84 13.008610
81 136 14.546971
81 141 4.888989
83 112 11.515381
84 135 1.755757
84 142 8.493479
85 179 19.309074
87 185 14.966998
88 93 7.066904
88 193 12.284851
92 112 11.139779
93 162 15.443508
95 147 5.998607
95 160 16.380766
98 99 17.260240
98 131 14.637719
99 150 1.303528
107 148 2.105875
108 171 9.173377
108 194 1.036271
109 115 11.600589
109 157 15.835158
109 183 4.066871
110 111 2.207933
110 121 18.207446
110 140 14.656296
111 151 5.743979
113 137 4.141013
115 121 18.657878
115 165 6.322479
115 187 11.185990
120 166 14.720726
123 146 11.418980
124 151 2.189376
124 181 18.036741
126 188 5.772923
127 149 16.431189
127 152 10.522777
127 163 12.635479
127 171 13.125157
127 188 18.010940
131 194 5.069525
133 144 5.521907
134 153 13.730385
135 162 5.930167
137 139 1.054089
137 196 5.213426
138 178 19.385423
139 168 18.477539
141 185 14.417917
142 176 13.487718
144 149 2.142035
146 190 11.152747
147 159 5.794053
148 170 19.454478
149 156 15.463630
154 191 16.451622
157 192 2.993100
161 179 18.683008
163 198 7.568930
164 177 9.097001
167 173 13.582207
176 184 13.936908
179 198 9.411560
185 186 13.139393
23.489397 11.796610 18.001842 15.963294 13.451327 24.008554 7.876316 11.279498 10.535928 20.373317 21.815778 8.426859 21.209432 5.813125 9.014326 13.791593 14.690617 16.980929 23.772441 5.164020 15.337585 14.013536 12.869453 23.974607 7.259811 8.078503 11.801353 11.057846 13.032237 12.337055 9.587944 10.495188 12.758055 8.614636 23.866366 11.421790 8.747088 9.277906 21.528487 7.245832 12.928371 15.524866 11.022416 22.423379 22.466260 23.496156 19.371546 21.894604 16.404627 14.803235 21.734397 21.948544 22.207030 13.626971 13.169026 11.209975 7.455352 22.541888 11.240077 15.184247 22.511387 14.335838 9.699995 8.949607 8.459909 7.348701 10.706522 21.542498 17.154252 12.365185 15.237226 21.151461 16.735684 20.877893 16.189732 15.949257 14.798209 18.012128 16.773256 15.324038 5.859884 22.222725 7.090379 9.820290 8.416533 10.204563 16.656237 12.683131 23.680308 8.144654 14.114708 17.453405 19.192323 10.860926 19.082871 8.564752 12.377060 9.652030 13.093586 6.355532 15.643858 20.191544 5.940951 10.704506 15.284704 7.824394 21.109683 9.322508 15.081143 11.665409 18.640997 12.971654 13.888959 16.727245 24.198196 9.118733 8.354462 23.424620 6.767219 16.238955 7.526035 8.266405 6.710006 8.048830 20.405889 6.510300 20.391175 20.381762 10.086451 13.616629 8.501357 9.662770 13.122548 19.256118 18.452013 18.342047 7.775628 7.238940 10.712098 9.472731 13.882905 16.650149 12.937903 13.943494 14.310117 14.018714 17.846603 5.490187 16.285163 9.312555 6.728028 17.273218 11.051160 17.544828 12.320508 12.525560 20.421523 20.866508 23.244988 14.408779 11.155186 14.598923 22.629280 6.500819 13.275663 6.106047 5.597561 12.457488 20.084901 17.337853 21.378319 21.677312 24.296509 16.789510 13.962915 6.622375 17.055118 17.183130 10.715252 6.657451 12.124811 23.418638 22.199690 16.178868 12.082041 10.543972 22.548467 13.186931 11.258900 7.751405 22.316640 17.254749 5.657622 5.461395 7.083336 9.958702 17.406226 23.098440 23.241129 15.720592
13
21
0 4 5.542141
0 8 5.880637
0 10 8.792140
1 3 3.820583
1 10 2.354466
2 6 8.275625
2 12 2.210426
3 6 4.890050
3 7 4.643183
3 9 5.395693
4 5 4.462959
4 10 2.074748
5 7 1.670278
5 8 3.285975
5 11 4.651425
6 9 3.686325
7 8 7.090440
7 9 1.340495
8 11 3.728354
9 12 1.739212
10 12 8.848199
469.526052 296.845310 217.537427 434.793783 364.946895 385.299581 365.605879 286.736204 336.964942 412.911038 287.507217 401.597926 299.899361
