200
397
0 1 14.123625
0 2 12.626718
0 5 4.381516
0 8 2.194353
0 9 2.185185
0 11 15.839811
0 13 3.252331
0 19 1.898335
0 22 16.524049
0 32 4.993898
0 39 10.956886
0 58 5.238329
0 74 14.825928
0 116 9.062069
0 154 8.575993
1 2 15.299101
1 3 13.641564
1 4 15.624376
1 7 12.101520
1 17 10.331518
1 38 12.148893
1 39 14.430371
1 40 3.753695
1 42 5.361521
1 44 1.576709
1 49 5.627951
1 55 7.993066
1 64 19.978633
1 66 18.973455
1 71 10.879726
1 109 13.528262
1 112 17.220340
1 149 11.382913
1 160 16.818826
1 191 19.309304
2 3 14.732681
2 6 4.682405
2 8 14.195317
2 13 1.432463
2 14 12.569495
2 19 15.484134
2 27 18.294805
2 53 6.051040
2 59 17.830253
2 60 2.632361
2 63 14.423262
2 70 15.664350
2 77 18.275794
2 88 3.443374
2 100 1.030921
2 102 8.991423
2 104 6.708704
2 126 18.328210
2 127 17.649606
2 131 5.599858
2 145 7.813961
2 150 3.904735
2 157 4.127774
2 168 16.021793
2 170 16.250386
3 4 17.966217
3 5 15.600880
3 6 8.091757
3 12 14.866919
3 15 7.701381
3 20 17.502610
3 29 2.381688
3 31 3.795029
3 33 15.150601
3 43 11.843421
3 48 2.403987
3 50 11.108088
3 55 3.939324
3 68 6.160806
3 71 18.150551
3 120 6.920630
3 125 13.279547
3 130 11.271565
3 137 7.905259
3 179 7.207310
4 10 12.402359
4 14 1.875836
4 24 13.199379
4 47 12.526452
4 62 14.208654
4 67 4.545209
4 81 13.994512
4 88 4.681517
4 122 16.253663
4 136 16.446089
4 141 6.302586
4 164 12.632432
5 11 3.647829
5 16 11.235434
5 25 17.416766
5 58 8.905934
5 65 14.299838
5 76 4.635026
5 79 14.184025
5 95 11.887589
5 163 18.916682
5 198 12.516583
6 7 6.542269
6 21 10.327458
6 86 9.035813
6 124 14.456721
6 134 13.459113
6 153 14.645463
7 12 3.068838
7 17 17.259591
7 24 17.183204
7 26 14.895152
7 27 12.640164
7 28 7.328404
7 34 15.919838
7 41 18.635578
7 48 9.196320
7 49 15.941547
7 64 9.454826
7 70 12.013336
7 84 2.378203
7 89 2.139962
7 97 8.336736
7 107 9.816574
7 108 15.221063
7 112 17.777070
7 121 1.916521
7 128 14.070527
7 159 19.270883
7 168 18.458999
8 9 9.120376
8 10 5.924951
8 23 3.172023
8 35 15.314930
8 52 16.212490
8 53 3.878144
8 67 7.511832
8 72 19.263330
8 132 8.526242
8 146 9.340772
9 15 11.229754
9 18 1.148821
9 20 17.205596
9 29 11.872815
9 30 18.356248
9 37 6.560641
9 65 6.574642
9 93 15.767627
9 100 9.045418
9 105 15.325726
9 119 12.193956
9 150 11.435441
9 154 2.791491
9 188 12.836165
10 16 5.459459
10 18 15.120017
10 35 9.913289
10 36 18.187850
10 46 16.828950
10 72 4.789029
10 75 5.552424
10 158 16.005217
10 192 16.510818
11 83 9.312578
11 110 6.978403
12 33 5.996625
12 43 16.351625
12 66 1.917687
12 189 7.534294
13 28 12.907397
13 92 9.640077
13 106 8.940432
15 37 8.475291
15 196 8.806492
16 173 4.442695
17 21 10.403157
17 22 18.181539
17 25 16.957238
17 50 7.315504
17 57 10.177724
17 101 8.602750
17 115 17.549437
17 199 3.076135
18 69 6.504513
18 80 2.463645
18 102 4.402337
19 40 15.842726
19 45 15.851533
19 78 10.037114
19 163 12.387896
20 23 1.153691
20 76 6.616113
20 130 8.917028
20 151 17.646313
20 165 10.668257
20 183 1.164823
21 56 16.171687
21 122 6.579087
21 184 6.511343
22 26 2.309492
22 41 2.299676
22 46 7.981219
22 69 11.592434
22 106 13.320950
22 123 13.645793
22 175 9.512307
23 30 18.591045
23 63 14.994558
23 73 11.876132
24 31 8.870191
24 38 1.405050
24 57 9.594622
24 94 4.530722
24 101 3.235833
24 117 13.924854
24 120 3.598927
24 176 1.909766
24 190 4.190925
25 59 4.874887
27 34 15.545304
27 167 13.771486
28 36 8.156513
28 82 15.649945
28 132 13.373084
28 138 13.977648
28 156 19.924243
29 197 3.580577
30 44 6.625629
30 60 15.845574
30 91 3.461808
30 133 17.179252
31 32 16.486794
31 74 6.425262
31 108 18.483914
31 157 3.744923
32 42 8.686508
32 54 1.966262
32 80 11.574196
32 86 8.699633
32 96 19.539905
32 143 8.140338
32 177 15.045620
33 62 10.575817
33 141 17.374193
34 61 3.150772
34 99 9.693325
36 179 7.585597
38 97 12.126914
39 68 12.863385
39 96 9.094997
39 145 15.927334
39 169 2.615638
40 54 1.068251
41 103 18.274491
41 146 8.261388
41 177 11.842026
41 193 8.546474
42 51 7.481882
42 93 16.795066
43 45 1.818108
43 47 18.899326
43 56 3.034079
43 136 19.173527
43 180 18.157948
43 181 12.037513
44 77 11.525933
45 75 11.313429
45 87 16.038876
45 131 2.564895
46 52 8.417720
46 82 9.409198
47 51 2.200671
47 182 17.773337
49 94 18.751960
50 124 14.161987
50 147 5.994737
50 166 1.493652
51 73 12.320270
53 81 4.608977
53 113 9.653682
53 155 6.923247
53 189 5.167283
54 105 4.839532
54 114 13.684949
54 115 17.269085
54 198 2.671369
55 103 19.698422
55 142 14.119947
55 183 9.440144
56 84 6.609697
56 90 14.526156
56 99 4.693059
56 129 10.998573
58 85 3.623345
58 91 4.074408
58 174 10.612397
59 111 12.413761
59 139 7.883834
60 61 17.575127
60 83 3.147581
60 138 9.891423
61 78 2.098779
61 85 12.639305
64 152 4.845977
64 185 8.518018
65 107 10.227282
65 140 17.235192
65 148 3.935333
65 152 5.339805
65 178 14.144326
66 174 11.731817
68 133 14.097531
68 140 9.235185
68 171 8.670395
69 125 16.605683
69 187 5.153914
71 79 9.545785
71 90 12.523256
71 127 6.661022
72 159 12.026648
72 185 4.893185
75 89 2.308646
75 171 2.392693
75 176 17.136216
75 194 19.336014
76 123 12.079648
77 92 14.653152
77 135 1.915735
77 181 17.669393
79 109 13.431315
79 114 8.917251
80 87 9.778145
82 95 6.308321
82 148 16.572151
83 190 16.448204
85 98 3.765359
85 121 13.540092
85 178 13.635403
86 98 16.864476
87 167 8.508329
88 155 5.944367
91 119 2.146246
92 117 3.278164
92 151 4.794943
92 172 1.410334
93 144 15.082935
93 160 8.702357
93 173 8.590474
93 182 7.802401
93 186 16.689053
94 104 16.445849
94 118 12.878961
94 161 11.430064
95 111 8.432752
95 113 3.891901
97 149 6.493168
98 126 1.742366
98 169 3.499301
99 110 7.719272
99 193 1.044487
100 135 16.543523
103 128 12.410961
108 116 16.126026
108 118 1.010350
109 188 3.741549
110 144 4.471076
110 191 13.540364
115 134 5.458317
116 192 9.015366
121 129 8.512888
122 186 12.920017
122 195 5.412912
123 137 13.112719
123 162 10.807760
124 196 10.950884
125 143 3.308630
125 194 19.681163
126 158 1.295110
126 172 1.384550
127 153 3.529022
129 147 16.049985
130 139 10.041107
130 164 11.013446
130 197 6.997295
133 175 7.590466
134 142 1.580460
135 170 12.530842
137 166 19.453941
140 156 9.245114
142 162 6.678326
146 161 16.533617
150 165 19.701899
150 187 12.273620
165 195 15.804385
172 199 1.874610
177 180 16.784979
179 184 7.412692
5.834051 10.292545 9.405316 10.927450 23.912113 21.949494 7.163232 23.844633 10.825995 11.305884 10.310278 12.134898 24.871764 23.863191 18.449821 16.586689 18.190847 14.058992 17.517574 5.126610 11.467121 5.881152 12.042550 22.818422 16.372462 6.007071 5.965935 9.692242 5.397667 17.392100 21.755987 23.457137 20.068259 15.064184 16.905138 8.904954 17.671373 19.728736 17.463958 10.972431 15.887583 6.020526 23.849975 6.876870 20.602089 23.664695 21.976486 16.968999 5.029728 20.794979 22.387874 16.264120 16.700567 15.605749 15.434500 5.076291 12.330116 6.412937 6.882481 21.477964 15.970353 24.785299 20.911365 8.846216 11.609522 5.650341 14.228099 12.477595 24.576147 7.653843 11.057723 14.296297 9.832700 24.572892 23.647345 19.729855 9.469132 19.819144 12.616008 13.200669 22.767195 14.580562 19.333095 12.728158 6.654581 9.699674 10.955980 19.100185 15.707909 16.415757 19.339923 6.615723 11.838050 19.967085 12.707156 18.710051 5.966462 12.592503 9.003546 5.248674 14.446114 19.162464 19.005792 6.598493 11.061908 21.403372 6.941227 13.326389 8.456014 11.828367 7.211520 17.367512 23.260697 14.510153 16.620936 16.551562 23.857110 18.100911 22.515256 8.696379 5.993771 12.819761 14.246182 5.801602 20.710146 20.799818 20.200537 8.532175 7.125352 23.356909 17.701768 15.482338 16.919784 19.662804 18.704083 8.590315 13.403466 13.937902 17.842038 21.818730 7.556393 13.520780 12.196126 23.378200 20.162036 11.409441 23.970801 6.072455 14.075380 24.845185 22.748626 5.517478 14.391709 11.917110 19.192017 18.163639 15.517679 7.482817 18.087147 20.972599 19.861639 19.269845 24.458303 13.967489 7.774550 6.638319 15.675675 15.428901 14.936724 14.043708 12.896954 7.746237 11.681713 5.638086 22.123388 19.717849 14.345159 6.376696 23.296804 19.644411 16.206203 22.131380 8.112704 13.753649 15.018283 11.636942 21.640980 8.490608 7.013446 6.466262 10.377927 19.866660 15.735722 23.327927 23.490919 10.109899 10.016596 12.744413 18.605629 17.059612
13
21
0 4 5.781691
0 11 9.087483
1 2 5.371342
1 5 1.821446
1 7 3.067396
1 10 7.687654
2 9 5.565719
3 6 6.786841
3 7 1.003153
3 8 6.136284
4 6 2.771648
4 8 5.869672
5 8 3.816069
5 11 8.389698
6 10 9.839057
6 12 5.199946
7 8 6.646345
7 9 1.692479
8 9 1.543343
10 11 2.728790
10 12 1.646199
487.126957 444.713757 496.218074 446.995416 401.833586 403.941929 352.732606 295.882101 506.085911 476.097664 443.136757 415.201146 321.413675
