300
597
0 1 2.970858
0 2 19.134403
0 3 2.571979
0 4 19.590724
0 5 19.635396
0 8 18.919808
0 14 7.780929
0 15 18.808836
0 19 14.035646
0 26 12.464552
0 27 11.915389
0 28 4.597299
0 29 5.395089
0 43 1.939810
0 52 6.227847
0 59 1.012516
0 61 1.843305
0 69 13.194814
0 72 9.615489
0 79 8.712183
0 92 7.321414
0 103 19.242188
0 105 5.584839
0 109 12.316934
0 126 17.487104
0 146 15.315710
0 153 3.334004
0 160 3.685273
0 196 4.282991
0 200 4.670328
0 209 10.715708
0 263 19.575305
0 273 18.597444
1 2 11.887570
1 10 15.555552
1 15 4.539467
1 21 2.109716
1 25 13.989333
1 39 4.504880
1 49 2.337369
1 51 17.215806
1 55 11.770702
1 56 7.783424
1 58 8.007799
1 62 16.427977
1 83 7.865784
1 95 14.831734
1 116 18.683356
1 149 1.159166
1 155 13.491447
1 170 3.936786
1 179 1.235610
1 218 10.496681
1 243 6.477330
1 291 14.361253
2 3 5.391202
2 6 13.532996
2 13 8.186216
2 32 9.711344
2 77 4.104890
2 89 8.834071
2 98 12.463497
2 107 10.877060
2 124 17.304229
2 125 3.166643
2 166 3.073432
2 168 16.364659
3 4 1.136376
3 5 3.227834
3 6 2.798259
3 7 2.604544
3 9 9.432856
3 11 2.054093
3 16 4.584154
3 17 9.151006
3 21 9.854879
3 23 13.993149
3 47 19.875620
3 48 4.986641
3 57 15.567972
3 62 19.212033
3 63 1.779184
3 64 5.076274
3 67 14.239581
3 68 9.443876
3 81 7.625630
3 86 6.008031
3 113 16.042960
3 114 17.051303
3 116 5.692512
3 119 15.944937
3 122 3.198029
3 157 11.039504
3 169 14.690339
3 177 1.592174
3 182 15.858324
3 184 11.083997
3 193 12.401240
3 195 2.553431
3 220 18.192221
3 230 15.947962
3 237 18.040859
3 256 4.046148
3 266 16.194491
3 286 10.290659
4 14 12.305556
4 20 1.774898
4 27 4.891990
4 39 13.494173
4 64 11.397269
4 112 2.394168
4 138 11.298817
4 180 8.143823
4 216 11.327624
5 8 19.237699
5 12 5.857470
5 16 9.327737
5 31 13.148026
5 85 17.487537
6 7 19.346749
6 9 14.677369
6 13 1.020387
6 17 10.514920
6 18 16.389552
6 26 4.052048
6 33 10.733721
6 41 14.471055
6 58 15.970845
6 63 7.633386
6 87 1.611379
6 123 2.589547
6 143 5.951713
6 205 9.223009
6 258 9.467733
6 269 18.860493
7 12 5.749747
7 22 18.498726
7 54 3.494243
7 74 15.257433
7 92 8.408239
7 137 6.351277
7 182 6.321854
7 199 12.410213
8 18 3.211051
8 24 4.138941
8 30 5.809573
8 33 11.688776
8 35 3.032771
8 37 18.469256
8 44 7.569596
8 53 8.013064
8 70 4.398109
8 76 9.265350
8 79 17.556960
8 80 16.375340
8 94 4.375705
8 126 1.859070
8 144 16.862694
8 197 12.105584
8 198 9.609743
8 238 3.234058
9 10 7.615338
9 45 12.883684
9 53 3.759098
9 60 13.387291
9 90 8.897343
9 128 5.093701
9 139 14.736855
9 291 9.245311
10 11 13.786352
10 29 9.941913
10 34 12.815716
10 41 19.982763
10 54 8.440546
10 70 6.078257
10 130 19.496220
10 245 12.723151
11 40 5.084731
11 56 12.773507
11 68 1.023526
11 121 19.239768
11 190 12.585734
12 20 18.731042
12 22 13.762576
12 69 5.390859
12 71 8.218339
12 166 15.524875
12 210 9.216639
12 213 4.137160
12 230 7.585789
13 88 19.162023
13 140 14.656006
13 218 12.007019
14 19 6.910753
14 42 7.427100
14 74 4.131161
14 175 12.228864
14 205 6.354752
15 40 10.125128
15 81 1.594257
15 99 6.205126
15 118 8.137400
15 285 1.727064
16 113 8.321893
17 36 1.491132
17 37 11.224981
17 43 15.323075
17 46 18.976527
17 82 4.520048
17 141 15.312459
17 206 19.118811
17 253 5.568839
17 257 16.574761
18 47 13.694623
18 91 12.188926
18 121 18.449979
19 48 10.456579
19 97 17.378006
19 102 11.540594
19 118 10.051582
19 141 13.390037
20 28 19.988802
20 32 16.929522
20 46 7.121246
20 104 3.538537
20 110 4.394448
20 142 15.774835
20 235 14.750827
20 254 3.642009
20 287 4.408948
20 294 14.825268
21 25 8.902696
21 35 8.246778
21 55 4.092436
21 86 14.690172
21 96 4.293861
21 262 17.424291
21 274 13.788063
22 23 14.213773
22 67 4.477486
22 93 16.174081
22 131 13.075006
22 162 1.229302
22 183 12.886726
22 296 1.601925
23 24 5.149763
23 34 17.481236
23 167 8.703711
23 229 6.205650
23 277 18.167406
24 31 14.559481
24 76 7.354640
24 82 15.705696
24 95 8.736385
24 104 11.203325
24 107 19.043081
24 135 7.074299
24 273 3.441333
25 57 18.814585
25 125 18.132969
25 153 4.644711
25 211 4.405759
25 227 17.411665
25 282 19.076212
26 105 15.909009
26 254 1.685754
27 120 3.507658
28 30 7.732321
28 129 7.932948
29 72 11.686909
29 87 16.138627
29 98 14.959833
29 101 17.842233
29 110 7.264762
29 191 7.724122
29 232 10.188805
29 268 19.367555
30 165 4.496198
31 42 11.612322
31 80 11.179613
31 139 8.874934
31 249 4.002759
31 266 19.591097
32 38 16.255840
32 49 7.464824
32 50 7.674756
32 115 4.523277
32 227 11.262896
32 292 1.911587
33 108 3.448066
33 152 1.722546
33 159 15.567191
33 201 11.241984
34 36 12.753348
34 45 1.278776
34 148 15.485569
34 151 15.334756
34 164 1.266524
34 178 3.262666
34 236 6.722080
34 259 11.857436
34 288 14.703019
34 289 16.668765
34 298 11.531065
35 50 19.159584
36 136 14.487534
36 147 10.046038
37 38 7.933993
37 51 6.531510
37 91 1.445187
37 167 8.507953
37 223 7.627190
38 151 2.157709
40 103 5.909006
40 160 8.703880
40 204 8.663651
40 219 3.269507
40 269 3.034754
41 59 16.081361
42 44 9.993223
42 93 10.274505
42 127 6.504650
42 158 19.344435
42 161 7.668824
42 194 4.391649
42 198 15.432468
42 231 17.622489
42 234 3.992484
42 261 18.049412
43 60 1.844430
43 119 9.177512
43 155 2.593012
44 235 14.046253
45 94 4.493558
45 114 14.389086
45 124 2.603632
45 202 5.955430
45 222 4.177581
46 52 11.932041
46 66 12.606315
46 78 1.064163
46 241 7.795351
46 259 7.925591
46 289 6.866530
47 102 7.113755
47 187 12.722770
47 297 12.399282
48 65 3.389569
48 117 6.854889
49 89 19.247838
49 271 9.259053
50 108 7.112214
50 127 15.043215
50 138 8.704135
50 147 12.756516
50 296 10.673692
51 61 18.846212
51 75 3.011626
51 131 8.357531
51 240 3.004409
52 66 16.140900
52 73 3.680776
52 84 1.711837
52 238 13.509329
53 65 9.156948
53 214 2.293709
54 129 4.920239
54 144 5.809814
55 73 19.845814
55 145 4.260946
55 154 11.241638
55 188 8.099990
55 192 14.113871
55 246 7.076986
55 287 11.735310
56 75 2.219315
56 78 14.228917
56 106 19.140544
56 111 10.982735
56 120 12.366766
56 130 1.436938
56 252 13.792802
56 267 1.855628
56 276 3.000265
57 275 16.120949
58 134 19.255909
60 84 7.642968
62 133 17.604836
62 156 13.614044
62 264 14.428313
63 71 16.173595
63 99 4.385590
63 193 13.715958
64 249 2.735368
66 77 4.359976
66 83 15.014394
67 115 3.254267
68 164 19.670049
70 173 5.150377
72 168 8.531015
72 204 10.833090
72 234 4.525711
73 135 5.689217
73 177 7.540677
73 256 4.041009
73 262 4.622840
74 101 18.869758
74 221 13.640115
75 90 17.164111
75 97 6.807094
75 146 16.340496
75 202 18.005352
75 224 8.111067
75 248 9.463064
76 117 9.581966
76 128 16.937163
76 132 19.378336
76 134 4.906599
76 145 5.720832
76 189 15.609554
76 251 10.516326
76 252 5.690342
77 180 2.992078
78 88 5.359240
79 85 5.345298
79 96 17.586654
79 208 10.879797
79 217 16.154779
79 278 18.216835
80 123 14.719957
80 143 15.332946
81 137 11.910851
81 142 1.889403
84 149 12.158669
84 176 5.555165
85 187 13.127965
88 109 15.813446
90 292 19.759421
92 106 3.338936
92 181 16.212648
92 186 2.290102
92 222 15.847861
92 243 9.328131
92 281 18.208939
93 112 12.897739
93 140 2.298101
93 215 4.125315
95 100 19.859779
95 122 13.156480
95 150 15.883634
95 236 4.556236
96 195 6.918767
96 279 17.973837
97 100 15.855530
97 162 8.111108
97 169 2.803338
97 209 8.657965
97 228 1.997127
97 293 11.064910
98 194 15.688484
99 217 15.616060
100 226 9.831888
101 210 8.326559
102 175 6.527117
103 188 19.513255
105 111 13.156681
105 133 13.441131
105 179 12.910199
105 283 14.700917
107 163 7.874676
108 174 19.512646
108 199 8.550253
108 213 8.844650
112 152 8.220320
112 170 2.677281
112 280 7.728066
113 171 2.047503
113 173 2.976211
113 178 4.566476
113 224 5.129580
114 150 7.970851
115 253 3.075526
116 158 17.282100
116 171 4.993034
116 247 13.348890
119 148 13.260258
119 225 8.706775
120 239 14.785919
120 246 8.377001
120 271 3.349336
121 136 17.847468
121 165 1.331378
121 275 1.451939
123 132 7.869373
123 159 17.095899
123 183 7.325819
123 272 14.060779
123 280 11.621388
124 250 1.910537
126 184 19.850057
126 197 7.809646
126 228 9.831107
126 299 7.484629
128 190 4.396721
129 154 16.137673
129 161 18.360988
129 206 6.352750
134 181 18.905849
136 212 6.244036
136 265 2.103474
137 207 2.251826
138 223 16.716616
138 295 17.808653
140 264 19.218027
141 157 2.281523
142 174 15.989246
143 172 17.297803
143 277 13.170456
144 299 6.352311
145 215 4.745939
145 220 6.982842
149 251 8.215117
150 156 2.449125
152 286 10.421169
152 290 15.052603
153 163 14.205027
153 192 17.852895
156 263 5.647546
157 186 4.696627
157 189 1.997047
157 221 19.563344
158 270 9.520396
158 272 15.871652
159 172 14.927073
159 242 18.172239
161 211 9.051344
161 295 18.520440
164 260 13.131032
164 270 9.783271
165 298 18.764485
166 185 13.319914
167 176 10.464511
171 185 18.707600
171 255 9.342489
173 191 7.040905
173 200 17.835505
173 219 1.576679
173 233 12.570682
173 276 13.529570
174 196 7.386751
175 203 4.632090
175 241 17.324698
176 226 5.485417
177 244 1.711559
178 201 18.132572
178 212 6.503499
180 248 12.652386
181 207 3.322103
182 242 9.081802
189 247 11.483501
191 229 19.087924
195 239 12.569811
198 245 12.774803
199 203 10.719672
200 237 11.822784
200 265 7.287005
201 208 6.583002
207 216 7.482594
207 244 1.746945
207 284 4.791126
210 214 13.097540
210 260 7.769101
213 255 17.901752
214 250 1.644473
214 258 3.646874
214 267 13.380059
216 232 14.281230
219 225 11.643518
219 240 6.245069
224 231 17.302085
228 294 16.012835
229 261 14.017231
231 233 17.542101
234 257 2.083956
234 288 14.613814
238 297 19.347467
243 268 10.427210
250 293 2.514979
258 279 12.524962
260 283 9.425866
263 282 7.821836
265 274 12.336389
265 284 5.980641
268 278 16.064262
272 281 12.911196
282 290 17.647806
283 285 3.540363
20.074703 24.060343 16.539044 9.185114 15.716060 11.699576 19.560219 18.751641 23.683746 20.197783 23.698373 23.846749 12.165502 18.579417 24.889137 8.618461 6.506283 20.635308 15.428319 18.440327 9.445749 10.385975 5.842062 21.240792 13.368999 19.637832 6.952620 23.175331 12.693369 17.753792 16.207406 23.252868 14.237060 15.053892 8.871739 12.836936 11.600914 13.573901 15.140598 24.467598 17.152452 10.794666 11.774826 6.927733 8.873034 24.185885 16.578141 12.324314 10.444066 5.735808 9.908124 20.557798 15.039885 15.531119 6.689356 10.134013 16.206581 11.521674 11.253495 20.069647 11.240797 7.910334 17.669862 22.062562 17.314986 16.765112 16.389855 9.084507 14.663391 21.626036 21.426066 20.315695 14.821151 20.846371 22.940216 7.053808 24.143521 9.194759 17.065845 14.606893 16.372106 15.033344 11.603706 9.676826 7.374683 8.866360 19.716145 14.058377 8.336096 20.069772 9.434522 9.787552 6.160315 24.112141 8.947821 5.388398 11.455858 9.100119 5.275578 6.758846 12.461156 15.227864 18.162802 16.860741 23.657073 9.716414 6.819304 16.006193 21.188926 14.920677 12.893683 13.734510 15.478013 19.485585 24.118008 18.129884 12.604782 17.091086 15.448277 15.181125 10.919195 13.262641 18.262484 9.536142 5.958418 8.948912 22.516930 10.140014 14.630214 10.030738 13.030156 24.508769 7.660803 12.711961 7.056728 19.861299 9.187232 21.932269 7.237343 14.555397 22.599516 7.285984 14.696145 13.190947 19.492905 8.503785 20.646532 5.724337 15.065075 17.821967 7.924507 11.250876 20.501416 18.955822 24.380100 15.852909 24.039449 20.718695 22.066453 20.556925 15.863165 19.981051 13.337911 20.594668 18.483421 13.630263 9.596470 5.118788 5.978771 24.619125 6.201823 14.711299 18.146544 10.642585 10.769416 7.388270 19.534621 22.029386 23.859435 17.047346 16.699705 9.156470 11.826713 5.130294 14.433595 18.641505 7.654673 18.506698 6.423726 18.380826 8.665543 16.024140 11.272034 5.375351 18.814587 5.144220 17.741315 19.759496 7.680478 5.544733 12.115991 6.128449 20.294556 10.220618 11.329145 9.458459 11.741904 15.436785 19.223070 12.001401 12.417625 18.469506 17.472026 24.670346 17.612932 20.010273 23.147862 21.484801 7.852385 20.198914 20.101354 8.493145 19.267403 19.569526 7.119841 21.307597 14.772029 18.226912 16.880263 16.986820 9.618303 19.986635 20.319362 23.825209 20.819492 24.699378 12.021080 21.431528 23.267968 12.601994 20.908580 15.959989 18.731101 11.206155 11.549509 13.628616 23.370611 18.754876 8.807448 6.409008 18.728083 18.684678 10.542006 8.870772 16.019804 19.338241 22.847356 15.733430 13.019241 10.949773 12.373783 15.367614 20.324119 10.702765 23.171487 16.384412 23.442164 18.835924 22.093127 9.776525 5.624143 12.940807 18.386390 10.759901 6.182154 11.325036 16.790636 18.014695 10.634504 14.958022 16.646559 14.731200 5.943317 18.094225 14.230762 23.622519 12.427199 19.691934 24.961829 7.759232 5.329235 15.533382 19.522589 21.794769 24.805403 23.269641 14.595747 24.414940 7.489280 15.472567
20
46
0 1 6.901761
0 3 9.380216
0 5 2.285111
0 8 4.603027
0 10 2.415036
0 12 4.075228
0 13 2.727620
0 19 3.532907
1 7 2.382674
1 9 7.793942
1 11 8.406907
1 18 4.190975
2 6 8.733426
2 10 3.154830
2 13 7.412774
2 16 6.292840
2 17 5.949604
2 18 6.531526
3 9 6.441365
3 15 6.389072
4 8 1.313797
4 9 8.863519
4 14 8.999864
4 15 4.393173
4 19 4.593929
5 8 4.521764
5 11 2.739778
5 14 3.437230
5 16 6.315244
6 8 5.504288
6 10 9.705504
6 13 9.234868
7 19 1.729135
8 11 9.941665
8 15 7.478963
9 16 8.221269
9 18 2.065568
10 14 1.534508
10 15 8.224629
10 16 8.821505
11 12 5.585665
11 13 4.873659
12 15 5.803817
12 17 1.764752
13 17 8.838315
13 18 9.299424
312.884545 459.235211 308.888476 360.699652 384.494940 397.815652 270.540354 398.639120 410.999863 447.633114 429.977215 423.459367 430.900189 488.014771 244.538409 217.266843 267.921232 464.613512 399.891058 413.821587
