300
597
0 1 15.150833
0 2 15.740970
0 11 13.698771
0 12 2.877127
0 13 15.317173
0 20 18.584376
0 24 19.959720
0 48 18.828880
0 95 13.243026
0 100 7.403772
0 118 16.244313
0 137 11.912862
0 141 14.982928
0 146 1.136390
0 165 16.916901
0 198 16.954520
0 226 4.880416
0 256 10.356225
0 273 19.171457
0 275 4.091557
0 278 2.625882
0 290 1.397436
1 2 17.447130
1 3 19.377669
1 12 17.161920
1 15 18.773323
1 16 4.803743
1 21 8.126756
1 32 7.049725
1 37 10.458368
1 126 2.738950
1 128 10.214077
1 167 8.997094
1 200 4.441789
1 291 1.575267
2 3 10.420825
2 4 2.992043
2 5 17.316613
2 6 13.361587
2 17 17.535717
2 21 14.187795
2 23 7.508350
2 31 12.309562
2 34 16.148620
2 53 6.616939
2 54 8.689984
2 61 5.472584
2 79 17.742301
2 116 18.178373
2 139 16.279152
2 163 18.725789
2 176 7.476119
2 206 11.506724
2 207 14.858456
2 215 17.989565
2 258 3.222599
2 285 8.732028
2 293 5.187317
3 4 17.319444
3 5 19.345347
3 6 17.913107
3 7 12.260608
3 8 17.529324
3 9 11.846610
3 14 14.064479
3 15 8.456754
3 38 10.071226
3 42 4.496683
3 47 7.846004
3 56 13.531744
3 58 13.836673
3 67 13.436329
3 69 6.541047
3 91 1.781735
3 97 8.978926
3 99 17.676221
3 127 2.293912
3 139 3.919837
3 162 4.734897
3 177 16.622436
3 185 11.044092
3 189 6.938876
3 190 4.117136
3 206 2.068623
3 251 1.241833
3 270 19.768135
3 272 14.697723
4 19 15.765173
4 22 14.980722
4 26 17.148639
4 28 11.856307
4 37 7.072294
4 39 7.108131
4 47 16.428380
4 52 10.682576
4 56 16.785583
4 60 11.839552
4 87 15.218404
4 104 1.627371
4 187 5.947647
4 237 6.322866
5 7 16.359208
5 8 16.336235
5 11 14.824515
5 27 4.921492
5 29 12.621655
5 36 7.754304
5 45 8.680081
5 59 18.754828
5 63 7.930001
5 64 13.657311
5 65 4.819325
5 122 15.563231
5 128 12.443377
5 135 12.420872
5 138 10.146154
5 168 18.426117
5 186 16.005261
5 193 5.173614
5 214 11.954071
5 267 5.294021
5 291 1.970783
6 18 15.881418
6 43 10.177586
6 76 7.673414
6 106 14.037777
6 113 3.986998
6 146 5.518835
6 210 10.693468
6 211 12.693046
6 275 13.153005
7 10 13.586076
7 13 16.464083
7 20 10.895632
7 27 7.405383
7 31 17.742731
7 40 2.677975
7 49 11.792512
7 86 7.869748
7 101 19.460866
7 103 17.544701
7 134 4.003108
7 144 4.955562
7 152 19.147708
7 156 5.778234
7 165 11.583181
7 198 11.516375
7 259 4.053677
7 274 13.461291
7 283 18.330450
7 288 19.122840
7 292 3.322032
7 299 11.155882
8 9 9.632743
8 10 3.043221
8 14 4.923737
8 35 2.104626
8 38 6.042247
8 58 17.248840
8 106 11.440844
8 138 18.990998
8 179 15.487804
8 196 9.610074
8 247 2.799457
8 282 4.651508
8 289 11.698510
9 17 11.843315
9 18 2.032589
9 66 2.393180
9 112 17.517010
9 174 11.223604
9 224 3.862789
10 16 11.411058
10 30 13.813700
10 49 13.808745
10 71 6.269222
10 102 1.195589
10 231 15.022384
11 35 7.945267
11 84 1.280143
11 126 8.964176
12 23 14.614062
12 46 10.638452
12 140 18.770569
13 39 5.508323
13 50 8.833829
13 74 10.320111
13 94 14.741505
13 132 13.355714
13 166 7.313661
14 25 6.039495
14 30 8.911261
14 46 3.607596
14 54 13.141458
14 74 2.929556
14 92 13.024674
14 123 5.600705
14 161 16.177472
14 179 17.012414
14 213 8.912458
15 25 3.013542
15 44 6.058107
15 55 2.046741
15 65 15.043731
15 72 16.420311
15 212 19.692387
15 218 4.276801
15 223 18.353788
16 136 3.040033
16 171 2.491561
17 19 3.620110
17 33 6.426750
17 36 3.468667
17 91 8.798332
17 121 16.517129
17 281 1.118670
18 29 17.091332
18 41 18.802409
18 59 2.008755
18 61 3.729832
18 62 13.132604
18 69 5.117308
18 82 10.289538
18 83 9.434418
18 125 3.564695
18 157 8.056200
18 160 10.366547
18 190 19.920523
18 285 8.218870
19 26 15.433422
19 75 4.061680
19 85 18.986264
19 158 3.021830
19 227 9.599023
19 254 14.309794
19 263 8.862310
20 63 17.515148
20 73 10.384822
21 22 13.425555
21 90 4.735921
21 170 17.629479
22 28 19.188886
22 41 2.618643
22 48 8.160020
22 53 8.270598
22 57 7.082885
22 88 5.796290
22 157 17.459311
22 173 5.274116
22 196 17.563520
22 227 3.130205
22 288 11.645526
22 295 5.453987
23 24 2.124067
23 33 19.051337
23 34 12.513409
23 281 10.504100
24 44 5.501083
24 62 2.180749
24 124 18.892080
24 150 9.084070
24 153 4.643870
24 188 9.140698
26 32 3.014490
26 40 14.644277
26 42 13.376652
26 133 8.116262
26 143 7.647025
26 167 3.322440
26 276 2.806362
26 287 10.641740
28 68 2.179060
28 89 13.328363
28 100 3.961490
28 117 1.374322
28 224 18.545112
28 239 10.516024
28 279 1.961797
28 289 2.334444
29 111 8.150860
30 43 6.411921
30 57 8.950671
30 105 13.331577
30 119 1.844999
30 286 9.945327
31 50 1.700303
31 132 3.126399
32 76 14.051977
32 97 18.027922
32 98 10.430901
32 101 8.238524
32 229 11.082357
33 77 11.632532
33 117 10.724370
34 60 7.867851
34 204 14.593951
34 226 4.643315
34 228 5.854793
35 279 7.991890
36 80 16.282803
36 123 16.553632
36 155 14.316931
37 81 17.556410
38 45 17.296892
38 51 1.721387
38 72 6.640360
38 96 18.639738
38 116 12.200924
38 142 4.550671
38 192 18.664181
38 251 18.482124
38 266 11.350611
38 280 7.919303
39 142 8.799405
39 185 3.427974
40 129 5.215447
40 130 18.609230
40 222 18.109979
43 66 2.520596
43 82 13.450744
43 89 6.436141
43 140 9.934151
43 174 19.786472
43 221 19.592346
44 51 12.137702
44 73 1.631972
44 94 6.694497
44 137 19.792298
44 144 2.753834
44 267 8.793251
45 52 12.495220
45 129 8.818220
45 201 19.829590
47 111 9.498290
47 203 14.855943
47 257 6.330563
48 67 5.652296
48 68 12.909800
48 71 17.222829
49 107 13.064317
49 131 5.726824
49 163 14.286353
51 81 18.969532
51 84 2.518028
51 107 2.748241
51 169 13.930854
51 184 16.962388
51 220 9.207365
52 105 9.687336
52 120 3.952686
52 156 6.729742
52 254 18.635377
53 55 1.320490
53 78 17.424969
53 154 6.070078
53 172 18.784864
54 80 11.824469
54 115 6.877824
54 175 15.680014
55 191 10.577612
56 85 2.586988
56 113 18.381345
56 283 3.066326
56 287 12.558543
57 64 2.524201
57 70 19.738154
57 122 8.714339
57 172 2.538918
57 262 3.281722
58 70 16.752214
58 114 13.333439
58 134 7.466065
58 152 3.379657
58 175 2.387779
58 189 6.469903
58 274 4.091274
59 88 4.833050
59 131 1.173067
59 149 8.632619
59 168 5.563088
59 232 15.287896
59 238 16.271636
59 244 4.276046
59 297 8.633254
60 108 12.348362
60 236 5.685349
61 78 9.934621
61 200 10.382715
62 120 9.955250
62 177 18.551235
62 210 10.066998
63 75 5.366220
63 133 19.433071
63 148 9.859369
64 79 15.234977
65 86 19.395463
65 102 9.916951
66 164 8.141552
66 195 10.003531
67 96 16.291013
68 77 2.994901
68 103 8.962511
71 83 13.204889
72 149 3.769422
72 153 4.563163
72 154 11.619817
72 180 1.807829
73 158 8.164750
73 159 6.722501
74 108 11.566778
74 225 5.746388
74 242 9.423118
74 292 9.337767
75 92 8.131389
75 124 8.155610
75 272 6.732188
76 148 16.056615
76 173 15.115771
76 202 5.384310
76 265 2.594202
77 93 14.096195
78 119 3.164103
79 298 8.178760
80 162 16.053184
80 209 5.241055
80 276 18.325019
81 182 11.788922
83 118 3.677770
83 290 8.934499
85 95 3.960136
85 98 12.651463
85 104 17.170272
85 229 18.380361
86 87 11.450134
86 245 15.500270
87 240 10.031803
89 90 7.346839
89 127 3.329534
90 109 10.651269
90 171 7.893963
90 219 2.656655
90 284 2.682756
91 115 9.713732
91 180 1.222888
91 181 16.528059
92 93 4.327521
92 141 11.230504
92 160 5.037764
93 99 15.338421
93 202 19.295295
93 268 4.347097
94 110 11.166770
96 253 10.453088
96 255 2.938892
98 176 10.440616
98 252 6.125205
98 269 8.621879
99 110 10.014456
99 231 9.610872
100 192 18.287872
101 130 11.524210
101 136 12.934450
101 155 10.165307
101 188 15.420954
101 262 2.904949
102 143 18.837970
103 186 8.825423
103 242 13.143412
105 236 16.789794
106 109 4.597898
106 204 15.077211
106 284 18.023176
107 150 16.822975
107 184 18.456100
107 208 12.816138
107 215 17.360102
107 248 12.710227
108 112 13.244211
109 216 7.655681
111 166 4.852661
111 243 2.091516
112 164 18.887049
112 234 19.165934
112 237 6.513298
113 114 18.883993
113 230 14.776193
113 233 3.431392
114 125 2.066635
116 194 16.856973
118 195 11.431172
119 121 15.986183
119 147 9.507515
120 216 9.208459
120 268 15.649671
120 270 17.434846
122 182 1.445588
122 197 14.451797
123 212 9.042378
125 169 1.840869
125 220 1.890832
125 261 1.537102
125 294 18.509191
126 222 15.365073
127 253 7.927547
130 135 2.438911
130 194 6.635454
131 145 17.547105
131 151 12.237524
131 217 9.915336
131 235 15.181595
134 247 1.547490
137 159 8.277790
137 170 9.717970
137 211 10.533451
137 235 8.459958
137 240 4.675141
138 147 5.329134
138 197 12.979173
138 239 14.961008
139 223 16.120566
139 232 3.685443
139 238 13.532708
141 145 16.747930
141 178 13.775762
142 151 3.974151
142 178 4.638292
142 181 13.793874
142 249 3.341997
143 221 8.859443
143 249 7.554322
144 207 8.230461
145 191 2.251391
145 263 19.426186
146 246 2.418788
148 183 4.111900
148 255 16.155162
150 271 1.476068
152 201 6.612401
152 244 1.918631
153 161 8.348603
153 234 15.071845
154 245 15.365166
154 257 6.874684
157 295 18.188074
158 203 19.831151
158 217 12.282178
158 278 14.552407
159 214 14.322539
159 250 12.998074
160 299 4.044871
161 228 6.803231
162 187 6.473006
162 277 10.415388
165 199 13.471005
167 241 15.333095
169 205 2.727800
169 230 2.682002
170 209 8.939737
173 199 5.815777
175 213 2.948053
175 256 8.232935
176 205 13.423256
177 219 14.981736
179 183 19.261990
180 250 7.033198
181 273 6.344539
187 252 3.934946
189 193 15.288292
189 208 1.918189
189 218 15.512751
190 298 4.935120
191 261 12.325277
191 265 12.546802
191 271 3.021745
194 241 15.256502
197 296 3.176962
198 225 14.849785
198 243 10.640778
202 260 8.658475
203 259 8.353808
204 264 19.019737
205 233 10.213925
209 264 17.951379
212 269 16.141792
212 297 9.460272
213 246 18.544060
221 286 16.695674
225 258 9.129724
232 260 7.489712
236 248 1.873566
239 277 5.741887
247 266 5.262569
247 282 3.519814
259 294 1.413737
262 296 10.490942
263 280 8.409819
277 293 16.706170
19.477490 24.053990 16.060418 22.048170 13.482402 23.817921 5.947473 6.836037 5.492984 15.294737 15.429454 19.700577 21.289222 9.008831 21.305942 9.184108 14.478688 17.856543 20.064181 5.930044 20.406562 20.818124 5.772553 20.897824 19.438866 20.320869 21.620867 6.648553 5.217248 12.971886 8.820493 15.995154 23.150609 21.466323 18.263660 8.026015 14.955198 10.902283 17.244773 14.191892 8.995843 7.237288 17.735982 24.823849 23.592148 13.115077 20.030562 5.186790 23.388535 7.608561 16.641846 17.969825 5.794358 16.686473 23.929716 18.851422 5.771876 18.463560 7.762934 10.956622 14.167827 19.806772 9.526033 8.566162 10.086571 18.741156 5.392072 20.373280 18.978319 11.850062 24.194539 16.000675 13.925609 12.003996 9.138790 8.639452 17.217777 5.948681 9.835736 20.386536 9.762370 5.323510 22.119905 6.911623 23.633656 17.114528 8.971042 18.781892 17.330615 20.159115 20.635941 10.474626 6.544495 22.495876 9.402538 12.782199 23.578742 13.380314 14.154904 22.172930 19.814873 19.593345 17.150997 11.177499 20.439626 12.933645 10.959842 9.474326 12.026816 17.838598 18.253222 22.798874 19.636582 24.110954 23.488382 17.564894 7.624332 20.807667 9.047883 13.777886 18.192549 5.660881 17.805090 8.323922 6.684893 18.187139 10.123005 23.890801 16.294939 5.475197 16.970648 13.231361 21.205559 5.051381 24.723241 17.729740 15.385687 7.564874 7.656720 8.763145 17.857682 17.187781 20.785952 14.996154 18.317294 19.391031 23.869567 11.246029 16.142578 17.104613 22.703139 19.527595 15.841040 5.000408 9.196976 7.101082 17.398618 9.413668 23.674707 13.138993 14.535496 6.117335 5.492147 8.554478 10.332484 12.979635 17.351369 20.884300 13.962588 7.522551 16.925702 15.533595 5.791927 12.813699 22.644430 9.674163 24.502387 5.239459 24.571919 20.712168 15.518378 7.985749 16.910997 5.746662 8.291269 16.777658 19.302312 18.513370 15.533514 8.147706 12.415295 24.973753 6.091861 17.518822 5.144525 14.344987 11.167380 6.649838 18.041044 17.621447 21.969007 19.490291 21.774389 13.565339 5.699327 13.309871 5.675270 19.468064 22.317091 15.737306 8.866384 5.373582 13.130730 20.719952 21.324382 22.736370 10.120128 16.719509 19.634199 13.007556 19.495196 14.674575 13.305427 16.969431 8.561748 10.035784 14.699751 10.894344 17.559547 15.496357 14.290582 6.523587 7.376631 16.336283 20.811438 17.964089 22.818885 18.525146 9.812101 12.120890 20.024028 17.985293 21.343877 19.715684 9.041120 14.864915 19.304733 14.860278 10.636570 6.249101 10.427941 22.588676 7.005999 12.499736 21.669385 8.237621 15.356615 18.829257 13.459072 16.488312 17.135715 6.605098 20.263892 14.904232 6.700023 7.492520 20.271652 6.050534 23.403756 18.678531 19.956187 16.670993 17.608532 15.405699 11.638291 17.431474 18.999632 22.644416 16.850311 10.937737 11.592939 9.539240 23.311908 13.953461 10.197547 21.357056 17.093490 20.287674 19.873756 15.539360 20.305309 8.081352 10.540082 11.352527 16.749953 11.703777 5.074091 8.992502 9.060825 15.035831
20
54
0 3 5.842319
0 5 1.183843
0 7 9.668193
0 10 8.573044
0 11 5.853017
0 12 5.567152
0 13 5.320366
0 14 5.685998
0 16 9.525687
1 8 3.959207
1 10 2.121563
1 11 6.185800
1 14 1.974551
1 16 2.507967
1 18 8.031060
2 3 3.348125
2 14 7.316852
2 19 5.191687
3 12 1.373282
3 19 5.594341
4 13 5.067376
4 17 6.424597
4 19 4.136281
5 12 8.086947
5 17 5.698842
5 19 8.483071
6 7 1.867835
6 8 8.217680
6 10 1.597381
6 16 3.910186
6 17 2.587835
6 19 2.896136
7 11 6.829061
7 12 6.133300
7 14 8.625606
8 14 6.668143
8 17 3.903662
9 10 5.320147
9 11 2.075161
9 13 1.170278
10 12 3.283943
11 13 7.882740
11 18 9.980423
12 13 4.133156
12 18 4.578884
13 14 5.160682
13 16 5.819245
13 17 3.385982
14 15 7.090037
14 16 3.263531
14 18 1.820157
14 19 6.029364
15 18 2.851586
16 18 8.753392
490.719240 324.168645 283.309729 333.368458 288.835776 360.528172 338.400018 340.564249 340.709760 243.779872 226.615593 333.768861 470.329872 486.530088 378.104205 396.042703 298.985713 406.312834 394.831394 447.279879
