400
797
0 1 1.696620
0 2 18.279138
0 3 11.301766
0 4 4.126156
0 6 7.586749
0 10 3.818920
0 11 17.338311
0 13 3.843700
0 16 5.044788
0 17 10.590358
0 29 4.207263
0 32 17.247188
0 49 10.878370
0 50 1.901986
0 62 12.128692
0 65 13.256402
0 72 7.746924
0 76 12.186882
0 78 12.825549
0 120 10.727022
0 124 11.260266
0 155 12.385369
0 166 15.078172
0 168 19.193948
0 212 16.694739
0 228 5.309742
0 232 12.784072
0 253 8.111319
0 258 9.147091
0 283 17.562367
0 302 16.298490
0 306 17.800067
0 375 8.659934
1 2 18.470911
1 3 11.406963
1 10 10.681892
1 18 3.652927
1 28 1.258724
1 31 7.063643
1 56 3.750837
1 76 5.266518
1 105 3.731875
1 155 18.369245
1 198 14.974371
1 210 17.473055
1 225 9.834088
1 246 8.510291
1 247 16.927572
1 268 14.159090
1 288 12.177642
1 334 15.876932
2 4 3.386836
2 6 3.662192
2 8 8.814927
2 16 1.816697
2 23 16.393416
2 25 19.813050
2 34 5.067155
2 35 2.958585
2 38 2.302219
2 42 11.878845
2 44 5.670228
2 48 13.888097
2 74 13.085686
2 78 13.166473
2 98 8.938100
2 107 18.258952
2 170 18.099174
2 191 7.243444
2 214 1.769432
2 216 2.081679
2 357 15.089213
3 5 10.829587
3 7 16.080168
3 12 1.908284
3 22 11.737282
3 57 8.969360
3 71 18.546212
3 88 17.315443
3 106 13.084198
3 126 4.994561
3 165 9.297913
3 175 16.291288
3 182 8.110334
3 195 10.871047
3 301 9.027509
3 318 19.853649
3 347 11.526026
3 364 13.318909
3 397 4.269261
4 5 18.968831
4 9 12.515286
4 26 13.680823
4 33 10.647209
4 38 17.167949
4 47 9.153850
4 61 9.238200
4 106 9.805492
4 115 2.489803
4 157 2.573058
4 233 12.658068
4 322 2.313374
4 338 9.554666
4 373 2.592547
5 7 10.303543
5 8 5.891218
5 22 4.467882
5 33 15.516538
5 36 1.719031
5 43 16.544242
5 48 10.088068
5 55 1.745480
5 63 5.974160
5 64 8.715766
5 75 2.269505
5 82 18.756899
5 105 16.197412
5 117 19.985615
5 169 13.181043
5 179 8.955664
5 213 2.709541
5 217 13.472491
5 260 9.020013
5 282 14.514977
5 295 15.207498
5 313 1.568225
5 320 13.200177
5 322 5.166356
5 327 3.062056
5 346 3.857993
5 372 7.707376
6 14 4.748334
6 21 14.268510
6 67 12.256719
6 83 10.551745
6 99 7.802098
6 184 16.563879
7 11 19.169483
7 17 6.408250
7 19 6.081231
7 25 8.346952
7 134 4.340027
7 150 17.862671
7 237 16.642241
7 249 12.483143
7 280 1.776128
7 295 10.667614
7 336 1.693060
7 390 10.825642
8 9 4.351572
8 15 4.304375
8 20 13.752514
8 31 7.921146
8 50 7.229616
8 66 13.548623
8 80 18.559501
8 102 16.513941
8 126 18.722112
8 147 13.949880
8 151 11.972629
8 154 10.604794
8 177 2.914419
8 257 19.482520
8 315 4.225174
8 321 16.306503
8 363 7.579717
8 369 6.489925
8 380 11.073757
9 12 7.977923
9 20 19.651089
9 24 19.186214
9 35 18.908505
9 54 7.803660
9 55 17.107483
9 69 1.175895
9 90 13.429515
9 104 6.194278
9 114 12.636359
9 125 1.839858
9 161 15.488453
9 173 17.688147
9 202 11.234906
9 238 19.460252
9 249 15.448742
9 261 10.747613
9 290 10.480578
9 320 18.298423
9 343 12.532286
9 396 13.322649
10 13 19.957482
10 133 2.335263
10 180 9.234524
10 233 14.480666
10 303 8.421070
11 14 11.376123
11 15 17.150413
11 18 14.896104
11 21 9.890374
11 37 11.330937
11 44 16.089037
11 108 12.428611
11 152 3.647916
11 193 18.263252
11 225 11.792054
11 264 3.697543
11 306 4.136372
11 309 8.062790
11 323 18.917788
11 370 16.755284
11 393 10.109459
12 64 14.065692
12 114 13.638411
12 182 5.180809
12 195 10.404549
12 282 2.682452
12 348 2.928282
13 30 19.423679
13 36 12.450678
13 52 2.837518
13 79 1.269374
13 172 9.781815
13 199 10.369372
13 252 2.440683
13 381 2.860454
14 32 2.377622
14 53 12.659176
14 95 8.178562
14 104 2.883855
14 143 5.438277
15 19 13.142280
15 27 13.793363
15 43 11.418287
15 45 12.112526
15 54 14.599754
15 85 17.483979
15 92 17.082072
15 96 8.472217
15 113 5.294194
15 120 17.957944
15 142 5.198965
15 275 2.737845
15 304 3.357891
15 332 11.405315
15 340 14.525878
15 342 14.035412
15 344 16.737148
16 65 11.929082
16 99 18.168297
16 145 15.516473
16 310 9.766030
16 329 16.872927
17 52 4.820873
17 214 10.597454
17 259 15.253862
18 27 15.918061
18 49 2.743189
18 89 18.879960
18 245 19.041149
18 348 12.632194
19 238 13.904800
19 269 13.716005
19 286 4.145088
19 325 14.393052
20 73 4.521227
21 24 12.476621
21 26 7.394551
21 41 7.937236
21 68 10.665842
21 86 11.300389
21 92 14.642510
21 148 17.572581
21 183 15.938160
21 248 16.563899
21 266 5.666671
21 280 17.109824
21 305 3.936740
21 390 14.062242
22 23 16.340747
22 30 14.264690
22 51 1.282622
22 61 13.792262
22 70 14.583107
22 80 5.941652
22 135 7.182294
22 147 7.095857
22 202 6.824926
22 340 14.298956
23 115 9.312133
23 337 14.360000
24 28 3.486870
24 29 10.045236
24 34 10.341325
24 41 12.266479
24 45 12.299731
24 46 5.723943
24 69 5.383686
24 77 17.991210
24 91 11.066738
24 108 4.463058
24 112 12.946545
24 122 11.864267
24 124 16.155750
24 172 2.435680
24 286 19.656475
24 394 4.293507
25 40 8.697516
25 171 7.115656
25 197 18.489646
25 215 14.179852
25 292 8.636569
26 42 15.557600
26 59 11.509333
26 83 13.271483
26 121 2.624131
26 139 19.731150
26 171 19.256761
26 179 9.396768
26 222 16.425414
26 259 4.228442
26 298 17.650225
26 301 9.875011
26 355 7.849555
26 387 15.097041
27 60 17.958992
27 176 1.423878
27 188 7.724681
27 242 7.097390
27 296 2.213033
28 101 6.312546
28 236 9.959567
29 40 16.327157
29 47 8.566406
29 58 13.387265
29 77 19.104600
29 224 2.982220
29 236 4.632308
29 294 15.206402
29 379 5.434836
30 53 15.338729
30 86 9.540264
30 103 19.426005
30 130 16.118253
30 160 13.524263
30 166 6.553639
30 185 6.417966
30 281 18.675843
30 317 5.202345
30 350 8.323383
30 384 11.354324
31 68 4.256037
31 284 16.588177
32 51 17.854743
32 153 1.608468
33 46 1.236883
33 174 8.308514
33 366 12.859398
33 381 9.730302
34 74 15.895218
34 79 4.860686
34 110 10.001574
34 113 19.658613
34 201 3.550046
34 240 12.049719
34 290 10.396481
34 303 16.697904
34 346 18.406171
34 359 1.655205
34 393 11.165239
35 37 9.265223
35 39 15.189800
35 56 14.151713
35 73 1.729101
35 129 7.495967
35 184 9.569531
36 39 9.566131
36 180 3.014136
36 260 19.388879
38 149 12.927430
38 197 4.302814
40 59 16.085067
40 60 10.370978
40 66 4.654469
40 94 10.455377
42 118 9.462848
42 188 13.574544
42 192 4.950701
42 265 4.074613
42 321 13.821261
43 62 2.911686
43 138 3.280211
43 250 9.846265
43 275 1.351016
43 285 5.440362
43 362 1.911096
44 67 5.914113
44 97 1.424353
44 98 10.150989
44 227 13.408259
44 315 7.778871
45 220 18.605537
45 263 11.954112
45 285 8.510098
46 273 16.634972
48 109 6.845169
48 165 17.925927
48 216 12.518065
48 279 15.029175
48 313 17.426454
48 333 15.605659
48 345 7.274373
48 351 10.543755
48 356 9.725859
49 111 6.844280
49 192 19.798341
49 205 14.831470
49 230 7.672964
49 235 14.670277
50 131 5.658380
50 271 1.031594
51 94 9.228862
51 141 15.043469
51 154 6.479620
51 158 8.021625
51 221 13.768625
51 262 1.362038
51 289 11.702158
51 314 11.823064
51 374 7.979436
52 57 1.064430
52 58 17.495185
52 81 18.035307
52 84 5.004597
52 87 6.594431
52 88 11.803199
52 96 13.005574
52 219 2.390308
52 338 2.790789
52 388 5.281047
53 75 17.083772
53 93 5.076785
53 141 5.426866
53 143 6.859305
53 337 14.518672
54 140 1.991683
54 162 19.063130
54 226 18.771120
55 152 10.476388
55 221 19.187587
55 251 6.535350
55 385 5.482757
56 63 18.229113
56 110 3.163728
56 116 2.913331
56 121 14.322188
56 123 10.216412
56 201 17.072613
56 267 16.801424
56 360 2.055315
56 387 12.811556
56 399 10.348280
58 103 16.131074
58 119 2.633230
59 70 14.258797
59 95 2.264838
59 251 17.536089
59 377 3.728115
60 71 2.528724
60 107 3.491112
60 157 7.698806
60 170 13.134506
60 237 8.280535
60 272 1.429392
61 102 12.783500
61 127 8.412064
61 158 7.568112
61 255 17.902244
61 284 5.399781
62 161 18.680378
62 178 8.546106
62 368 9.049122
63 89 16.960721
63 187 1.375009
64 131 14.670241
65 90 13.470651
65 93 14.848107
65 232 4.307957
67 72 11.306007
67 148 6.525566
67 199 7.093324
67 325 10.279139
68 311 6.259024
69 167 17.365394
70 84 7.170486
70 130 11.263303
70 211 10.065504
70 294 6.058329
71 100 9.825157
71 194 14.506555
71 224 8.712929
71 247 15.594832
71 353 16.474925
72 123 19.673368
72 132 14.677273
72 142 15.546029
72 167 4.440014
72 186 19.323132
72 220 10.097336
72 235 2.581346
72 241 11.274454
72 372 15.218527
73 82 3.226215
73 316 9.968309
74 101 19.417882
74 168 9.719435
74 289 2.309042
75 87 19.373404
75 206 2.729558
76 194 2.750654
76 276 19.348831
77 185 14.974463
77 248 13.799573
77 305 7.317170
77 328 12.279744
78 81 19.796329
78 97 17.507089
78 112 1.368194
78 163 18.533472
78 332 8.284856
78 384 11.486681
79 91 4.629484
79 163 18.413959
79 186 2.438547
79 187 16.052389
80 85 7.638276
80 119 4.644977
80 183 14.771954
80 357 7.499933
81 145 16.907698
81 159 4.070995
82 127 2.604040
82 128 7.997960
82 136 12.960633
82 211 11.371580
82 234 8.742090
82 291 12.758865
82 312 15.820550
82 319 9.622054
82 371 19.120308
83 226 19.879511
83 379 1.204026
84 136 11.720148
84 244 8.163241
84 262 9.779399
84 347 10.126798
85 150 9.100573
85 307 15.325355
85 308 15.252364
85 385 6.769387
86 253 9.249802
86 371 13.428755
87 117 13.247249
88 350 10.952742
89 326 15.785273
89 334 10.795416
91 100 7.047701
91 140 17.718449
91 164 8.130474
92 297 19.533572
93 144 2.705571
93 156 12.158643
93 210 8.070631
93 330 12.588136
93 395 17.668484
94 266 7.082470
94 355 15.177833
95 109 11.044466
95 173 5.646173
95 278 2.111325
96 208 6.378065
97 128 18.518767
97 175 14.412458
97 206 14.331027
97 370 5.115864
98 176 15.637554
98 331 9.059380
99 352 4.520266
100 118 1.648423
100 162 2.289033
100 261 5.788823
100 361 17.389390
101 111 17.199821
101 125 14.251018
101 380 19.781846
102 190 16.251690
103 129 10.112616
103 169 1.751905
103 219 12.308361
103 227 11.665962
103 240 7.307863
103 277 6.291069
103 354 17.307284
104 239 15.236838
104 271 2.902810
104 317 12.729339
104 373 12.756634
107 263 15.937569
109 116 10.447219
109 137 2.969045
109 149 10.550803
109 396 7.478504
110 134 1.196501
110 146 1.448654
110 160 12.270655
110 207 12.827160
111 178 1.135029
111 190 10.957287
111 212 11.227892
111 258 16.301138
111 378 3.665889
112 193 9.025057
112 267 2.031639
114 230 2.939734
116 135 11.514208
117 196 13.981294
118 122 8.126632
118 137 3.920234
118 156 6.856447
118 203 8.620244
118 242 18.890038
118 368 3.886935
118 394 10.431542
119 153 7.637344
119 213 11.808201
119 229 13.945137
121 265 9.246197
122 138 7.656729
122 241 17.751455
122 243 18.852809
122 304 9.351396
122 359 2.007557
123 209 17.994899
123 218 3.785010
123 228 16.990546
124 281 1.687816
124 318 4.982092
125 343 19.527958
127 204 1.016911
127 215 8.079057
127 288 8.691298
128 349 8.005332
129 133 15.665721
129 181 1.201790
130 132 1.938708
130 139 10.915323
131 203 14.911666
131 378 5.278652
132 277 14.559169
133 270 2.339846
134 307 9.684711
135 164 6.494583
135 365 6.525518
138 146 7.937608
138 198 6.035175
138 254 8.241356
138 391 4.379375
139 144 3.215596
139 159 5.668238
139 181 8.708719
139 351 16.118024
142 257 17.570633
145 245 12.458300
145 314 10.454893
145 326 6.456827
145 335 8.546127
146 229 18.510784
147 268 14.952916
147 395 17.985025
148 174 9.456006
148 287 18.248923
149 151 12.433276
150 293 4.730461
152 204 11.994354
153 274 18.840912
154 244 8.253259
154 255 13.277085
154 354 12.621544
155 177 12.210102
155 208 2.077054
158 392 17.090758
160 302 15.203748
160 329 1.728428
160 382 10.947989
161 287 4.683782
162 243 19.258790
162 345 10.043055
165 200 19.902800
165 231 10.783613
165 250 4.905022
165 254 3.406962
165 365 17.124974
168 205 4.068447
169 398 6.306754
170 222 15.631806
170 234 10.425688
170 300 5.791171
171 200 4.064789
172 298 16.359329
174 189 12.391724
174 218 1.518292
174 312 5.340905
174 333 6.032579
179 252 17.654545
180 223 12.511359
181 382 18.883098
183 191 14.907025
183 328 7.666133
185 264 10.044130
186 189 14.179784
186 344 7.966921
189 339 8.451556
191 207 19.950156
192 383 18.665762
193 292 19.149014
194 274 1.961088
195 196 13.717345
195 239 6.184413
196 256 13.008757
197 246 10.479209
197 269 10.030498
198 209 4.420926
198 293 1.567623
198 296 14.739047
201 297 3.948952
203 272 10.555240
204 308 6.969584
205 217 5.319321
205 231 13.520678
205 360 10.542149
205 397 12.322591
206 273 1.774063
206 319 6.496037
206 398 4.669364
207 299 14.539660
207 316 13.461563
207 389 9.889344
208 383 18.593561
210 358 2.321787
211 279 2.425913
212 223 11.735799
212 299 17.925036
218 369 3.585342
222 342 6.104500
234 374 3.968624
235 300 19.254713
237 389 7.342074
238 310 9.347836
249 270 7.077803
251 256 6.683808
251 276 7.683415
251 327 9.357843
256 324 4.165757
257 324 12.333228
258 336 9.457901
259 278 8.771540
259 283 9.446455
259 362 7.511399
262 363 5.033138
268 339 15.152512
269 291 1.640939
270 335 11.917876
275 323 10.665076
284 376 8.947432
289 341 7.858107
289 358 15.999525
290 309 18.395123
290 377 14.292272
292 330 4.373873
298 367 2.672935
301 388 15.539141
302 364 6.567331
307 399 8.783454
309 311 15.073327
309 367 15.514511
314 386 6.690468
316 352 1.987572
317 331 12.558334
319 353 3.307224
324 366 1.074429
325 376 18.943038
326 375 15.250634
326 386 11.929021
327 391 2.523014
331 341 11.188819
331 356 1.503935
334 349 3.739407
339 392 9.298021
360 361 8.376486
15.393736 22.505648 22.382818 16.883713 16.630464 9.139530 7.549700 5.585268 5.921762 24.545544 21.074611 7.929274 6.566926 18.676911 5.805183 19.986642 8.015680 12.006541 20.638445 21.401887 9.813333 20.681737 24.314028 23.655868 12.655821 6.578462 9.647351 17.607034 20.254143 12.413704 5.404106 19.809805 18.089739 12.922484 22.878794 14.408185 5.552732 24.844888 7.393483 16.221598 17.756713 5.572682 6.394712 23.033336 19.617408 18.590546 19.703225 6.443546 20.630795 22.980717 14.551885 11.442405 6.942156 6.326503 10.950183 17.937088 21.926380 9.853405 20.122302 19.770770 11.210417 13.928049 11.003246 12.342310 22.450111 6.034135 23.663709 14.637411 23.295552 7.592541 7.687272 21.902287 22.791292 9.901073 16.471884 16.584790 24.681799 11.455783 12.532647 14.537692 6.692661 11.656587 7.288935 17.006003 10.367788 14.718107 11.424690 10.634441 11.625695 11.340172 8.256425 18.086468 12.574276 8.776581 11.202063 22.675183 23.604585 22.500720 17.423176 9.898822 10.458293 7.098572 5.075986 17.498230 6.667058 8.589893 13.656721 13.512267 5.338330 20.251362 23.269185 11.786267 12.401431 22.876125 22.229121 12.154634 12.084657 14.087111 22.895632 10.720766 5.938360 7.093560 17.777209 12.787412 9.660800 18.084924 8.662175 10.234625 5.197849 7.174781 14.111433 21.528294 13.208266 18.232986 18.746370 11.867329 11.507919 18.825927 20.407340 5.874042 10.320284 8.620194 7.312845 8.021813 23.529684 12.076407 12.272719 24.722038 22.121835 11.753782 10.845593 19.383816 20.415454 19.953853 17.242528 20.151993 9.590170 21.960413 14.768478 11.994278 16.834710 7.058383 17.428861 6.681364 20.321334 22.921960 9.043514 19.897255 20.992000 23.577407 9.213472 24.092774 23.251400 20.831081 10.931644 12.266529 15.643379 7.334785 11.045484 5.648521 18.468461 21.312746 10.906416 8.728228 15.912943 20.452083 22.911775 13.251253 11.998395 17.267811 11.929542 20.604279 17.374803 20.152905 16.879547 13.784915 21.892819 5.811391 8.337480 20.495045 8.628333 20.077675 9.159934 12.526888 10.486571 16.550796 21.179631 24.481644 16.370246 6.408707 15.987564 7.713026 12.758410 21.714729 19.241331 7.030576 16.232709 22.730652 7.827282 21.143010 24.048135 14.915067 13.290359 9.910250 19.223985 5.362837 18.929014 14.594072 15.811270 21.507652 16.805001 14.635189 20.315343 19.142614 18.569269 12.958174 5.994209 14.786556 24.091521 21.910508 14.599208 5.554746 7.508442 19.170479 7.961223 20.260689 14.326932 13.304117 12.350696 6.732123 6.725028 10.560997 24.118000 7.138020 9.576426 7.828654 6.993241 12.744973 21.962095 19.635336 11.894410 20.712931 22.589438 21.850777 24.764400 15.069113 17.904153 6.807532 12.654599 17.872471 18.337390 9.354057 19.625694 8.659886 8.565675 22.551158 20.595009 12.289180 7.035164 22.869243 7.461928 12.851386 8.712427 5.900243 17.871561 10.636588 11.875592 18.642843 16.399378 15.454327 7.363428 21.246875 11.888152 12.830538 23.551737 7.558257 15.229934 22.417119 10.295792 7.034098 22.836052 16.292478 20.537484 17.984855 24.936005 18.752597 19.871928 12.073743 11.308349 22.372612 5.098295 9.628201 23.713635 11.460756 20.003088 15.372461 11.563995 20.991198 19.138754 13.445268 6.645585 5.458915 6.901340 21.586704 5.935610 15.643036 16.102264 16.436002 24.861071 15.832674 23.642339 21.645055 9.891940 24.229031 9.450308 14.972141 15.672889 8.112962 19.822710 21.290832 7.198143 17.928705 12.505140 9.402481 10.774484 7.253002 6.741047 14.683021 22.147419 22.204867 14.729001 11.896700 15.906901 24.783387 23.434588 11.978982 21.973841 19.645619 14.641955 13.365631 7.887507 17.232890 19.088126 17.735763 17.622885 22.584744 20.977837 24.560560 17.342399 22.102328 12.664451 13.251531 19.187671 23.142035 9.402388 18.832161 20.817421 16.876149 24.330673 8.874884 18.935799 22.011966 18.452289 23.770424 21.512809 16.514243 5.833302 22.730703 9.786791 5.607069 9.291073 23.833539 12.419397 21.484770 7.364001 18.929600 7.925394 19.143400 20.888589 15.338386
26
75
0 2 9.980629
0 16 5.697358
0 19 8.258319
0 20 4.928324
0 21 8.233885
0 24 7.600005
1 7 3.980726
1 9 2.113206
1 10 4.617446
2 6 3.424926
2 8 6.406585
2 9 4.367414
2 12 5.935112
2 13 7.626207
2 14 2.775398
2 19 9.225211
2 20 5.458069
2 25 4.931876
3 5 4.706635
3 6 2.651077
3 13 2.731413
3 15 4.110902
3 16 3.284555
3 20 1.439034
4 8 5.159001
4 11 7.075651
4 13 4.305674
4 22 3.775301
5 7 3.415101
5 8 1.079446
5 12 3.244988
5 16 1.211988
5 20 5.286819
6 13 6.589853
6 15 6.978826
6 21 5.474882
7 9 9.086429
7 14 2.427203
7 25 1.768838
8 9 8.052309
8 11 5.611556
8 18 2.790161
8 22 3.411227
9 14 9.336943
9 24 9.133770
10 11 8.118565
10 13 1.625939
11 14 4.568231
11 17 9.065330
11 21 3.243187
11 22 9.018659
11 25 7.749306
12 21 3.100543
12 24 8.227016
13 14 9.663696
13 17 7.642517
14 17 8.282384
14 18 5.164181
14 23 4.902756
14 24 2.097170
15 18 6.119619
15 25 1.106299
16 17 2.899447
16 18 7.335680
16 20 2.751957
16 21 3.822225
17 20 5.965566
17 22 7.701241
17 25 6.097046
18 24 9.023272
19 21 5.230313
19 23 3.376008
21 23 6.399557
22 23 7.742373
22 25 7.875071
478.348995 371.217365 262.177739 409.985600 460.655609 367.348415 321.337345 418.783959 509.510014 297.075239 377.471311 359.462193 285.961988 370.296382 477.900803 277.423151 303.575904 377.284454 308.166490 316.211996 239.567165 307.584605 388.679006 294.742706 228.256456 357.094385
