400
797
0 1 18.890132
0 2 17.854005
0 3 9.873716
0 4 6.182868
0 5 18.434141
0 9 13.935830
0 10 8.219134
0 11 16.739378
0 13 15.944532
0 16 5.330597
0 20 12.232513
0 47 7.674538
0 49 8.905047
0 54 18.710860
0 58 16.853471
0 75 5.537916
0 78 8.751461
0 102 1.876962
0 104 17.097555
0 115 19.889870
0 164 17.744357
0 185 2.933751
0 186 15.406273
0 190 10.799465
0 225 8.405845
0 230 19.180828
0 264 12.338006
0 295 19.284200
0 302 16.967326
0 305 8.182530
0 343 6.555538
0 351 14.469920
0 383 2.113492
1 2 12.867676
1 14 3.211073
1 24 18.400146
1 28 14.683142
1 36 2.804492
1 42 1.437727
1 59 5.689856
1 92 12.429010
1 102 4.898856
1 107 10.429630
1 109 7.992716
1 143 11.623612
1 169 16.213752
1 176 4.707580
1 239 6.271393
1 253 2.590795
2 3 17.128096
2 4 18.044209
2 12 7.365594
2 21 6.298983
2 23 8.291569
2 28 14.164372
2 29 11.802967
2 34 2.316622
2 70 17.639036
2 76 8.442652
2 86 1.560509
2 100 5.878303
2 112 14.126070
2 119 3.626580
2 174 11.282557
2 183 19.438378
2 202 10.036624
2 211 8.555155
2 234 12.459108
2 240 10.731021
2 287 4.177339
2 396 12.746645
3 6 11.998883
3 7 15.636584
3 8 15.527299
3 11 18.027407
3 12 14.874766
3 21 4.700638
3 27 14.109408
3 31 19.467911
3 39 14.175692
3 60 5.674679
3 70 4.551826
3 81 15.870379
3 82 19.817140
3 87 16.604799
3 101 8.805231
3 142 5.291782
3 172 11.552978
3 199 5.168457
3 208 18.021342
3 246 15.127773
3 270 8.121311
3 275 16.230365
3 290 12.102418
3 295 1.743085
3 333 17.412627
3 344 8.611007
3 354 3.743094
3 377 4.371161
3 384 16.641002
4 5 17.723213
4 6 5.294978
4 7 10.229614
4 15 9.510704
4 37 5.859601
4 53 4.243666
4 62 8.459956
4 66 16.395799
4 71 16.367552
4 72 18.034384
4 122 18.114445
4 193 15.532302
4 223 6.960083
4 249 3.259406
4 330 13.268907
5 15 11.383455
5 65 7.929090
5 88 14.933830
5 89 11.205137
5 103 1.955638
5 120 14.583331
5 133 6.103398
5 134 3.702072
5 154 4.847476
5 156 19.454508
5 162 4.167924
5 167 11.915422
5 222 17.746744
5 241 6.964238
5 259 3.646986
5 291 8.109722
5 362 3.870922
5 395 17.449236
6 8 16.391862
6 9 4.971050
6 10 2.021676
6 14 1.809333
6 19 13.510742
6 22 18.812786
6 23 10.025684
6 24 3.821884
6 26 16.375777
6 32 5.803227
6 35 18.008297
6 41 2.716840
6 47 1.092531
6 57 4.693230
6 63 18.747233
6 72 17.957864
6 74 2.568615
6 77 1.354444
6 82 3.597175
6 85 15.705001
6 100 13.731821
6 113 8.630295
6 114 9.490033
6 125 3.383234
6 141 9.852927
6 156 6.735495
6 171 9.536898
6 180 1.796243
6 190 2.628543
6 203 16.667527
6 219 6.660628
6 239 16.685360
6 289 5.804331
6 326 18.459843
6 364 8.082711
7 266 10.600342
8 16 7.361789
8 17 19.574781
8 18 19.503639
8 22 2.203617
8 25 4.805042
8 26 2.852964
8 29 4.922173
8 31 10.465366
8 35 13.761905
8 40 13.491749
8 44 1.623993
8 46 1.903174
8 49 9.380931
8 51 8.708403
8 56 18.645931
8 69 5.539630
8 79 18.489922
8 106 3.378516
8 118 13.354279
8 120 11.757630
8 150 18.611746
8 159 18.053322
8 192 4.650486
8 209 16.709553
8 220 3.849853
8 232 10.001018
8 247 1.386623
8 255 6.312972
8 285 3.622533
8 286 15.986663
8 310 13.920895
8 336 10.169002
8 349 2.731192
8 380 17.977428
8 393 10.678288
9 13 10.980413
9 17 8.637230
9 54 15.772378
9 65 11.092376
9 89 12.178626
9 93 14.074844
9 96 8.764882
9 116 7.050614
9 125 7.841339
9 144 8.972195
9 157 4.740974
9 163 6.041636
9 194 13.750148
9 201 18.640242
9 322 15.813336
10 27 7.443631
10 37 14.192375
10 43 17.129322
10 88 13.188791
10 108 4.790261
10 137 11.584875
10 202 19.608042
10 214 7.642812
10 235 4.337583
10 238 19.310076
10 267 8.872097
10 381 2.741575
11 20 9.595192
11 55 7.782301
11 242 3.982217
11 299 14.964752
11 357 9.966723
12 30 10.217437
12 50 10.439187
12 73 6.729750
12 110 1.692934
12 132 5.976639
12 232 2.159856
12 246 4.088937
12 345 4.916359
12 389 11.143944
13 41 16.549031
13 56 6.638690
13 84 14.816671
13 105 16.859441
13 127 10.563097
13 139 15.517151
13 146 6.800414
13 260 14.720171
13 341 1.038918
13 371 10.618466
14 68 4.999752
14 90 13.761884
14 159 13.633734
14 196 3.685014
14 271 14.397960
14 362 1.102138
15 18 1.082892
15 30 9.830241
15 44 18.003111
15 60 14.825557
15 69 8.830060
15 109 15.885754
15 150 15.055638
15 187 13.839703
15 189 7.518469
15 198 3.721418
15 218 1.782227
15 256 8.882181
15 296 3.183425
15 358 19.593352
15 370 17.174974
15 378 4.163578
15 392 8.147557
16 38 16.784963
16 50 1.884984
16 61 19.749168
16 62 4.810739
16 117 11.308330
16 138 10.475157
16 144 3.703206
16 145 6.435255
16 205 18.665439
16 268 5.225481
16 314 5.542066
16 342 9.013292
16 385 5.498825
17 33 17.289571
17 53 3.029820
17 126 17.942718
17 229 6.083824
17 240 8.495994
17 250 9.235955
17 261 9.255300
17 276 3.279957
17 301 1.872326
17 325 8.122205
17 339 16.627102
17 372 15.841605
18 19 9.201313
18 42 4.608315
18 97 16.963590
18 101 7.606061
18 108 3.972411
18 127 14.056535
18 128 13.633259
18 129 9.955837
18 149 11.819303
18 197 1.894417
18 229 13.241857
18 254 7.667756
18 273 3.974005
18 375 7.947812
19 46 19.552837
19 64 11.222846
19 91 3.730814
20 45 7.724966
20 51 8.137081
20 166 17.283970
21 40 5.112292
21 61 19.381074
21 280 13.266249
21 396 19.255808
22 36 14.750786
22 57 6.321962
22 83 18.743388
22 112 4.342184
22 130 14.567971
22 155 9.386054
22 244 15.494149
22 317 13.726812
22 334 6.413360
22 398 3.728412
23 25 9.304370
23 33 14.049897
23 94 17.418503
23 178 13.723622
23 374 19.926726
24 45 5.809829
24 63 16.912118
24 135 2.485760
24 258 8.619237
25 132 4.751488
25 151 14.571718
25 255 15.888666
25 289 14.511060
25 334 10.320830
26 71 19.928246
26 93 8.807409
26 200 1.519650
26 210 13.966703
26 310 5.855579
27 52 17.268517
27 140 14.615036
27 186 15.387046
28 81 5.692782
28 105 13.052580
29 32 7.824782
29 92 6.359649
29 106 7.317896
29 149 3.998904
29 157 3.747683
29 250 11.963806
29 282 17.255230
29 309 12.389121
31 67 19.594042
31 110 19.311887
31 193 16.962966
32 34 3.986669
32 48 15.317444
32 52 16.961867
32 143 2.137398
32 182 13.828333
33 38 12.632892
33 39 19.459462
33 64 6.247512
33 90 14.993754
33 218 17.133445
33 220 7.450836
33 311 4.690053
34 58 18.854275
34 115 19.533349
35 87 12.500252
35 122 11.161631
35 131 18.697873
35 170 17.195654
35 173 5.819648
35 204 2.864323
35 290 16.939333
35 346 2.343090
36 43 3.583772
36 66 15.222269
36 74 18.247240
36 179 3.761490
36 279 7.467039
36 285 13.786218
37 91 10.188698
37 188 2.240931
37 315 13.508610
38 170 9.402323
38 265 1.827072
39 79 18.383263
39 119 16.499916
39 131 10.394102
39 153 14.352984
39 168 19.639522
39 282 1.727453
40 67 11.395120
40 94 12.297996
40 262 7.365836
40 300 12.197081
40 324 15.962546
40 353 19.299012
42 48 7.496604
42 99 15.556001
42 123 15.835987
42 153 7.084434
43 55 14.223297
43 68 13.243380
43 75 14.519618
43 77 6.163499
43 84 4.696515
43 114 12.167756
43 263 2.092104
43 387 7.579608
44 98 13.764809
44 394 15.792675
44 398 5.438821
45 95 1.679753
45 96 12.218142
45 121 8.344198
45 145 18.830104
45 195 16.674247
45 248 14.053787
45 263 3.642368
45 301 8.181805
46 332 1.766239
46 348 7.501724
47 59 17.261667
47 78 13.921923
47 103 2.492929
47 148 8.851599
47 328 14.207401
49 86 17.338136
49 172 5.230477
49 199 2.497252
49 247 19.272455
50 337 1.919151
50 339 2.698232
51 138 16.655367
52 80 14.252272
52 168 16.854567
53 80 5.705488
53 226 16.449478
54 133 3.450105
54 146 3.508815
54 162 19.832009
56 97 2.723664
56 209 15.131886
57 248 15.732181
62 231 17.805024
62 309 4.109382
63 118 18.327578
63 206 5.624757
64 116 9.174361
64 184 19.180090
64 277 10.562629
64 283 5.052599
66 206 4.055021
67 124 1.708499
67 191 9.634603
68 147 10.046998
68 175 4.997608
69 147 5.695061
69 319 13.064140
69 321 2.701842
70 73 2.489046
70 135 4.129531
70 158 3.845773
70 272 11.639359
71 76 15.838293
71 117 13.308236
71 205 10.333089
71 252 8.935222
72 151 18.689466
72 215 4.248809
72 221 15.354620
72 297 4.284607
73 95 17.279369
73 136 4.558740
73 256 8.623283
73 368 19.958965
75 121 18.244846
76 284 15.645738
77 173 13.837816
78 85 1.212727
78 98 12.903000
78 233 13.789489
78 268 18.671468
78 303 8.367694
78 365 1.541598
81 141 13.875214
81 210 10.281393
81 215 3.047775
82 83 2.226804
82 129 6.412339
82 358 16.998864
83 111 13.807317
83 161 7.246827
83 187 9.634392
83 261 13.411515
84 356 18.198749
84 359 12.456815
85 158 9.833972
85 217 11.350027
86 346 10.931627
86 357 8.618665
87 177 2.700364
87 180 11.062756
87 196 19.502747
87 245 17.909714
87 329 1.462224
87 356 1.526834
88 128 11.951996
88 296 18.824454
88 386 4.697511
89 111 5.421628
89 336 17.895825
91 99 18.635258
91 107 10.392618
91 154 8.570174
91 160 8.527002
91 242 10.053438
91 292 16.302360
92 104 5.840339
92 325 19.963142
92 365 11.699470
92 381 8.742987
93 181 2.393735
95 224 11.635365
96 281 7.299178
97 142 3.248216
97 331 17.610186
97 351 15.966829
97 374 1.836098
97 382 13.191880
98 347 19.117812
99 137 4.231843
99 194 18.472107
99 207 8.443397
99 221 9.978460
99 266 8.709724
100 134 18.678231
100 277 18.910960
101 161 8.787683
101 191 19.426023
101 275 7.445861
101 288 6.568583
101 327 18.988599
101 373 10.850761
102 163 9.409883
102 236 2.395002
102 237 2.106719
102 270 12.128995
102 326 10.121914
102 363 4.602708
103 136 15.428566
103 259 6.536545
104 244 17.160587
104 251 4.963728
104 330 3.489316
108 177 13.092555
108 192 9.481436
108 308 7.464134
109 123 2.436218
109 299 12.956240
109 332 16.008039
110 113 2.068541
110 175 17.808250
110 184 5.723772
110 185 8.843329
110 200 6.008008
111 130 13.125468
114 126 9.339398
115 139 14.286055
115 140 8.403511
116 287 14.422188
117 284 14.819383
117 393 9.365983
118 216 7.594485
119 165 3.988812
119 251 2.974635
119 369 6.126037
119 391 10.179942
120 152 19.849741
120 183 18.926565
120 307 8.463807
122 155 10.150469
123 124 19.142637
124 376 1.441521
125 227 6.121101
125 241 14.797021
125 395 4.720668
126 148 7.485166
126 179 8.661258
126 367 9.920097
127 345 12.228834
128 212 18.103201
128 237 15.987353
128 316 10.196908
129 164 12.448115
129 181 5.725695
130 305 8.429612
130 369 16.026576
131 320 16.462992
133 204 16.113669
134 252 11.210244
134 317 6.248665
135 390 5.110179
137 152 5.771899
138 278 6.480158
140 165 13.076742
141 169 4.717938
141 213 19.850413
142 233 13.486397
143 304 16.902751
144 195 10.431889
144 216 14.933733
144 236 5.103218
146 223 14.476101
149 166 7.095043
149 174 13.253208
149 176 2.826490
149 178 18.422591
149 243 7.904760
149 335 12.090779
149 341 3.104129
149 359 18.919655
149 388 10.422574
150 340 6.458952
151 207 1.680552
151 214 16.944320
151 323 13.234189
151 368 5.223792
152 201 17.281431
152 219 14.617988
152 294 15.566118
154 364 1.195200
155 160 13.947131
156 189 12.614863
158 203 1.115923
158 300 12.844875
159 182 2.788784
161 335 17.942315
161 342 3.401117
162 197 3.262577
163 280 4.302798
164 264 1.345284
165 167 6.957250
165 238 7.556576
166 361 5.923363
167 171 4.972737
167 258 8.126068
167 306 2.779720
167 348 18.921654
170 188 19.602786
170 323 2.522933
171 245 14.621475
173 390 9.677835
177 225 13.165949
178 211 11.647879
178 294 15.691960
179 379 13.757020
181 212 6.844456
183 224 15.998295
184 198 18.749673
184 318 12.667984
185 217 16.135580
187 372 4.593127
188 228 9.782363
188 329 15.231046
189 274 19.564758
190 267 7.907037
191 260 9.350919
191 262 6.762749
191 288 7.607884
193 319 7.744522
194 387 11.888016
195 226 1.132115
196 231 10.447965
196 293 2.882248
197 312 11.806025
198 213 6.815063
198 322 8.404194
198 375 15.399778
202 230 12.756833
203 338 4.081430
204 344 7.358839
204 352 10.235883
205 313 18.651370
206 269 1.381394
206 363 5.209584
207 208 16.035799
207 265 3.281881
207 320 1.498747
207 380 1.151784
208 227 18.683625
208 257 4.550194
209 306 5.328852
211 222 11.812150
211 291 17.119142
212 228 15.960744
213 274 8.908082
214 234 13.493095
215 302 4.310983
217 271 18.463542
218 293 4.832970
219 316 8.220776
220 243 16.240523
220 254 7.747401
220 361 5.727328
221 269 4.410620
222 276 19.809120
222 278 6.686617
222 286 19.395850
222 340 13.605729
222 349 5.174907
224 283 5.446946
224 303 1.861126
225 249 4.729913
226 253 4.411446
226 343 14.154533
228 235 18.974463
229 397 14.493287
230 347 7.187486
232 273 16.078125
232 360 19.994574
232 399 16.540288
234 318 1.378072
234 366 15.077018
235 279 10.636335
235 298 19.250295
238 298 17.406216
239 321 12.179718
239 327 5.520816
243 331 18.173535
243 382 6.290392
244 308 8.807221
245 257 12.812337
253 350 3.187758
255 281 2.955549
256 350 5.745659
258 324 17.906801
258 337 19.703132
259 272 3.955343
259 338 8.413816
260 385 7.966390
261 315 5.481515
262 328 19.326067
274 297 5.933323
274 307 19.919919
274 377 19.251908
277 386 15.163651
278 333 5.076239
279 353 19.272663
279 389 19.646465
281 367 17.723924
282 312 13.484130
282 313 4.688252
285 292 2.860108
286 366 13.186636
292 360 1.121880
296 304 9.142467
296 311 14.059690
298 314 3.333532
302 391 14.099760
303 355 11.919873
304 354 16.890494
305 397 3.385625
310 370 15.467678
318 376 15.750740
326 378 7.889230
329 355 1.647994
342 383 2.234668
346 384 9.148619
347 352 14.019018
347 399 16.188031
348 371 18.712152
351 394 6.137075
368 373 19.369706
372 379 19.890951
384 392 11.857028
385 388 4.002817
12.567107 14.106717 22.565787 20.204784 7.024098 20.721683 7.440381 21.859513 9.527544 5.799344 14.240774 9.573145 17.613077 8.452985 23.849093 17.285209 9.479126 17.776029 20.468071 22.219334 14.381836 10.302895 12.996094 9.002161 22.300699 19.432088 9.868584 22.871362 14.751956 17.506805 16.072496 8.028308 24.526556 16.892215 23.733503 5.729002 10.358970 8.701595 18.000422 13.100591 18.034134 16.049987 5.198645 19.044160 14.067181 19.678422 5.034241 11.418431 22.802393 11.329755 5.877794 9.599444 6.127038 11.290059 21.767698 22.938236 14.474770 14.091389 21.698109 23.851313 22.682788 12.279236 13.792986 22.762989 23.759204 20.772370 7.320960 13.946845 9.640013 7.632349 9.088106 5.430853 20.168155 13.418236 8.547428 23.843202 16.228957 17.175363 5.435403 18.321479 21.179802 15.805888 18.818201 22.259437 14.810247 13.755250 10.212169 10.711584 23.958877 23.737301 20.329717 20.907155 8.851638 11.490710 23.671145 11.833248 19.951076 23.098212 19.946919 20.417650 18.028170 7.258116 17.338438 14.465578 11.391147 5.894875 23.017651 24.315501 17.666400 18.961951 6.585642 14.522905 18.151825 24.327174 8.457839 5.630372 23.015139 17.383419 20.987331 6.649448 6.941109 7.875764 12.153719 23.926495 7.462084 11.872456 6.272343 18.184721 14.232538 10.927102 12.755584 22.504084 18.672690 6.208201 10.459692 13.254518 10.112424 24.918484 15.859786 13.592279 16.339279 16.998691 5.374358 7.085618 17.974006 9.496577 13.537072 15.443877 20.000817 21.049441 16.965142 23.964063 19.810272 17.854053 22.778834 6.649178 5.229417 16.908000 24.611684 19.403388 13.453891 9.623613 8.335155 6.437530 16.128874 9.277860 19.106965 9.807472 14.809088 22.225875 16.249989 12.840049 13.952743 6.728790 18.640799 9.494115 5.863739 8.118260 8.396153 16.261616 7.296308 15.176536 23.748715 19.252946 13.515500 13.911277 16.007562 23.533882 10.354074 20.537434 8.126360 23.308292 12.218522 17.789852 16.524176 23.582752 9.408377 16.732371 7.970280 22.514369 20.562083 7.692658 23.802889 5.212728 15.257573 17.040535 6.312739 23.591983 9.866323 17.063055 9.968484 8.270370 7.974998 11.836711 7.597768 11.574480 6.575813 22.051172 10.863235 18.374563 22.717030 11.139628 20.931868 18.141418 7.601925 14.620876 18.500265 12.202113 15.390816 20.869633 16.786720 19.897596 10.800479 22.005174 16.875782 15.407387 16.419390 17.949203 21.756750 21.761740 16.286266 7.143637 11.661021 19.082544 23.549403 23.699010 9.043057 5.167341 15.557628 20.089676 21.333808 13.516236 8.678878 6.096452 17.829939 19.327351 15.212685 14.728797 5.521204 8.833495 16.804673 16.222342 10.803838 17.168497 14.924746 19.207073 5.517922 13.642766 5.571790 11.987245 9.863158 5.428130 18.774177 5.510964 20.893993 9.877456 6.938069 8.814644 19.891360 21.854816 11.333874 10.115970 24.483822 11.958259 17.147710 6.473474 19.952921 9.739878 20.434466 11.340411 17.256102 9.941208 10.800765 24.312311 5.663572 6.632369 18.250729 23.075931 5.636061 20.843950 21.069289 6.270860 22.418540 8.172338 14.993632 17.742763 7.829164 18.076655 7.252335 15.851655 14.463376 19.517574 6.056705 10.067319 20.985446 12.616622 10.956557 6.223379 17.405167 15.335282 17.461991 7.623988 8.959352 22.635896 12.232224 5.887269 23.958430 10.294002 20.147417 19.163360 12.528217 5.412951 10.109610 12.077790 12.530438 13.641811 21.343840 23.840877 5.166263 7.941385 20.367894 5.830187 10.677148 10.619608 10.916435 8.723780 20.478978 9.173854 21.700783 23.199802 6.573049 19.116957 5.389804 6.534818 12.495335 12.387193 23.766995 5.638023 17.010398 7.111295 20.499447 14.663572 9.051231 17.024525 23.799658 23.641976 5.588451 23.875315 5.918949 15.058936 17.300112 16.338190 8.917140 10.694532 11.389479 6.956990 7.245164 15.499131 17.947500 5.621955 22.530237 20.222426 10.018517 17.520505 9.327772 12.732479 24.695215 10.477139 12.824026 16.448568 10.871370 12.049911 19.621281 24.332812 17.005014 9.937520 14.709008 11.369061 7.850563 10.272287
26
59
0 3 1.884660
0 23 3.155737
1 10 7.975894
1 13 1.592906
1 16 6.276306
1 19 8.268422
1 25 4.149532
2 4 7.614933
2 16 5.960826
2 20 5.730321
2 23 2.246818
2 24 8.711580
3 4 5.234960
3 10 1.564121
3 13 4.555470
3 20 5.067537
4 12 1.298124
4 25 9.808136
5 9 5.881739
5 12 8.311185
5 16 7.831740
5 18 1.588214
6 13 7.546153
6 17 7.407765
6 19 6.296281
7 13 7.769934
7 17 7.878277
7 20 4.594224
7 25 8.987457
8 9 8.034135
8 13 4.519061
8 15 6.635098
8 18 8.519193
9 13 7.396664
9 20 1.530102
9 22 3.453321
9 23 6.649312
10 14 9.722467
11 18 6.392478
11 21 2.730608
11 22 8.988219
11 24 6.511204
12 14 6.500302
12 17 6.282189
12 18 3.435802
13 18 1.414962
14 15 5.778696
14 17 2.352112
14 18 5.931577
15 18 4.867138
15 23 6.713524
15 24 6.758266
16 17 5.339403
16 20 2.954194
17 24 5.426287
18 20 7.391430
19 21 2.203168
20 22 1.895361
20 24 1.352989
355.196953 430.491382 379.042364 492.529464 347.320284 298.498691 308.463135 388.778734 376.977304 399.925852 471.929939 274.999899 266.000299 413.613484 234.951045 342.347552 308.818886 345.632409 494.853902 400.521838 276.809433 499.839803 368.050928 311.735326 433.419661 224.971145
