500
997
0 1 12.428611
0 2 3.647916
0 3 18.263252
0 4 11.792054
0 6 3.697543
0 10 4.136372
0 11 8.062790
0 13 18.917788
0 16 16.755284
0 17 10.109459
0 29 14.065692
0 32 13.638411
0 49 5.180809
0 50 10.404549
0 62 2.682452
0 65 2.928282
0 72 19.423679
0 76 12.450678
0 78 2.837518
0 120 1.269374
0 124 9.781815
0 155 10.369372
0 166 2.440683
0 168 2.860454
0 212 2.377622
0 228 12.659176
0 232 8.178562
0 253 2.883855
0 258 5.438277
0 283 13.142280
0 302 13.793363
0 306 11.418287
0 375 12.112526
0 418 14.599754
0 487 17.483979
1 2 17.082072
1 3 8.472217
1 10 5.294194
1 18 17.957944
1 28 5.198965
1 31 2.737845
1 56 3.357891
1 76 11.405315
1 105 14.525878
1 155 14.035412
1 198 16.737148
1 210 11.929082
1 225 18.168297
1 246 15.516473
1 247 9.766030
1 268 16.872927
1 288 4.820873
1 334 10.597454
2 4 15.253862
2 6 15.918061
2 8 2.743189
2 16 18.879960
2 23 19.041149
2 25 12.632194
2 34 13.904800
2 35 13.716005
2 38 4.145088
2 42 14.393052
2 44 4.521227
2 48 12.476621
2 74 7.394551
2 78 7.937236
2 98 10.665842
2 107 11.300389
2 170 14.642510
2 191 17.572581
2 214 15.938160
2 216 16.563899
2 357 5.666671
2 400 17.109824
2 462 3.936740
3 5 14.062242
3 7 16.340747
3 12 14.264690
3 22 1.282622
3 57 13.792262
3 71 14.583107
3 88 5.941652
3 106 7.182294
3 126 7.095857
3 165 6.824926
3 175 14.298956
3 182 9.312133
3 195 14.360000
3 301 3.486870
3 318 10.045236
3 347 10.341325
3 364 12.266479
3 397 12.299731
3 406 5.723943
3 427 5.383686
3 434 17.991210
3 454 11.066738
3 455 4.463058
3 472 12.946545
3 473 11.864267
3 489 16.155750
4 5 2.435680
4 9 19.656475
4 26 4.293507
4 33 8.697516
4 38 7.115656
4 47 18.489646
4 61 14.179852
4 106 8.636569
4 115 15.557600
4 157 11.509333
4 233 13.271483
4 322 2.624131
4 338 19.731150
4 373 19.256761
4 437 9.396768
5 7 16.425414
5 8 4.228442
5 22 17.650225
5 33 9.875011
5 36 7.849555
5 43 15.097041
5 48 17.958992
5 55 1.423878
5 63 7.724681
5 64 7.097390
5 75 2.213033
5 82 6.312546
5 105 9.959567
5 117 16.327157
5 169 8.566406
5 179 13.387265
5 213 19.104600
5 217 2.982220
5 260 4.632308
5 282 15.206402
5 295 5.434836
5 313 15.338729
5 320 9.540264
5 322 19.426005
5 327 16.118253
5 346 13.524263
5 372 6.553639
5 429 6.417966
5 435 18.675843
5 457 5.202345
6 14 8.323383
6 21 11.354324
6 67 4.256037
6 83 16.588177
6 99 17.854743
6 184 1.608468
6 450 1.236883
7 11 8.308514
7 17 12.859398
7 19 9.730302
7 25 15.895218
7 134 4.860686
7 150 10.001574
7 237 19.658613
7 249 3.550046
7 280 12.049719
7 295 10.396481
7 336 16.697904
7 390 18.406171
7 449 1.655205
7 495 11.165239
8 9 9.265223
8 15 15.189800
8 20 14.151713
8 31 1.729101
8 50 7.495967
8 66 9.569531
8 80 9.566131
8 102 3.014136
8 126 19.388879
8 147 12.927430
8 151 4.302814
8 154 16.085067
8 177 10.370978
8 257 4.654469
8 315 10.455377
8 321 9.462848
8 363 13.574544
8 369 4.950701
8 380 4.074613
8 449 13.821261
8 451 2.911686
8 460 3.280211
9 12 9.846265
9 20 1.351016
9 24 5.440362
9 35 1.911096
9 54 5.914113
9 55 1.424353
9 69 10.150989
9 90 13.408259
9 104 7.778871
9 114 18.605537
9 125 11.954112
9 161 8.510098
9 173 16.634972
9 202 6.845169
9 238 17.925927
9 249 12.518065
9 261 15.029175
9 290 17.426454
9 320 15.605659
9 343 7.274373
9 396 10.543755
10 13 9.725859
10 133 6.844280
10 180 19.798341
10 233 14.831470
10 303 7.672964
10 429 14.670277
10 480 5.658380
11 14 1.031594
11 15 9.228862
11 18 15.043469
11 21 6.479620
11 37 8.021625
11 44 13.768625
11 108 1.362038
11 152 11.702158
11 193 11.823064
11 225 7.979436
11 264 1.064430
11 306 17.495185
11 309 18.035307
11 323 5.004597
11 370 6.594431
11 393 11.803199
11 464 13.005574
12 64 2.390308
12 114 2.790789
12 182 5.281047
12 195 17.083772
12 282 5.076785
12 348 5.426866
13 30 6.859305
13 36 14.518672
13 52 1.991683
13 79 19.063130
13 172 18.771120
13 199 10.476388
13 252 19.187587
13 381 6.535350
14 32 5.482757
14 53 18.229113
14 95 3.163728
14 104 2.913331
14 143 14.322188
14 425 10.216412
15 19 17.072613
15 27 16.801424
15 43 2.055315
15 45 12.811556
15 54 10.348280
15 85 16.131074
15 92 2.633230
15 96 14.258797
15 113 2.264838
15 120 17.536089
15 142 3.728115
15 275 2.528724
15 304 3.491112
15 332 7.698806
15 340 13.134506
15 342 8.280535
15 344 1.429392
15 418 12.783500
16 65 8.412064
16 99 7.568112
16 145 17.902244
16 310 5.399781
16 329 18.680378
16 402 8.546106
16 403 9.049122
16 419 16.960721
16 420 1.375009
16 426 14.670241
17 52 13.470651
17 214 14.848107
17 259 4.307957
18 27 11.306007
18 49 6.525566
18 89 7.093324
18 245 10.279139
18 348 6.259024
19 238 17.365394
19 269 7.170486
19 286 11.263303
19 325 10.065504
20 73 6.058329
20 464 9.825157
21 24 14.506555
21 26 8.712929
21 41 15.594832
21 68 16.474925
21 86 19.673368
21 92 14.677273
21 148 15.546029
21 183 4.440014
21 248 19.323132
21 266 10.097336
21 280 2.581346
21 305 11.274454
21 390 15.218527
21 401 3.226215
21 405 9.968309
22 23 19.417882
22 30 9.719435
22 51 2.309042
22 61 19.373404
22 70 2.729558
22 80 2.750654
22 135 19.348831
22 147 14.974463
22 202 13.799573
22 340 7.317170
23 115 12.279744
23 337 19.796329
24 28 17.507089
24 29 1.368194
24 34 18.533472
24 41 8.284856
24 45 11.486681
24 46 4.629484
24 69 18.413959
24 77 2.438547
24 91 16.052389
24 108 7.638276
24 112 4.644977
24 122 14.771954
24 124 7.499933
24 172 16.907698
24 286 4.070995
24 394 2.604040
24 444 7.997960
24 481 12.960633
25 40 11.371580
25 171 8.742090
25 197 12.758865
25 215 15.820550
25 292 9.622054
25 470 19.120308
25 474 19.879511
25 475 1.204026
26 42 11.720148
26 59 8.163241
26 83 9.779399
26 121 10.126798
26 139 9.100573
26 171 15.325355
26 179 15.252364
26 222 6.769387
26 259 9.249802
26 298 13.428755
26 301 13.247249
26 355 10.952742
26 387 15.785273
26 453 10.795416
27 60 7.047701
27 176 17.718449
27 188 8.130474
27 242 19.533572
27 296 2.705571
28 101 12.158643
28 236 8.070631
29 40 12.588136
29 47 17.668484
29 58 7.082470
29 77 15.177833
29 224 11.044466
29 236 5.646173
29 294 2.111325
29 379 6.378065
29 404 18.518767
30 53 14.412458
30 86 14.331027
30 103 5.115864
30 130 15.637554
30 160 9.059380
30 166 4.520266
30 185 1.648423
30 281 2.289033
30 317 5.788823
30 350 17.389390
30 384 17.199821
30 465 14.251018
31 68 19.781846
31 284 16.251690
31 428 10.112616
31 440 1.751905
32 51 12.308361
32 153 11.665962
33 46 7.307863
33 174 6.291069
33 366 17.307284
33 381 15.236838
34 74 2.902810
34 79 12.729339
34 110 12.756634
34 113 15.937569
34 201 10.447219
34 240 2.969045
34 290 10.550803
34 303 7.478504
34 346 1.196501
34 359 1.448654
34 393 12.270655
34 412 12.827160
34 420 1.135029
35 37 10.957287
35 39 11.227892
35 56 16.301138
35 73 3.665889
35 129 9.025057
35 184 2.031639
35 463 2.939734
36 39 11.514208
36 180 13.981294
36 260 8.126632
38 149 3.920234
38 197 6.856447
40 59 8.620244
40 60 18.890038
40 66 3.886935
40 94 10.431542
42 118 7.637344
42 188 11.808201
42 192 13.945137
42 265 9.246197
42 321 7.656729
42 430 17.751455
43 62 18.852809
43 138 9.351396
43 250 2.007557
43 275 17.994899
43 285 3.785010
43 362 16.990546
44 67 1.687816
44 97 4.982092
44 98 19.527958
44 227 1.016911
44 315 8.079057
45 220 8.691298
45 263 8.005332
45 285 15.665721
46 273 1.201790
48 109 1.938708
48 165 10.915323
48 216 14.911666
48 279 5.278652
48 313 14.559169
48 333 2.339846
48 345 9.684711
48 351 6.494583
48 356 6.525518
48 452 7.937608
49 111 6.035175
49 192 8.241356
49 205 4.379375
49 230 3.215596
49 235 5.668238
49 456 8.708719
50 131 16.118024
50 271 17.570633
51 94 12.458300
51 141 10.454893
51 154 6.456827
51 158 8.546127
51 221 18.510784
51 262 14.952916
51 289 17.985025
51 314 9.456006
51 374 18.248923
52 57 12.433276
52 58 4.730461
52 81 11.994354
52 84 18.840912
52 87 8.253259
52 88 13.277085
52 96 12.621544
52 219 12.210102
52 338 2.077054
52 388 17.090758
52 469 15.203748
53 75 1.728428
53 93 10.947989
53 141 4.683782
53 143 19.258790
53 337 10.043055
54 140 19.902800
54 162 10.783613
54 226 4.905022
55 152 3.406962
55 221 17.124974
55 251 4.068447
55 385 6.306754
56 63 15.631806
56 110 10.425688
56 116 5.791171
56 121 4.064789
56 123 16.359329
56 201 12.391724
56 267 1.518292
56 360 5.340905
56 387 6.032579
56 399 17.654545
56 469 12.511359
56 488 18.883098
58 103 14.907025
58 119 7.666133
59 70 10.044130
59 95 14.179784
59 251 7.966921
59 377 8.451556
60 71 19.950156
60 107 18.665762
60 157 19.149014
60 170 1.961088
60 237 13.717345
60 272 6.184413
60 483 13.008757
61 102 10.479209
61 127 10.030498
61 158 4.420926
61 255 1.567623
61 284 14.739047
61 419 3.948952
62 161 10.555240
62 178 6.969584
62 368 5.319321
63 89 13.520678
63 187 10.542149
64 131 12.322591
65 90 1.774063
65 93 6.496037
65 232 4.669364
67 72 14.539660
67 148 13.461563
67 199 9.889344
67 325 18.593561
67 434 2.321787
68 311 2.425913
68 402 11.735799
69 167 17.925036
70 84 3.585342
70 130 6.104500
70 211 3.968624
70 294 19.254713
71 100 7.342074
71 194 9.347836
71 224 7.077803
71 247 6.683808
71 353 7.683415
72 123 9.357843
72 132 4.165757
72 142 12.333228
72 167 9.457901
72 186 8.771540
72 220 9.446455
72 235 7.511399
72 241 5.033138
72 372 15.152512
72 408 1.640939
73 82 11.917876
73 316 10.665076
73 476 8.947432
74 101 7.858107
74 168 15.999525
74 289 18.395123
75 87 14.292272
75 206 4.373873
76 194 2.672935
76 276 15.539141
77 185 6.567331
77 248 8.783454
77 305 15.073327
77 328 15.514511
78 81 6.690468
78 97 1.987572
78 112 12.558334
78 163 3.307224
78 332 1.074429
78 384 18.943038
78 413 15.250634
79 91 11.929021
79 163 2.523014
79 186 11.188819
79 187 1.503935
80 85 3.739407
80 119 9.298021
80 183 8.376486
80 357 10.874049
80 465 17.630366
80 482 17.513677
81 145 12.289528
81 159 12.048941
82 127 4.932554
82 128 3.422215
82 136 1.556004
82 211 1.875673
82 234 19.568267
82 291 16.270881
82 312 3.782811
82 319 2.488580
82 371 13.993066
82 441 1.764924
82 467 15.237309
83 226 3.864896
83 379 7.656214
84 136 15.856523
84 244 16.581792
84 262 5.572667
84 347 15.897650
85 150 19.348327
85 307 18.723075
85 308 8.273030
85 385 2.499539
85 476 5.414984
85 486 12.976683
86 253 15.491436
86 371 8.043019
86 423 1.383901
87 117 15.069314
88 350 13.435252
88 416 8.526360
88 484 17.984855
89 326 9.937776
89 334 1.525096
91 100 19.852643
91 140 3.273809
91 164 11.660518
92 297 13.118877
93 144 1.544048
93 156 2.324977
93 210 18.131669
93 330 14.886538
93 395 13.911019
94 266 14.968063
94 355 2.371369
94 426 15.849255
94 470 18.081681
95 109 10.074291
95 173 7.120285
95 278 2.845048
96 208 2.260178
97 128 6.652674
97 175 13.290233
97 206 17.080061
97 370 5.610734
97 432 15.366186
98 176 15.032232
98 331 6.899896
98 414 9.481646
99 352 6.703084
99 456 7.975195
100 118 17.577606
100 162 1.982428
100 261 18.730523
100 361 10.155540
100 438 18.380774
101 111 3.462914
101 125 3.552908
101 380 17.057173
101 442 17.901728
101 496 5.656020
102 190 11.898290
103 129 12.005550
103 169 19.697709
103 219 7.132993
103 227 8.156014
103 240 10.060808
103 277 2.608028
103 354 7.323758
103 459 3.174489
104 239 12.405703
104 271 6.099399
104 317 10.232202
104 373 7.103456
105 447 6.352719
105 461 7.294410
107 263 7.023163
107 440 4.093604
108 448 13.432144
109 116 8.195562
109 137 4.587752
109 149 6.891960
109 396 17.791424
110 134 18.674356
110 146 17.625684
110 160 12.802018
110 207 5.653880
111 178 6.185378
111 190 2.993644
111 212 1.072187
111 258 12.873319
111 378 2.583705
112 193 4.410398
112 267 9.223885
113 422 9.086654
114 230 1.321414
116 135 15.488794
116 451 18.355726
117 196 7.446954
118 122 8.031359
118 137 17.982319
118 156 17.367665
118 203 7.796902
118 242 7.730424
118 368 9.632755
118 394 18.000850
119 153 6.434728
119 213 1.891442
119 229 2.988882
119 495 13.138348
121 265 8.398041
121 448 5.427760
122 138 13.430678
122 241 4.479066
122 243 5.972894
122 304 1.187957
122 359 3.066042
123 209 9.655861
123 218 16.701879
123 228 8.797852
123 404 13.571337
124 281 14.059051
124 318 7.523962
125 343 7.182523
127 204 14.134630
127 215 15.636973
127 288 1.830340
128 349 6.054269
128 409 4.439184
128 455 3.197203
129 133 3.870723
129 181 18.603199
130 132 7.722587
130 139 7.909083
131 203 19.735936
131 378 17.265744
131 406 7.416093
131 417 6.553313
132 277 14.664625
132 452 15.644681
133 270 15.206161
134 307 12.630402
135 164 15.394394
135 365 5.360662
137 498 17.112392
138 146 10.280054
138 198 7.644564
138 254 12.242975
138 391 2.955464
139 144 12.807418
139 159 2.597296
139 181 15.555268
139 351 18.025862
139 401 4.841338
139 446 15.152392
140 436 16.192400
141 410 18.648536
142 257 5.002798
143 467 19.138136
144 442 18.338830
145 245 16.039527
145 314 6.635062
145 326 7.903202
145 335 11.111210
146 229 3.218045
147 268 6.743210
147 395 1.616095
148 174 13.795038
148 287 16.497108
148 417 6.611095
148 473 4.541817
148 480 11.367295
149 151 15.679479
149 492 18.016187
150 293 8.838690
152 204 7.648475
152 474 12.654420
153 274 7.583065
154 244 15.824065
154 255 12.756063
154 354 15.395260
155 177 12.285570
155 208 9.345669
157 492 17.048178
158 392 1.770822
160 302 4.170606
160 329 15.720293
160 382 4.446916
161 287 15.323791
161 443 4.951937
162 243 8.150544
162 345 6.212243
162 407 11.973256
163 483 16.370650
164 408 19.507562
165 200 11.801734
165 231 2.338272
165 250 11.438186
165 254 3.577375
165 365 8.370489
165 430 16.878993
165 437 14.529265
168 205 2.929047
169 398 11.671073
170 222 17.844119
170 234 3.685918
170 300 16.335859
170 410 19.095729
170 424 10.419314
170 490 8.875841
171 200 5.664738
172 298 14.512786
174 189 1.344695
174 218 14.232563
174 312 10.114368
174 333 11.270706
176 499 16.682269
177 497 12.214751
179 252 10.153430
180 223 15.549576
181 382 14.435483
181 409 13.890805
182 413 8.560265
183 191 1.944498
183 328 10.297228
185 264 19.136945
186 189 17.064983
186 344 10.119248
188 479 1.527009
189 339 3.383020
189 445 14.461955
191 207 3.813162
191 466 15.497654
192 383 9.860586
192 407 8.888911
193 292 7.983161
194 274 2.645517
195 196 2.638776
195 239 6.282947
195 450 19.162100
196 256 3.031119
197 246 5.347605
197 269 3.687221
198 209 2.893579
198 293 8.357724
198 296 17.113990
198 431 14.903569
199 472 7.549689
201 297 15.927284
201 432 17.709966
202 439 17.008239
203 272 19.776180
204 308 10.565658
205 217 13.258945
205 231 2.717155
205 360 8.271869
205 397 13.228847
206 273 13.670520
206 319 5.136354
206 398 14.894409
207 299 4.476891
207 316 4.387391
207 389 17.673600
208 383 15.815259
209 493 7.924721
210 358 2.933406
210 444 17.975781
210 488 3.338831
211 279 8.458816
212 223 4.526806
212 299 1.855230
212 459 13.227983
215 463 6.354759
218 369 7.531812
221 431 13.960701
222 342 11.829409
223 446 10.931610
223 460 3.245256
227 424 16.434531
234 374 7.543745
235 300 8.439011
235 477 18.624151
237 389 3.430344
237 487 10.718437
237 494 17.546263
238 310 6.031002
242 475 2.932393
248 411 17.944250
249 270 11.727854
251 256 15.760610
251 276 13.335612
251 327 19.939205
251 421 14.064968
251 479 15.128332
255 466 7.720056
256 324 6.992931
257 324 17.503981
258 336 1.093381
259 278 5.396791
259 283 18.777954
259 362 7.137718
260 461 15.252933
262 363 10.853838
263 435 7.235795
268 339 16.191638
269 291 14.431817
270 335 9.023005
275 323 2.563306
281 496 1.435969
284 376 2.806273
284 425 16.757369
285 462 1.888830
289 341 11.110884
289 358 11.547151
290 309 11.864202
290 377 19.868018
290 415 11.291040
290 453 18.710222
292 330 16.812802
297 498 5.647343
298 367 19.267579
298 436 5.227793
300 412 10.473534
301 388 11.139244
301 427 3.957314
302 364 15.081574
307 399 16.476291
308 441 3.088236
309 311 13.282269
309 367 8.129883
312 405 5.182357
312 489 6.485760
312 491 3.140352
314 386 2.653995
314 403 10.198870
315 423 17.290048
315 458 17.344623
316 352 10.242551
317 331 7.551865
319 353 11.361556
324 366 19.794217
324 454 18.512859
325 376 7.630033
326 375 17.125148
326 386 14.913338
327 391 10.159857
328 414 8.947349
331 341 3.743131
331 356 12.621246
331 422 14.383720
333 468 13.098975
334 349 12.991741
334 482 17.705507
336 415 16.178945
338 471 19.582532
338 478 12.725279
338 499 17.247211
339 392 8.281229
339 439 8.838955
339 447 14.478287
340 400 18.234933
360 361 5.182269
360 416 14.140553
361 421 16.026550
361 433 12.282341
367 433 19.364139
367 486 4.681140
379 497 14.239009
382 411 17.161367
382 438 13.779675
384 471 18.831903
394 490 16.687169
405 445 11.938531
407 457 1.791636
418 477 17.844168
421 428 5.547452
422 493 1.576715
425 478 5.076519
434 468 18.891862
437 443 8.048427
439 485 16.660531
451 485 3.245801
457 458 14.233120
459 481 3.779125
468 491 14.436230
469 484 16.094160
492 494 10.821467
11.800825 16.302982 20.557408 6.458549 5.475930 7.682437 12.393704 10.469084 20.838552 10.457216 20.247064 24.418633 13.082739 15.442242 19.754564 5.246960 13.230390 10.138833 8.999853 18.511019 18.079180 12.909645 17.229872 14.318301 24.882892 14.872472 19.129366 24.165260 23.599499 23.595545 18.825200 20.218256 5.069178 22.704116 23.794867 6.530270 7.663437 16.783966 13.874129 6.633103 22.358163 11.380079 16.957836 10.455213 14.341075 14.056480 6.511556 24.528620 18.210808 13.044453 14.876552 19.571813 14.515559 20.549907 9.174160 21.482783 15.787216 16.933096 13.429187 22.870888 24.804715 19.015193 14.572515 19.014083 23.667430 10.581574 6.667739 13.038829 7.125334 5.121204 10.137027 23.752221 6.550330 6.899239 10.941593 17.559774 13.917963 9.560073 7.695903 7.638717 18.459888 15.628450 18.678292 11.082401 5.754227 8.676763 7.259106 7.116314 13.769184 19.878802 9.782040 9.269748 21.039287 10.043014 22.731678 6.767637 8.733455 9.514219 18.439142 5.611187 10.016523 19.539811 12.859935 18.683118 9.376721 8.290271 23.689644 12.272067 14.670428 18.490102 23.602018 7.586317 12.517647 8.085690 15.154204 22.382823 15.154084 15.422267 11.166127 19.860513 7.643702 16.771536 20.299061 23.141055 21.072251 7.778148 14.665800 23.131643 14.896573 9.656887 9.321641 13.658025 5.162635 15.470830 24.275234 14.057111 7.478471 18.785714 8.365544 8.640520 22.290785 21.423879 20.519272 18.939473 13.082636 10.027183 19.305900 10.823410 5.829231 8.467347 18.860885 22.971600 21.382657 12.829402 22.322210 12.194800 15.223116 11.106807 16.513930 24.430074 5.126100 10.657816 14.534264 20.221729 15.389345 5.891166 19.931743 8.374039 11.524829 24.498095 8.603333 24.125536 12.284784 17.967439 18.408937 21.928142 5.595990 24.603748 7.911376 8.720255 23.792422 12.342341 23.908137 21.242797 9.408105 6.571016 20.570019 17.250084 16.570566 11.154486 11.170232 8.362221 19.254461 19.389428 21.933286 17.350829 6.692048 19.367849 14.032660 15.531302 12.386438 23.912745 14.707109 11.817707 12.084425 18.500102 9.863187 6.334019 10.372470 19.970356 16.610335 10.054874 20.320998 24.723430 14.716551 14.893114 18.653860 14.994530 14.498843 22.595056 19.440648 21.321105 12.676740 7.200285 14.804046 16.643874 20.822936 9.109791 19.610566 7.173229 6.976176 15.943183 24.676958 5.334853 24.191489 17.814232 23.102923 8.923859 16.193858 19.369592 22.038630 23.218833 6.995111 18.163602 18.004904 14.255154 5.155021 19.560311 20.995245 5.729944 22.047258 18.277724 19.538191 10.840750 11.252730 13.330151 19.065759 15.707104 18.399356 11.089495 6.225497 12.438892 19.541863 15.143802 14.961059 5.671067 6.526283 20.534295 10.508178 11.609576 7.147950 9.830177 21.840996 13.243018 17.274727 24.798026 15.025241 7.646768 22.299009 5.259250 7.303016 16.526587 21.961830 11.753764 21.296748 10.722939 8.793128 8.050188 5.665911 13.968922 8.648106 5.042592 9.381092 24.746396 8.610356 14.264257 22.359445 5.449489 17.037239 22.872098 13.766641 8.459404 8.660561 13.566567 9.601576 21.938900 13.933954 9.410481 21.339065 6.427457 11.543023 18.744568 11.132127 6.734889 20.955099 23.094973 11.496405 24.956954 15.438572 21.129598 13.729609 21.075299 19.666677 11.623835 7.473790 13.038769 10.388724 17.014632 12.483143 15.966916 19.724904 8.945328 23.278246 14.906821 13.737502 13.236967 8.669060 8.847585 11.913116 10.076788 5.975631 14.242225 18.501446 12.345942 11.167335 10.366892 5.176547 9.988862 5.471084 14.526265 17.421896 18.286280 14.944183 22.969843 8.171562 6.708529 20.671797 15.247903 8.978135 10.358282 23.526540 23.075044 20.819033 6.390975 12.929403 22.922955 9.984861 22.819241 19.998458 9.667874 21.060036 24.252659 19.761149 21.183075 14.253735 13.672791 7.438155 16.376932 5.236221 9.220993 19.079288 8.893238 11.271612 16.034591 19.891647 16.326768 22.829493 14.400695 10.280018 16.999015 19.983051 20.277935 22.338431 15.095876 7.724333 17.716774 21.142283 14.834319 11.723774 18.311581 24.445049 10.083552 15.518670 14.301176 9.332249 15.033614 22.308131 8.754987 10.523025 15.506037 10.833368 11.377279 6.195761 10.794030 16.276357 9.925863 5.431109 14.141102 16.293187 19.204986 8.119056 11.474653 6.651324 22.327065 8.899395 17.685148 8.225662 17.371382 23.656191 17.136891 12.719215 12.646316 24.493243 14.361499 20.115636 21.904818 21.391613 21.673849 21.345063 12.629957 17.388657 8.084458 18.019265 16.327612 22.963605 10.116630 12.007329 18.462669 22.654674 12.698764 16.921449 14.788811 24.691168 23.805546 8.112828 7.285022 23.227709 9.933091 24.312036 6.048617 12.499887 21.049092 5.059912 10.616422 20.011175 5.791965 24.224304 14.638077 7.102838 12.535646 14.615339 6.670615 22.118958 15.586510 21.194235 9.009592 14.001066 17.299155 19.096815 17.164755 14.666762 17.632122 18.840609 18.877678 11.622800 18.851129 13.119748 7.866579 22.140462 18.632987 13.334107 14.962952 21.032269 15.206331 12.753935 8.544375 23.802551 11.438771 5.748886 20.191149
33
114
0 4 5.021167
0 9 8.817651
0 18 4.148303
0 24 6.498663
0 27 2.271710
1 14 1.124801
1 18 3.149607
1 20 8.010617
1 21 7.209528
1 23 6.946421
1 26 7.106916
1 28 8.352584
1 31 4.004892
2 9 3.384740
2 14 5.747514
2 15 7.093087
2 18 3.135224
2 26 2.560522
2 30 8.959481
2 31 4.555385
3 6 4.427964
3 9 1.325046
3 10 2.517407
3 11 4.504098
3 12 3.578581
3 15 9.152804
3 16 4.935671
3 19 4.620639
3 20 3.194378
3 21 7.283574
4 9 3.548737
4 12 5.448360
4 19 1.348231
4 22 8.874403
4 30 7.677972
4 31 3.684006
5 15 4.182479
5 16 8.014658
5 26 4.885108
6 8 5.382700
6 10 5.775471
6 18 7.462294
6 19 7.436521
6 22 6.175560
6 31 5.711893
7 9 6.601175
7 11 7.181772
7 12 9.872861
7 21 1.336291
7 24 4.745099
7 25 5.946808
7 26 7.043477
8 11 2.887565
8 12 6.554492
8 15 9.482843
8 16 1.427822
8 17 8.522030
8 27 1.891962
8 32 2.411300
9 12 4.479326
9 24 2.274580
9 32 2.934029
10 16 8.165674
10 18 8.018230
10 24 9.990058
10 27 5.383703
10 28 7.596197
10 32 3.440744
11 18 2.706142
11 20 4.135109
11 23 1.666477
11 28 2.007948
12 26 3.525348
12 27 1.139103
12 30 5.935310
13 15 7.902983
13 16 5.014891
13 17 5.352654
13 21 2.144350
13 22 5.776874
13 23 2.131679
13 24 1.815650
13 26 5.539033
14 15 7.727315
14 17 5.479344
14 18 4.630432
14 21 1.122541
14 23 4.541434
14 25 6.669905
14 32 9.165369
15 25 3.470544
16 19 7.071836
16 26 7.152361
17 18 4.676061
17 27 2.366892
17 29 1.624500
18 21 1.184462
18 23 9.509739
18 29 1.750458
19 24 9.520989
19 25 8.961484
21 29 8.564178
22 25 3.586785
22 27 7.779561
22 28 7.805911
22 31 5.446599
22 32 3.991264
24 32 6.317219
25 27 9.604107
25 29 6.106904
25 31 7.811726
27 30 3.953026
30 31 3.393428
31 32 2.307990
426.126558 387.587978 484.041467 219.232464 432.147919 356.309179 284.114128 219.697530 457.847349 476.673692 311.713821 272.367809 356.958372 393.157304 331.125120 391.789499 411.718597 337.041516 419.938139 235.081909 264.443173 298.579087 367.058400 284.228268 489.500968 331.214965 320.458107 451.747086 353.761329 463.184464 350.314889 487.964585 270.634883
