600
1197
0 1 11.761992
0 2 11.467267
0 5 16.742392
0 6 14.500123
0 10 1.504978
0 15 1.939724
0 27 12.429611
0 35 10.237649
0 43 5.943508
0 68 8.954466
0 75 15.400296
0 102 16.705618
0 119 11.663238
0 197 8.322020
0 211 6.143238
0 267 10.916451
0 297 6.980243
0 323 11.717808
0 370 13.856395
0 371 2.255505
0 382 1.020282
0 387 5.033266
0 405 17.995718
0 498 13.279525
0 550 4.267247
0 578 17.915015
1 2 9.929163
1 3 10.045743
1 9 18.775297
1 16 2.130247
1 19 5.088387
1 38 12.129655
1 63 4.714244
1 82 13.911013
1 88 5.067753
1 113 2.883982
1 134 4.932718
1 259 9.031947
1 341 4.346628
1 398 3.559148
1 405 17.345356
1 412 7.087547
1 420 7.854415
2 3 2.050138
2 4 7.790023
2 7 6.031336
2 14 12.599216
2 19 4.902416
2 20 17.878944
2 26 18.663666
2 30 2.896790
2 31 3.040656
2 43 3.191202
2 49 12.771816
2 50 3.317410
2 55 17.195264
2 62 15.331159
2 65 16.576368
2 70 10.995150
2 129 19.936867
2 135 1.839327
2 136 8.624034
2 140 7.154797
2 143 19.024264
2 145 11.960358
2 207 16.317628
2 210 4.236483
2 211 19.594049
2 217 10.474151
2 225 10.379769
2 242 19.446810
2 277 8.233915
2 294 8.552975
2 309 12.110301
2 316 3.433000
2 324 7.100627
2 361 4.670958
2 383 2.962386
2 397 17.456748
2 435 12.197292
2 485 7.814783
2 522 8.764718
2 534 9.198861
3 4 13.029834
3 9 18.608618
3 12 18.722813
3 26 8.438348
3 42 7.255987
3 45 9.569884
3 46 11.790750
3 64 9.774540
3 77 13.516315
3 80 11.533581
3 94 7.093595
3 214 7.568885
3 224 8.193263
3 256 2.798156
3 317 4.155190
3 321 14.739162
3 362 8.392838
3 379 5.076240
3 381 11.690776
3 451 15.355251
3 509 5.891025
3 580 16.709008
4 5 18.622592
4 6 12.350496
4 8 13.710006
4 10 1.998944
4 18 18.964878
4 23 8.457210
4 25 18.554108
4 36 12.000573
4 37 1.087757
4 56 1.732298
4 58 13.927957
4 66 11.690692
4 76 1.504116
4 96 15.125739
4 102 17.190761
4 103 10.431932
4 104 9.849391
4 108 1.103989
4 109 15.946345
4 115 7.283605
4 119 17.696509
4 128 8.088151
4 134 11.736480
4 144 6.136494
4 146 4.051178
4 168 15.723250
4 169 10.435219
4 174 11.193271
4 181 19.342903
4 206 19.308018
4 227 17.257200
4 255 4.564577
4 273 12.291181
4 283 17.684801
4 340 8.114815
4 363 2.921017
4 365 16.408295
4 367 10.153507
4 410 11.723461
4 493 19.660742
4 569 12.537017
4 578 9.074608
5 11 8.029703
5 15 8.934767
5 34 3.249583
5 38 16.100261
5 87 16.916620
5 97 6.403546
5 131 6.772136
5 150 17.612351
5 180 1.455437
5 181 10.888691
5 201 9.809839
5 204 14.112409
5 280 4.104442
5 313 13.698284
5 331 8.157946
5 396 12.755581
5 458 1.761805
5 500 9.772817
6 7 10.922767
6 8 5.072202
6 20 3.652849
6 21 4.581012
6 24 7.538680
6 39 2.839393
6 52 18.999076
6 54 8.694887
6 98 16.370422
6 130 19.513925
6 133 2.533970
6 154 13.381720
6 167 17.556773
6 170 13.050454
6 194 9.151496
6 195 9.190451
6 218 1.682079
6 236 11.157414
6 291 19.877317
6 557 19.215443
6 577 1.767585
7 12 14.410143
7 18 6.733532
7 48 18.156794
7 81 1.857180
7 99 18.781608
7 106 16.912039
7 132 3.232583
7 135 2.136662
7 187 16.859446
7 254 3.959396
7 262 11.163065
7 317 18.399152
7 358 11.781514
7 422 8.547433
8 11 9.455305
8 29 2.199226
8 57 19.406294
8 140 6.902430
8 208 4.597906
8 236 6.434899
8 303 19.323091
8 362 2.791435
9 14 17.478758
9 16 14.449034
9 36 16.770364
9 73 19.542053
9 103 17.000938
9 175 18.924265
9 187 3.411770
9 220 16.119983
9 230 11.367838
9 234 11.326416
9 309 18.079510
9 366 19.464273
9 370 14.391928
9 384 10.175829
9 432 9.671673
9 434 8.340488
9 446 7.870382
9 460 8.438630
9 469 2.705311
9 520 2.471286
9 591 15.817527
10 13 9.475385
10 17 18.683005
10 21 12.632199
10 32 1.668344
10 35 3.992943
10 41 4.910576
10 47 19.538984
10 49 5.155380
10 64 10.799358
10 78 18.787362
10 86 19.566662
10 95 5.490848
10 96 1.933235
10 121 3.918435
10 261 2.203241
10 272 4.707361
10 453 11.802825
10 566 18.336527
10 584 11.207159
11 85 12.893802
11 165 4.835478
11 226 16.211089
11 275 12.737989
11 335 17.418600
11 339 19.028019
11 402 7.610115
11 576 2.721002
12 13 5.292650
12 22 9.318990
12 30 18.968179
12 44 8.187887
12 47 15.644691
12 67 11.269057
12 73 4.473367
12 84 7.093948
12 126 13.410646
12 127 13.784214
12 141 9.260435
12 156 5.344266
12 227 14.716229
12 257 4.208588
12 268 18.796724
12 269 4.570168
12 381 3.038935
12 407 10.455306
12 468 10.871442
12 486 10.655665
13 25 9.296682
13 32 19.901483
13 34 10.239332
13 92 10.080985
13 112 9.013555
13 141 2.269689
13 209 12.266176
13 221 5.331388
13 443 13.114571
13 481 1.965836
13 560 19.646355
14 28 9.911097
14 45 18.038352
14 54 10.035662
14 56 2.146286
14 60 16.622057
14 62 13.315491
14 100 15.853384
14 110 9.135227
14 217 13.120798
14 276 17.268351
14 293 12.990243
14 351 7.605799
14 380 13.588062
14 402 13.765230
14 458 19.251152
14 481 8.047334
14 501 9.076554
14 519 16.430336
14 553 10.609484
15 40 14.994889
15 83 9.734480
15 133 5.094408
15 154 15.158873
15 424 3.491948
15 525 4.773090
15 590 12.909675
16 17 15.198126
16 22 17.999070
16 23 6.179143
16 24 3.103761
16 28 19.164887
16 31 3.934039
16 33 4.755673
16 173 6.535260
16 388 11.058436
17 27 17.773686
17 74 15.450374
17 93 14.454994
17 131 4.328431
17 240 7.795970
17 294 10.089694
17 526 3.801093
18 29 6.195164
18 39 6.858331
18 63 3.418248
18 138 11.454554
18 207 14.395536
18 213 2.328701
18 243 10.141339
18 267 15.862013
18 331 15.211812
18 398 16.486389
19 41 9.516572
19 69 16.590585
19 72 5.574308
19 159 7.855401
19 164 4.350756
19 185 9.882206
19 403 8.449140
19 444 5.577615
19 463 15.283833
19 492 6.963089
19 501 6.183282
19 552 3.486916
19 558 9.337612
19 594 6.756328
20 33 8.016184
20 48 5.483948
20 71 15.499954
20 88 18.670064
20 357 10.460705
20 462 13.216970
20 476 17.476273
21 57 19.977763
21 575 12.656813
22 110 17.905810
22 483 18.263557
23 157 16.037578
23 340 9.757696
23 383 2.541926
23 425 1.300306
23 582 10.066812
24 46 10.391976
24 61 8.739885
24 74 11.795180
24 124 11.491091
24 161 16.895648
24 222 3.064485
24 277 5.278376
24 555 16.067095
25 44 17.108900
25 203 19.901660
25 576 17.585328
26 40 17.908081
26 65 6.972611
26 67 8.631571
26 143 6.093617
26 186 12.519689
26 198 18.837302
26 280 7.548177
26 368 11.583034
26 449 6.629693
26 471 4.226200
27 51 4.708525
27 60 2.100962
27 68 19.036577
27 72 8.654713
27 77 16.848297
27 86 13.945260
27 123 4.646502
27 137 4.333783
27 156 16.427776
27 157 6.029523
27 200 18.352418
27 237 3.661053
27 321 13.876464
27 425 16.475004
27 507 5.469871
27 549 6.247940
28 37 19.325859
28 115 6.027355
28 184 9.169184
28 326 9.217796
28 442 5.807660
28 489 15.740031
28 581 15.665138
29 42 8.188042
29 53 16.867390
29 61 5.048424
29 82 1.081810
29 91 11.852180
29 101 19.887478
29 124 1.734242
29 153 4.951963
29 158 10.859378
29 231 16.388874
29 256 2.691798
29 346 8.509458
29 395 15.194440
29 434 8.059321
29 448 4.587892
29 561 4.714421
30 142 8.790927
30 237 10.108924
30 427 17.374474
30 591 13.202796
30 592 14.117637
31 377 19.676756
32 105 8.825025
32 111 8.663734
32 118 18.543592
32 350 5.671636
32 467 14.866490
33 59 15.336890
33 126 2.857972
33 186 9.896397
33 241 4.810687
34 53 4.522130
34 155 9.812734
34 246 6.499164
34 278 16.125149
34 297 18.244493
34 413 16.251692
34 484 6.054587
34 523 6.208553
35 363 5.839839
35 376 3.565724
35 385 18.932169
35 554 8.638908
36 253 5.269100
36 496 17.086750
36 528 8.584711
37 59 1.667219
37 258 4.076890
37 264 13.145756
37 597 15.875200
38 79 5.007753
38 189 18.430516
38 192 17.168945
39 78 17.119234
39 307 5.325562
39 330 1.960184
40 390 17.481047
42 98 6.810204
42 375 12.759411
43 51 15.439371
43 106 3.437572
43 114 15.835929
43 121 18.831718
43 152 14.839124
43 182 9.383232
43 257 17.656885
43 296 11.021695
43 414 15.150648
43 446 16.589613
44 138 15.237704
45 58 6.469243
45 345 3.239034
45 589 5.528432
46 50 10.554624
46 55 10.600262
46 70 12.070243
46 79 8.506935
46 155 15.950936
46 160 18.349921
46 328 5.687776
46 334 14.993941
46 352 13.881465
46 472 10.938719
46 548 4.582074
47 93 16.109413
47 249 19.251899
47 454 14.714890
47 476 18.439340
48 188 19.699520
48 285 7.688963
48 462 13.126248
48 475 10.004722
49 52 19.745946
49 116 2.782349
49 144 8.835123
49 409 17.635242
49 450 6.396975
49 589 15.968064
50 151 8.272880
50 177 19.619592
50 262 17.787067
50 289 6.725087
50 293 15.633669
50 349 7.400274
50 485 12.520894
50 598 13.511135
51 80 16.762313
52 260 1.464566
53 199 5.183000
53 368 14.526438
53 524 11.706942
54 75 10.416496
54 470 2.048989
54 545 7.617242
55 104 17.436904
55 114 1.586964
55 122 8.532288
55 123 18.957817
55 129 1.966734
55 151 15.244409
55 197 5.894640
55 235 17.465568
55 284 15.175292
55 308 17.828398
55 411 5.102571
55 448 11.094562
55 540 15.806129
56 90 5.668295
56 142 5.384180
56 161 1.516461
56 179 19.211791
56 199 14.490321
56 239 13.075647
56 240 15.135900
56 266 11.100645
56 346 10.046543
56 350 9.541113
56 365 13.168345
56 531 4.829165
57 66 17.873115
57 111 16.423295
57 136 7.641709
57 163 11.993577
57 191 3.679519
57 242 19.474579
57 332 18.154961
58 105 18.516053
58 273 7.311098
58 327 4.213559
58 375 5.023671
58 546 2.710026
59 84 3.282102
59 94 2.354786
59 238 19.806638
59 342 2.407096
59 393 3.518300
59 396 16.717837
59 400 12.024564
59 454 15.713927
60 499 12.987328
61 83 17.761326
61 92 13.130883
61 107 10.920377
61 177 14.542244
61 373 9.500462
61 378 7.575213
61 465 9.885397
61 526 4.224568
61 586 16.134863
62 125 5.953372
62 248 3.917099
63 76 5.680693
63 228 16.999333
63 316 7.273825
63 459 14.034948
64 69 17.271783
64 71 2.477149
64 291 15.535464
64 559 6.845644
65 108 5.115825
65 527 14.089128
66 100 18.286136
66 339 6.605365
66 438 11.807842
69 81 6.506848
69 176 11.531426
71 176 12.815379
71 235 12.596372
71 274 12.847381
71 397 3.566516
72 97 14.177269
72 149 13.820257
72 190 13.969174
72 218 2.407341
72 243 9.489938
72 512 8.771668
72 546 2.647518
73 89 5.224991
73 137 9.378290
73 153 15.115220
73 171 5.504179
73 174 16.765248
73 272 11.370167
74 90 15.448012
74 107 9.978564
74 167 10.484690
74 312 12.774668
74 325 18.631442
74 329 10.344439
74 337 11.044493
74 392 12.437942
74 487 15.012788
76 91 2.365156
76 445 10.798061
76 503 10.150240
77 164 18.512015
77 179 10.376625
78 85 9.898090
78 87 19.281800
78 127 9.560953
78 175 4.436804
78 234 5.121406
78 334 2.808563
78 366 1.010794
78 599 9.206968
79 99 15.615609
79 118 14.935862
79 162 1.610833
79 275 11.829675
79 295 3.931379
79 304 18.880449
79 474 4.179935
80 254 12.906145
80 369 7.198529
81 117 13.189665
81 196 8.832913
81 532 15.433218
82 120 5.382903
82 251 18.210045
83 343 10.503983
83 522 15.365770
83 537 17.144874
84 158 19.977744
84 249 5.254968
84 493 6.450956
84 494 5.758229
85 95 5.994555
86 278 12.066450
87 89 19.876928
87 252 19.815284
87 279 11.008691
87 286 13.141517
87 429 17.339440
87 507 18.725736
87 567 4.873352
88 120 11.042293
88 436 16.823904
89 369 6.760839
90 300 9.356372
90 311 19.726801
90 442 19.715887
90 518 18.216029
90 539 16.170519
90 572 6.113480
91 128 7.096151
91 166 11.398374
91 182 11.654770
91 416 10.604554
91 465 13.096735
92 550 8.758137
93 423 15.234309
94 195 7.337449
94 212 7.282863
94 230 3.417293
94 247 4.585532
94 268 17.159897
94 287 9.479364
94 290 5.329488
94 341 15.427481
94 354 11.525641
94 360 1.401964
94 373 7.010868
94 395 4.363027
95 130 13.461584
95 183 6.225590
95 438 2.233989
96 101 2.043765
96 109 12.052819
96 122 1.412746
96 232 17.127050
96 244 3.952545
96 421 12.524760
96 443 9.449073
97 310 9.414179
97 513 2.364146
98 125 16.252293
98 244 17.967997
99 113 1.209317
99 149 4.393479
99 150 18.174180
99 165 11.440379
99 168 3.850752
99 419 4.853019
100 223 13.539739
100 364 14.771520
100 440 12.389109
101 205 19.109819
101 241 10.387208
102 148 6.705166
102 224 10.067425
102 284 7.833660
102 290 5.263902
102 570 1.873302
103 112 7.692037
103 219 14.516778
103 270 1.350318
103 466 9.344392
104 117 13.236179
105 139 12.597678
105 196 15.756320
105 205 16.399875
105 210 14.522411
105 354 2.953156
105 379 10.025426
105 391 12.464713
105 488 5.665755
105 502 1.808485
106 145 5.248216
106 238 9.642994
107 338 8.864676
108 471 4.356673
109 116 16.663895
109 147 18.588047
109 229 4.825618
109 323 18.661885
110 139 1.339358
111 193 18.574287
111 376 19.086647
112 163 1.228985
112 189 15.497367
112 261 19.433830
112 588 18.212142
113 178 19.443493
113 239 11.456147
113 514 2.484967
114 132 17.145995
114 172 12.662737
114 233 12.679998
114 248 8.927819
114 279 11.864998
114 305 3.918016
114 372 15.055631
115 533 2.425329
116 534 14.865835
116 553 17.130590
117 152 9.976905
117 171 10.686777
117 172 6.932071
117 185 19.419713
117 288 14.929365
117 518 8.010783
118 183 4.321340
118 245 5.172012
118 314 9.814523
119 216 18.908800
119 360 14.948781
119 480 5.089631
120 246 17.331662
120 347 8.185810
120 372 17.182721
120 427 5.592292
121 517 12.754552
122 178 18.606739
122 364 5.899986
123 147 14.165605
123 162 19.758940
124 344 3.861367
124 441 2.679644
124 472 13.809709
124 547 7.454983
124 585 2.353645
125 191 10.030807
125 296 15.321643
125 497 6.417326
125 595 7.365891
126 222 17.068289
126 266 10.881366
126 450 17.011907
127 146 9.481400
128 166 19.106528
128 226 13.365097
128 232 3.202078
128 593 17.816767
129 404 10.296039
131 281 3.691140
133 201 3.901113
133 221 14.063145
133 451 1.900078
133 519 6.445282
133 555 3.655964
134 299 9.380471
134 572 8.872722
135 219 10.915652
135 245 6.313090
135 292 1.608828
135 335 12.673336
135 352 8.100642
135 509 13.375365
135 562 3.064672
136 282 1.261770
136 488 5.717591
136 500 9.674399
136 568 8.487368
137 208 16.395749
138 160 8.178915
138 298 11.078382
138 329 12.276796
138 358 1.414796
138 419 10.787534
138 491 7.551794
138 504 9.004322
138 536 2.905461
141 215 15.873591
141 453 18.905681
142 265 1.423108
142 421 12.426082
143 148 15.513037
143 429 6.411344
143 482 15.963556
144 198 13.014746
144 282 18.654090
144 337 19.639091
144 408 1.804576
144 506 9.453817
145 159 11.392768
145 579 3.788121
146 348 7.389431
146 479 19.765302
147 212 1.308379
147 322 9.597651
147 544 17.010438
148 194 7.154124
148 265 10.116172
149 214 19.582869
149 250 10.022660
149 385 3.487505
150 305 1.982708
151 169 18.962915
151 203 6.050379
152 449 10.577214
154 184 2.723334
154 229 9.049447
155 415 18.672005
157 173 10.545847
157 258 19.451568
157 568 5.917877
157 595 10.586360
158 170 17.331085
159 180 9.516795
160 386 6.310260
160 478 17.254032
161 216 8.407900
162 342 11.083743
162 544 19.554014
163 202 4.543183
163 213 6.726612
163 417 1.590322
165 247 8.444916
165 298 4.803485
165 538 13.920664
165 588 4.445108
166 318 13.821442
166 406 6.006033
166 475 7.749139
167 461 7.628352
167 479 14.618283
168 188 9.863676
168 220 7.864679
168 516 17.199832
169 190 11.867062
169 326 5.062786
169 391 18.101734
169 394 7.510356
169 401 1.740608
169 431 10.397404
170 480 3.354823
170 489 5.530862
171 264 15.195107
171 274 3.484284
171 324 16.331940
171 459 18.801238
172 206 12.524110
172 410 14.496825
173 200 14.558146
173 252 19.863351
173 301 7.489227
173 349 4.094274
173 384 10.864177
173 388 11.131746
173 413 4.380337
174 574 12.649079
177 193 1.268370
177 439 18.625700
177 511 6.026911
177 563 1.751644
178 359 3.056739
179 209 5.564730
179 283 6.204217
180 304 1.623390
180 484 6.307741
182 318 4.665893
182 415 8.193798
183 225 8.318187
183 286 7.441147
183 307 7.230554
184 409 2.704894
185 355 1.478894
187 192 4.840172
187 253 15.376339
187 336 19.825386
187 565 18.641997
187 587 10.580168
188 259 11.104653
188 440 6.977050
188 464 15.704849
189 215 15.530377
189 300 17.041175
189 529 18.014587
190 255 9.252636
190 308 15.570636
191 332 16.321576
191 439 6.860733
194 320 18.655603
194 538 2.792489
196 515 19.891114
199 269 15.631724
200 260 2.772147
200 302 13.468363
200 377 1.649409
201 202 15.633552
201 271 16.185236
202 367 12.445795
203 204 17.280347
203 310 2.859782
203 577 6.242553
204 250 8.869373
206 461 1.806701
207 411 9.516106
208 319 6.039056
209 583 8.461965
210 231 9.076950
210 233 17.708823
210 281 6.136478
210 562 17.981119
212 348 9.093448
212 487 7.228347
213 313 10.547729
214 285 8.937122
214 344 5.890074
214 380 10.550907
214 505 3.884233
215 223 7.686669
216 416 11.750014
217 314 8.854757
218 251 16.654335
218 287 5.877713
218 403 19.425660
219 289 15.909718
220 228 19.384267
220 320 16.924595
220 452 3.699975
222 423 11.002742
223 399 4.229592
223 495 16.546320
225 547 12.099081
227 315 6.005537
234 276 18.662380
234 333 3.188535
234 399 11.713386
234 502 14.699771
234 530 2.118122
235 353 12.359265
236 535 16.502123
237 444 2.283019
237 498 10.732616
239 303 5.912586
240 353 13.595565
241 357 3.254870
241 400 18.803977
244 263 17.999843
244 417 4.533514
244 531 7.142052
245 288 12.165065
248 374 14.643184
250 322 9.410464
252 292 3.969535
252 319 2.978878
252 327 19.995541
252 328 9.651690
252 389 17.578103
252 517 10.165144
252 539 18.524795
252 556 2.667428
253 356 3.166365
253 437 18.663012
253 505 19.002368
254 301 6.979632
254 428 7.748133
254 430 9.596554
256 512 8.907072
258 521 4.610859
260 295 18.069132
261 263 5.812844
261 430 14.400176
263 418 2.275958
263 521 1.736275
264 545 13.420879
265 270 7.441301
266 271 13.453728
266 435 2.786403
266 508 19.047176
266 520 15.221775
268 473 17.649077
268 525 3.592941
270 330 7.083058
271 325 7.998539
271 394 11.206280
274 527 6.640501
277 315 2.151984
279 393 8.008689
279 447 5.836437
279 464 8.332505
279 564 4.742231
281 351 5.976031
281 374 12.912094
283 302 8.374923
284 560 7.562284
285 533 11.144207
287 420 15.665350
287 431 8.198491
287 580 12.162870
288 345 19.357850
289 299 10.917622
290 306 18.286154
290 371 16.079780
290 455 2.115655
292 338 9.152879
293 386 14.268050
293 529 19.747526
294 594 9.709150
295 466 2.762924
295 569 11.678174
296 347 3.404712
296 387 15.278872
296 504 10.645863
297 433 14.745196
297 598 17.517875
298 306 12.950012
298 491 12.636347
298 515 15.336836
299 389 17.006645
300 312 17.512022
300 356 1.692174
300 563 11.567616
303 311 5.109117
303 467 17.346572
304 412 13.319556
307 495 8.984227
311 514 4.573980
315 478 7.441449
316 510 14.371776
320 343 4.882831
330 401 2.778076
330 408 17.872546
331 414 15.519997
331 426 4.796104
332 333 6.553919
332 382 19.469333
333 359 14.455505
333 542 12.599918
334 336 6.844941
334 378 6.683378
335 566 1.750949
337 361 14.841155
337 390 1.820329
337 494 1.092289
338 407 14.860407
338 496 19.028601
339 433 15.373558
344 428 9.961164
344 523 10.234860
346 422 9.286592
346 543 7.168230
348 460 10.912570
348 543 9.191868
351 355 12.365190
351 490 18.064282
355 463 19.905179
355 573 2.496123
355 585 8.308986
356 470 4.433418
358 437 7.690289
361 447 6.461987
361 552 4.316206
361 599 15.517445
362 473 10.429486
365 426 18.465666
365 432 1.619256
365 455 2.272582
365 587 8.662198
366 586 2.525269
368 590 5.991862
380 474 19.734565
380 551 4.970233
380 558 4.764237
381 579 11.899173
382 392 10.461968
384 456 12.028328
385 508 8.157970
385 570 16.708485
392 469 3.633030
392 477 9.139460
392 548 14.105475
395 441 17.496492
397 424 8.021861
398 404 11.787166
399 573 2.313659
401 406 4.236063
406 418 2.313625
409 524 14.829737
409 541 6.473139
411 445 14.751161
413 551 2.261567
413 571 17.388408
414 537 16.875074
415 561 2.689646
420 436 1.451374
421 452 2.069487
421 457 17.218973
421 486 5.459366
421 581 11.417193
421 584 9.098640
422 510 16.114985
422 571 10.289068
422 583 10.512556
423 468 19.792747
428 592 3.852462
429 492 16.783375
429 535 1.983245
429 549 10.075327
430 477 17.840362
435 497 13.639065
439 503 14.019078
439 516 6.003028
443 457 8.952921
444 456 7.965040
444 482 10.907421
445 483 9.782331
450 528 7.211069
453 582 6.804132
456 559 5.766205
464 506 7.935898
464 540 3.848888
464 575 17.569982
469 513 12.440268
474 541 3.541942
476 574 14.183327
476 596 17.105663
476 597 5.513178
480 490 3.861411
480 536 1.163728
489 530 1.897756
493 499 15.482776
495 556 19.756540
504 511 1.852726
510 532 15.213348
522 542 2.365381
539 557 12.250524
545 567 15.365430
552 554 7.824884
556 564 1.207760
564 565 12.308598
572 596 19.833648
583 593 5.894731
8.789826 7.478518 16.105112 16.928902 20.845417 20.061465 22.850830 21.115454 9.945342 16.117548 10.948239 11.595708 23.638887 18.637918 24.491808 13.338251 15.748751 14.742308 7.145741 9.734040 15.552727 6.347486 23.629239 7.476874 8.959615 20.306424 6.938691 23.005562 19.514019 6.372417 18.836941 17.632571 20.146989 21.563957 19.367011 16.723526 11.449266 18.945473 24.139432 16.750436 18.286897 13.742561 20.122416 24.953348 8.207786 9.048106 15.788755 14.627508 16.431396 5.981481 13.085529 16.659565 16.703827 18.146679 19.404321 17.830944 20.804863 17.495213 15.750153 17.123929 7.023867 10.463131 15.547996 22.459744 18.581031 6.808162 16.845499 9.434760 19.680331 21.548817 16.869125 16.827252 11.771829 13.925000 22.282167 19.466407 15.395073 12.364648 6.007595 7.860148 8.860504 12.467671 23.882873 15.103068 9.696803 7.115003 11.766110 21.314613 12.666856 20.450116 21.054100 7.216415 17.173195 24.181921 13.042761 6.018882 23.466054 22.673326 15.442829 16.045062 9.234822 21.389015 14.972001 5.677556 18.660299 24.009925 21.583010 10.543963 6.066502 23.807028 23.741254 15.648306 17.846348 14.252001 13.395307 7.388969 6.935058 9.654643 21.732815 7.916646 9.533973 15.972281 9.302624 8.264134 16.266325 12.361865 17.523186 23.244107 8.019863 23.268673 23.049799 21.581752 17.625718 17.402933 17.784253 18.809911 5.329644 24.161852 16.712075 20.629317 12.545637 5.247944 15.194693 15.143802 13.739786 11.794341 9.996522 15.550897 12.505563 24.398638 8.458546 11.393311 10.879209 15.866184 14.985605 17.874809 24.000035 10.704422 18.855431 5.500804 10.247769 14.274395 5.619896 17.353389 18.566212 19.934634 15.331490 17.078893 12.921305 5.825061 6.999037 18.099918 24.911106 5.316065 16.151670 20.020175 21.535497 15.904098 17.398320 18.934499 22.179325 7.445791 23.523644 5.520348 21.723995 6.534809 8.892564 5.077883 13.905134 11.687185 8.319858 14.021803 13.047418 20.353221 22.862606 18.051345 7.488208 10.907816 23.266366 6.774690 13.137117 23.850092 24.013297 13.224064 18.347938 14.134912 20.069211 5.631627 7.883143 17.283976 9.651045 18.321046 12.024459 22.732911 21.385188 14.856756 20.457902 10.422758 14.885196 8.949641 22.217723 21.461352 23.042993 22.549540 24.191925 9.566725 23.636486 16.424264 13.449902 16.207478 11.852047 10.771060 9.826287 6.648560 14.931298 22.755234 17.603039 15.419513 13.571858 14.288033 9.185547 21.458718 8.967659 19.332455 20.199700 16.497381 22.258527 10.821007 22.632344 19.588209 20.974997 18.291594 21.926860 24.861977 13.403257 21.278314 19.891595 14.057403 23.538980 12.888519 16.309318 7.118847 9.515504 21.813923 12.931054 12.881682 9.919620 14.832207 21.116339 22.903282 6.402289 16.496415 14.345467 17.285637 13.945514 12.972896 14.437614 16.639983 15.019664 14.442889 21.356706 19.912960 11.827570 21.011542 22.073013 8.069844 16.653649 10.706240 19.783446 9.775707 18.428070 10.102493 15.222875 23.972929 12.626151 22.514770 24.738892 22.497017 8.317321 21.393164 5.642988 12.866038 22.414667 18.775044 15.654809 12.757281 21.245939 19.191168 14.368106 22.849687 9.598960 8.407830 17.856075 24.439887 9.945131 9.993408 7.789977 22.211271 9.527951 15.063571 24.817450 5.242818 16.129722 15.245781 21.148948 12.105631 13.206827 8.358760 19.816305 20.694178 7.733266 12.869141 22.858100 5.054145 10.975181 16.100846 11.681877 10.440904 14.200750 8.630462 15.592505 19.133918 16.505899 6.862187 21.888172 8.499557 20.296240 12.211302 20.655227 9.125458 8.733242 14.940517 5.658720 9.505947 19.480245 21.747670 6.615707 22.641554 20.950344 22.393686 18.968571 18.483061 15.501865 18.055744 23.382193 7.010440 11.315290 6.449099 23.896103 13.905309 18.506889 21.822401 24.820005 8.235649 20.990252 22.748458 5.977508 20.081811 12.094506 17.971936 15.280964 10.194845 7.704427 7.338945 7.066457 17.755801 12.028217 9.332669 18.837702 18.736991 15.783366 23.699156 12.708285 21.717259 6.502788 19.796622 24.768948 21.931964 16.593294 17.535321 12.065791 18.589704 20.407908 24.964570 14.849258 6.226081 16.917159 7.380483 9.895301 11.575598 19.620597 8.676162 8.315059 5.899285 22.464799 18.870108 5.798929 5.565846 16.173486 10.650688 16.934527 13.692084 23.466251 10.756180 18.582907 6.081086 24.117211 24.615149 19.781493 14.304249 9.399869 21.250327 19.727082 9.439081 14.024306 14.255979 21.528211 18.676894 17.863351 17.996548 10.409402 12.434225 5.913246 20.738823 13.659964 13.764767 9.907125 9.188546 16.756439 9.651060 6.284177 20.350148 12.529389 12.604712 13.626366 21.300896 11.416738 20.160724 23.790897 18.217364 13.633622 19.955794 14.157947 13.288545 15.505663 11.354447 7.085004 13.297040 7.477138 13.208829 16.138674 23.614224 5.724447 17.429168 14.154704 5.405223 9.990964 7.369705 9.335883 10.491405 13.026127 15.580788 5.019800 8.237387 6.871328 15.993468 11.581497 15.967955 9.436466 5.484587 23.827338 7.166162 7.537175 7.930937 24.625530 17.353205 17.205799 24.733964 6.768775 24.490018 9.080263 17.461430 13.401671 12.679036 23.624867 7.984555 24.941380 12.582501 17.975498 24.358135 6.152021 23.457287 16.356228 19.087938 7.983684 15.667749 18.470274 14.124946 8.099704 9.882382 22.087856 5.689420 19.177242 24.987801 5.149660 8.220914 18.482886 6.199817 16.795800 18.680002 16.762927 12.303694 18.945646 16.885889 9.152743 16.262711 22.638144 18.336666 14.435830 11.431682 6.717724 9.892543 5.223735 24.732518 9.449645 21.297519 8.372898 10.672023 13.365546 11.488113 20.967016 24.153868 22.505890 8.071557 20.533774 7.958938 23.267622 15.357572 11.727622 8.140510 5.236182 9.958940 23.280401 20.945244 24.395874 7.015230 16.843575 10.143009 15.858834 11.409098 10.669311 16.476906 8.666363 14.382669 18.016245 7.563641 23.611885 15.114494 21.390559 18.078109 19.200019 19.322619 22.501998 17.272109 10.564343 6.990193 17.125012 6.327056 9.825869 6.214144 15.977752 8.206762 17.208146 20.817303 21.437614 11.190870 15.979091 16.260215 14.457744 18.102278
40
154
0 3 6.675819
0 9 9.458849
0 14 9.651345
0 24 7.126154
0 27 8.360343
1 6 8.131826
1 17 5.421732
1 31 7.340125
1 32 1.704331
1 33 7.822190
1 37 9.656497
2 12 1.764773
2 25 8.525042
2 30 9.396820
2 35 3.035700
2 36 5.723301
3 4 9.350724
3 8 9.642034
3 11 2.150941
3 18 4.141038
3 21 7.283302
3 24 2.994026
3 25 3.922936
3 30 1.209620
3 34 2.381695
3 35 6.060965
3 37 6.877811
4 6 6.840206
4 10 8.005244
4 13 4.737533
4 16 3.461416
4 20 1.140226
4 21 2.859668
4 24 3.811490
4 27 2.603862
4 33 1.181300
5 8 2.417028
5 9 6.994896
5 10 6.666269
5 11 9.421153
5 16 8.183515
5 19 6.109805
5 22 2.238007
5 27 6.076646
5 30 1.554356
5 35 4.877964
5 37 4.512328
5 39 4.850324
6 10 3.518433
6 16 7.172474
6 26 8.568500
6 28 7.916653
6 31 6.649769
6 32 5.845103
6 34 1.279758
7 9 7.506406
7 16 5.904846
7 18 3.436669
7 21 3.950578
7 23 9.420461
7 25 6.619260
7 30 5.283212
8 10 6.588296
8 13 4.723681
8 17 5.231640
8 18 3.612783
8 19 4.958680
8 21 7.170330
8 27 1.359477
8 29 8.155247
8 30 3.546816
8 32 7.143038
9 14 6.784528
9 25 6.873652
9 31 6.473160
9 33 9.631917
9 34 5.575097
9 35 7.590872
9 39 7.349044
10 23 3.126408
10 26 3.549753
10 31 4.816154
10 35 3.499281
11 17 4.300688
11 19 4.518646
11 21 6.434781
11 23 2.979010
11 26 8.238627
11 27 4.937827
11 30 7.356197
11 39 1.732982
12 14 5.229689
12 16 1.253976
12 21 7.083190
12 29 4.093391
12 33 9.543275
12 38 3.917118
13 16 6.074253
13 19 3.316488
13 21 6.581014
13 31 5.203381
13 32 4.335654
13 37 2.833204
14 16 2.003692
14 24 2.078912
15 20 9.991360
15 23 4.710797
15 24 1.017367
15 27 9.576359
15 35 1.179819
16 32 4.767275
16 36 7.457298
17 18 9.231393
17 19 7.415977
17 36 5.172632
17 38 9.769978
18 27 1.353874
19 20 9.882030
19 24 8.644524
19 29 9.360370
20 24 3.292952
20 25 2.282123
20 30 6.969838
20 33 5.642735
20 37 5.708512
20 38 9.321573
21 29 6.580728
22 28 3.799575
22 31 4.600599
22 34 2.201463
23 24 2.730826
23 26 2.290151
23 28 8.292622
23 39 7.343861
24 28 5.773105
24 36 4.369311
25 34 7.016449
25 35 8.316148
26 28 8.931099
26 33 5.923146
26 35 8.378966
26 36 5.601754
27 29 5.270771
27 30 8.788887
27 36 4.477365
28 32 4.563214
28 37 3.744202
29 39 5.668316
32 34 5.903650
32 38 6.944150
33 35 4.874521
35 36 2.960536
35 39 8.801579
36 38 4.114008
485.195343 277.656359 379.949363 373.150487 457.847274 257.789085 481.423207 371.646150 387.505066 365.479675 227.966840 361.687415 293.954697 316.906842 405.774381 361.863306 244.554326 238.702510 271.364083 272.880174 393.941118 269.089350 473.239355 278.354544 243.949111 471.506918 303.171085 340.901897 495.660303 491.409360 424.862458 237.512734 389.602162 504.376003 492.148056 248.262086 332.359118 309.032249 255.143106 419.027568
