600
1197
0 1 18.474740
0 2 10.791383
0 6 11.073305
0 7 7.153403
0 11 10.223887
0 17 18.732799
0 23 17.393724
0 24 14.742921
0 29 13.049622
0 33 16.602733
0 35 9.623639
0 42 8.569070
0 49 12.636903
0 52 11.909130
0 69 18.789547
0 72 8.861727
0 110 9.652904
0 160 14.712792
0 204 1.343907
0 209 9.823434
0 257 16.197880
0 263 8.384953
0 358 12.928765
0 363 11.385873
0 375 18.661134
0 388 1.234323
0 407 4.878130
0 527 10.754526
0 577 2.469092
1 2 17.357815
1 3 15.324292
1 6 9.686193
1 8 11.440278
1 15 4.606652
1 20 15.689955
1 22 13.536840
1 29 18.936870
1 37 3.886202
1 61 11.732979
1 62 19.219679
1 98 14.638878
1 100 10.564930
1 124 4.431392
1 144 15.684751
1 173 1.517645
1 241 9.046391
1 258 6.361365
1 330 8.043390
1 373 14.379571
1 557 7.262688
1 574 4.472941
2 3 4.712322
2 4 4.677762
2 5 13.847518
2 7 1.290151
2 8 4.777667
2 9 9.946044
2 11 16.607847
2 15 14.604476
2 18 8.465974
2 25 15.128294
2 32 17.983902
2 40 2.545762
2 50 15.802067
2 60 17.781036
2 65 10.501208
2 68 10.141352
2 85 8.776045
2 102 19.329852
2 105 2.233674
2 128 5.690023
2 129 2.491464
2 133 2.884052
2 146 17.692059
2 195 12.238541
2 207 7.274064
2 236 5.267819
2 240 10.920857
2 281 8.807300
2 290 14.718819
2 322 14.807042
2 341 18.221257
2 367 7.842326
2 404 17.097424
2 471 3.912661
2 480 1.255704
2 493 5.800664
2 494 18.659395
2 525 8.534103
2 545 18.178716
2 568 16.854510
2 589 4.896287
3 4 5.311806
3 5 2.570469
3 13 1.138239
3 16 7.523672
3 21 15.804659
3 30 15.674839
3 36 8.222655
3 67 7.628216
3 69 14.120619
3 71 17.463234
3 101 1.551567
3 102 19.003092
3 104 11.237305
3 141 8.468485
3 180 13.641008
3 190 14.536153
3 205 4.024184
3 208 10.403464
3 225 7.458902
3 261 17.888098
3 284 4.011965
3 295 3.817621
3 438 13.090721
3 449 9.492864
3 522 13.802168
3 542 11.700136
3 554 18.606709
3 590 4.634467
4 9 7.785758
4 13 19.230406
4 22 10.612871
4 90 8.856300
4 117 17.702239
4 128 7.422948
4 138 4.955188
4 206 18.624308
4 374 14.348995
4 377 6.007566
4 382 3.369628
4 391 17.897042
4 552 19.300349
5 10 18.423469
5 12 13.902576
5 17 4.974320
5 20 6.131039
5 24 6.673690
5 26 11.628871
5 46 3.656230
5 63 19.592746
5 64 2.890881
5 89 19.303633
5 98 9.800115
5 107 4.168237
5 125 8.008247
5 127 11.392083
5 132 10.633560
5 142 11.796238
5 189 14.964418
5 222 15.349340
5 290 10.543227
5 299 16.810457
5 335 13.169748
5 345 4.104794
5 362 17.879006
5 447 2.442910
5 480 8.015769
5 504 15.550824
5 516 4.670470
5 578 2.291088
6 10 16.267263
6 30 10.862579
6 41 14.388870
6 44 11.041099
6 56 17.579830
6 79 6.157879
6 94 19.708807
6 125 3.412427
6 131 12.077249
6 137 11.435503
6 139 15.573127
6 170 16.218378
6 174 15.674178
6 175 3.026809
6 218 5.683578
6 239 11.822154
6 282 19.229024
6 359 5.093211
6 361 7.849885
6 460 9.084649
6 565 6.602226
7 12 8.262384
7 14 12.312201
7 43 18.290312
7 107 17.818156
7 479 17.815165
8 50 2.927320
8 97 18.031012
8 116 1.358274
8 539 4.067594
8 599 16.169162
9 21 19.372850
9 41 10.509329
9 57 18.434085
9 82 19.703280
9 90 13.246807
9 182 16.550227
9 360 18.267645
9 459 3.398649
9 485 19.153785
9 487 17.263556
9 532 16.898463
9 594 8.960344
10 66 1.061022
10 155 10.601020
10 183 12.047903
10 197 14.623835
10 212 10.885371
10 215 3.737998
10 229 11.176634
10 249 19.336064
10 274 16.564383
10 275 8.407094
10 312 6.190682
10 317 15.163650
10 337 5.847085
10 394 9.413076
10 457 13.918264
10 472 11.016117
10 543 8.850017
11 14 7.330591
11 25 19.322461
11 27 18.530731
11 36 17.497327
11 38 2.097340
11 39 10.856019
11 57 4.506497
11 58 5.089826
11 76 17.333544
11 124 11.826279
11 134 16.219477
11 154 4.116172
11 161 4.633049
11 234 11.596334
11 271 7.542847
11 279 8.437934
11 286 3.472002
11 306 10.746570
11 325 2.924811
11 410 12.581155
11 417 17.447484
11 439 2.064213
11 518 15.275857
12 43 12.510134
12 133 17.369880
12 494 11.978727
13 45 3.510761
13 53 8.829617
13 221 4.581315
13 269 9.789133
14 16 16.730507
14 18 2.643539
14 32 14.903867
14 34 5.762841
14 40 13.377242
14 51 14.856162
14 60 5.339591
14 67 19.665599
14 83 5.138882
14 86 6.633822
14 115 8.679561
14 145 3.382220
14 155 7.092823
14 195 19.167062
14 202 19.978077
14 219 9.291770
14 227 12.799877
14 228 7.121277
14 231 12.419498
14 246 6.879784
14 426 7.094950
14 430 3.066105
14 466 15.315153
15 19 6.199589
15 84 12.495334
15 96 12.862924
15 109 2.904723
15 283 16.370664
16 19 19.995444
16 37 2.145805
16 81 9.862383
16 120 1.711222
16 122 1.981056
16 233 2.710507
16 278 4.440710
16 458 14.076011
17 31 18.152919
17 38 17.507902
17 106 3.924132
17 401 3.252023
17 515 1.753494
17 539 18.492589
18 34 16.032914
18 49 12.853033
18 119 13.865315
18 138 1.217770
18 169 10.659837
18 172 10.501547
18 187 10.575431
18 196 16.847476
18 203 19.821156
18 277 6.267412
18 305 3.424919
18 450 1.174032
18 465 8.098061
19 33 5.462262
19 72 14.159391
19 110 7.609418
19 181 2.752498
19 226 12.523846
19 254 12.480562
19 281 3.061675
19 348 9.262570
19 376 2.658555
19 379 10.227524
19 410 8.334372
19 492 10.635668
19 569 14.748148
19 581 2.871841
19 586 2.171998
19 588 2.790460
20 28 16.005381
20 177 12.186337
20 232 13.250437
20 253 3.847448
20 278 14.478099
20 536 6.348980
20 592 11.811198
21 58 19.863272
21 82 16.443063
21 242 7.106066
21 244 16.618518
21 324 19.778404
21 349 19.531868
21 442 14.072322
21 459 11.749545
22 23 1.394174
22 134 14.492935
22 203 7.622846
22 205 17.967353
22 327 6.081177
22 343 4.328036
22 403 3.899468
22 559 10.235479
22 593 17.587464
22 597 13.372970
23 45 8.596978
23 63 5.520606
23 71 14.199917
23 74 17.408573
23 80 9.445093
23 88 12.763936
23 100 14.330057
23 126 7.320946
23 136 14.302292
23 163 1.129341
23 174 7.396199
23 320 1.351716
23 458 19.719831
23 535 3.750736
24 26 4.147610
24 35 14.961695
24 44 8.592559
24 78 5.591735
24 199 16.019789
24 219 13.009026
24 223 13.878416
24 262 18.095701
24 309 3.230636
24 332 5.658840
24 360 18.368421
24 414 11.665631
24 430 13.135680
24 440 15.738314
24 456 16.951058
25 28 4.754531
25 53 2.891200
25 61 12.642139
25 109 3.407122
25 156 15.756467
25 164 13.241443
25 192 1.996711
25 294 9.024072
25 366 17.033732
25 416 19.498811
25 445 12.176260
25 462 18.806523
26 27 11.715232
26 31 2.267572
26 55 5.952996
26 105 2.906993
26 108 5.346049
26 111 6.221193
26 276 14.689320
26 308 2.177680
26 345 2.591897
27 47 8.599931
27 97 10.757042
27 135 3.051470
27 165 16.465868
27 199 17.820088
27 238 10.248008
27 254 9.770389
27 292 11.838384
27 347 3.735197
27 353 2.637541
27 405 15.123916
27 429 13.849851
27 523 15.985692
27 582 4.771959
28 235 2.181587
28 248 19.227137
28 329 7.128260
28 386 7.910740
29 73 19.495935
29 313 1.965204
30 48 6.811375
30 64 12.242016
30 249 7.419681
31 103 19.161072
31 119 1.682401
31 211 15.833508
31 306 12.319154
31 388 1.680970
31 416 14.615673
32 68 15.521826
32 325 19.221975
33 455 1.649674
33 509 9.036284
34 75 19.099360
34 91 16.148735
34 104 18.815096
34 191 4.253684
34 302 8.117064
35 42 15.026157
35 52 6.723535
35 56 7.176922
35 78 11.681305
35 86 7.638521
35 92 4.541980
35 117 15.652639
35 120 17.394671
35 270 10.612385
35 321 9.293288
35 337 5.034945
35 386 19.828624
35 413 11.022184
35 451 8.820777
36 472 14.256898
36 521 4.444279
37 314 14.066161
37 344 2.027078
38 39 8.696246
38 47 16.068981
38 51 19.645422
38 54 18.099081
38 66 17.827744
38 70 3.933112
38 75 5.167289
38 99 15.750659
38 158 4.538849
38 159 4.008212
38 169 9.001296
38 271 15.028717
38 272 10.434011
38 293 2.880093
38 358 2.586844
38 378 10.572440
38 383 7.862335
38 392 4.623636
38 429 16.313900
38 446 11.624506
38 467 8.049418
38 512 4.489513
38 533 5.988651
38 583 17.358005
38 596 10.796620
39 114 1.849708
39 143 8.335159
39 223 18.001700
39 371 12.607563
39 463 3.983500
39 524 5.473925
39 595 18.665558
40 59 4.924333
40 77 11.476498
40 147 17.846624
40 242 4.917662
40 269 6.045760
40 311 16.570173
40 387 15.412334
40 439 17.807491
41 81 19.936231
41 126 13.244695
41 175 10.843129
41 315 1.304451
41 551 1.661076
42 48 6.524360
42 54 16.548205
42 55 12.992923
42 59 14.747710
42 62 2.499068
42 79 10.905602
42 88 6.238315
42 91 1.175096
42 118 4.164586
42 182 10.472542
43 46 15.048095
43 74 15.168988
43 103 11.291964
43 193 19.958253
43 232 13.410848
43 380 13.945840
44 351 6.114844
44 461 19.898221
45 116 7.211538
45 178 2.347314
45 318 4.469615
45 402 5.042099
45 440 5.742748
46 495 12.343042
47 106 18.043608
47 127 17.250117
47 356 17.374681
47 413 16.412440
49 89 8.644957
49 145 19.326968
49 152 7.493401
49 243 16.345870
49 245 5.395044
49 510 7.834297
50 324 10.607202
50 336 11.166599
51 130 5.161344
51 186 16.598223
51 288 15.143400
52 167 8.538428
52 172 12.288373
52 200 14.132989
52 245 5.573928
52 250 7.922420
52 256 5.089858
52 257 10.474561
52 295 7.932222
52 431 12.077291
52 579 16.970843
54 132 16.128345
56 94 10.710982
56 123 17.778481
56 153 17.175674
56 168 6.797355
56 369 16.949929
56 411 17.071239
56 449 10.204888
56 540 17.578540
57 129 4.937257
57 419 14.242874
57 466 3.561590
57 518 6.086813
57 587 15.665021
58 70 2.732262
58 272 9.793888
58 444 7.604927
58 490 7.067012
58 526 5.728224
59 65 2.537398
59 96 15.409801
59 259 12.806786
59 401 15.629986
60 130 11.574383
60 164 8.674433
60 235 13.419005
60 250 7.266537
60 486 11.507864
61 143 16.233495
61 184 10.295569
61 264 11.825384
61 309 17.263281
61 425 8.646179
61 503 1.243535
62 83 16.448107
62 150 19.052377
62 189 17.066570
62 213 17.138753
62 280 18.956841
62 334 9.975965
62 415 12.937587
62 427 12.185379
62 547 9.906538
62 549 9.929153
63 262 1.518591
63 473 16.997516
64 118 5.243289
64 157 14.790293
64 180 7.964347
64 233 1.147937
64 562 11.583678
65 73 8.135950
65 101 19.490750
65 266 2.321868
65 300 9.945329
67 76 5.131577
67 77 18.357529
67 92 18.808375
67 207 1.204623
67 251 12.570003
67 289 13.391347
67 302 11.346339
67 330 8.653991
67 395 2.779229
67 398 16.844822
67 477 4.174096
67 520 18.209913
68 123 13.213075
68 154 5.803575
68 167 18.405764
68 411 5.416435
68 581 5.491024
69 80 3.551287
69 114 17.016616
69 148 2.324827
69 161 3.337622
69 176 7.046816
69 491 18.078358
69 585 9.825895
70 158 14.943326
71 85 12.927023
71 87 2.811329
71 95 2.940721
71 108 1.241777
71 452 12.901586
71 541 14.624878
71 555 17.920497
72 197 5.935436
72 247 8.867218
72 267 10.343015
72 575 4.310474
73 87 12.755299
73 93 2.165043
73 140 19.319798
73 166 8.058811
73 200 18.637965
73 213 6.143699
73 255 11.979826
73 355 11.414481
73 523 15.163669
73 542 9.677061
73 544 7.534349
74 95 5.377316
74 113 5.627171
74 214 3.441972
74 558 15.951118
76 113 2.197597
76 122 8.846225
76 322 3.640868
76 412 11.628162
76 535 1.467690
77 208 2.954672
77 284 7.959510
77 288 2.486435
77 327 8.376932
77 368 4.684312
78 566 13.954005
80 341 15.491216
80 550 9.856006
81 84 18.461889
81 136 16.642181
81 141 9.532936
81 287 2.888778
81 312 19.955903
81 432 8.293004
81 505 7.300907
82 210 6.045122
82 216 16.096693
82 508 1.699229
83 112 11.225619
83 218 7.381456
84 135 16.020881
84 142 15.551284
84 280 4.277572
84 297 10.655909
84 308 18.444215
84 414 12.545836
84 446 13.396860
85 179 14.402739
85 314 6.212253
85 489 3.243986
86 225 15.413328
86 409 10.217396
86 487 4.073005
87 185 19.290778
87 474 9.374180
88 93 14.342344
88 193 8.018191
88 503 18.967208
88 592 14.591113
89 418 4.780313
89 441 11.354621
89 500 4.748462
91 412 8.968970
92 112 18.152068
92 508 15.215805
93 162 16.059748
93 351 6.657139
93 374 1.105936
93 475 8.649889
93 481 3.932831
94 234 6.244848
94 289 10.774100
94 333 13.086842
94 551 13.083822
95 147 16.287543
95 160 18.795213
96 300 9.546545
97 252 16.556210
97 276 10.393211
97 328 4.728275
97 364 18.666508
97 365 5.429140
97 395 7.976475
97 400 5.808804
97 425 16.862321
98 99 14.698788
98 131 11.809596
98 453 19.417884
99 150 10.269133
99 348 17.172887
99 447 18.841864
99 468 8.324064
100 224 8.231797
100 299 19.781273
100 303 9.249770
100 315 15.593115
101 212 17.015850
102 206 16.438169
103 215 4.353087
103 463 4.871085
103 573 19.257918
104 230 15.430950
104 231 18.875624
104 252 2.076886
104 285 11.728437
104 397 6.223454
104 405 7.289886
105 424 17.634273
106 340 10.516713
106 574 4.895056
107 148 1.400657
107 286 7.314925
107 310 3.686603
107 331 15.148038
107 361 2.333100
108 171 13.624778
108 194 5.560320
108 305 8.314731
108 338 19.344982
109 115 1.959853
109 157 6.537237
109 183 12.543641
109 237 2.778749
109 408 12.694164
109 479 15.186894
109 491 6.292808
109 538 11.856403
110 111 17.235032
110 121 18.075514
110 140 1.982046
110 277 16.101973
110 594 6.986631
111 151 16.113618
111 293 8.439417
112 221 15.830934
112 462 10.879365
113 137 19.653938
113 282 11.524987
113 316 16.991039
114 500 6.057980
114 595 18.885509
115 121 5.483221
115 165 10.016832
115 187 15.233316
116 237 14.423498
116 598 4.586523
117 274 4.492348
117 307 19.487880
117 454 6.427467
117 499 11.261825
117 537 19.578546
119 266 17.692765
119 321 11.274377
119 443 12.262838
119 467 12.782097
119 540 15.944840
120 166 2.841995
120 220 14.005749
120 428 16.036455
120 469 2.142389
122 384 10.068306
122 406 9.171316
123 146 16.677854
123 470 15.213320
123 567 13.208156
124 151 1.597266
124 181 3.567932
124 228 9.167058
126 188 16.916096
126 238 15.853608
126 484 9.566886
126 582 19.026987
126 587 16.513515
127 149 14.082146
127 152 10.134715
127 163 3.721446
127 171 3.258558
127 188 4.614523
127 210 3.181155
127 340 18.383458
128 422 18.493186
129 263 14.955735
129 469 4.696293
130 291 8.065183
130 334 12.897045
130 357 18.975341
130 364 12.730326
130 370 11.787188
131 194 1.286615
131 256 4.970131
131 537 5.347067
132 216 6.820117
132 224 8.745278
132 436 18.864935
132 502 4.963820
133 144 2.575774
133 477 15.801271
134 153 8.101062
134 222 4.503544
134 380 10.233154
135 162 8.597188
135 362 15.917563
135 408 4.635217
135 553 14.161439
135 561 6.525393
136 236 3.907882
136 335 3.880073
136 367 12.875217
137 139 8.174407
137 196 8.845914
137 304 15.171381
137 391 13.192857
137 427 11.601948
137 478 4.702435
138 178 18.899867
138 381 6.136680
139 168 1.399910
139 433 16.373888
139 558 3.924912
140 375 15.714734
140 548 10.067565
141 185 17.495311
141 418 2.164829
141 498 11.891086
141 576 3.161982
141 580 13.963843
142 176 16.987594
142 283 4.921747
142 452 12.860453
143 437 15.884092
144 149 5.136833
146 190 19.280809
146 399 12.926860
146 450 18.726406
147 159 15.716122
147 258 13.932842
147 260 17.393432
147 352 2.215448
148 170 2.097508
149 156 11.454932
149 599 10.747246
150 316 14.264896
151 319 2.487199
153 227 9.959399
153 355 11.808020
153 572 17.042563
154 191 15.469675
154 202 2.642275
154 370 5.879830
154 448 12.482742
154 516 18.886609
154 591 6.692252
156 517 7.247058
156 578 17.488724
157 192 11.156821
158 559 16.373811
159 435 14.210995
161 179 3.462046
161 214 8.886994
161 291 10.194236
161 298 19.245339
161 363 19.429633
161 538 2.954931
162 279 10.469591
162 296 4.139836
163 198 16.963194
164 177 10.616098
164 435 11.834527
165 201 18.933124
165 240 17.474141
165 317 7.774081
165 422 2.459384
167 173 9.633695
167 211 1.747622
167 229 5.351246
167 246 9.870763
167 344 8.271946
168 365 17.331108
168 384 13.448907
168 533 8.267505
168 565 11.601682
172 209 15.724848
172 576 8.276229
173 326 1.404615
173 406 2.108193
173 457 11.028651
173 497 4.378769
174 201 2.170894
174 525 12.742128
176 184 4.211501
176 301 2.874043
177 434 16.018867
178 441 19.376434
178 471 18.570485
179 198 13.943322
179 556 9.550303
179 571 11.595880
180 251 3.049545
180 437 15.835346
180 507 4.738430
181 268 14.071753
182 385 1.825899
183 248 9.407828
183 259 15.910560
183 323 9.654350
183 353 13.033325
183 489 10.762902
183 588 5.296335
184 354 17.195929
184 454 16.444315
185 186 5.330628
185 217 4.327751
186 220 17.982430
186 468 8.943728
186 563 10.205684
186 570 2.974536
187 432 6.676600
188 268 7.515042
188 397 10.886924
190 265 12.277770
190 294 4.732638
190 319 17.170190
190 534 17.620866
191 298 17.676121
193 342 13.164047
193 390 15.162720
193 577 7.291456
194 275 14.866814
194 399 17.535233
195 230 7.861879
196 204 1.611780
196 239 4.464966
196 484 14.712953
197 387 11.979065
197 546 11.640029
199 217 8.624513
199 396 13.630018
199 443 12.378439
199 547 2.431589
199 583 4.824787
201 323 8.922684
205 356 15.184435
205 485 11.818952
206 473 17.999565
207 512 12.670807
207 561 13.917276
207 584 1.999004
208 253 14.606037
208 329 15.977512
208 346 13.854984
208 366 19.079147
209 273 17.643911
209 297 8.150657
209 331 2.533331
209 359 15.657871
209 396 3.036162
209 486 4.685925
210 226 12.315413
211 436 8.018929
211 482 19.893835
212 349 9.412109
213 265 6.493069
213 373 18.591804
213 474 2.700226
213 493 18.884743
214 332 3.680461
214 571 3.987098
215 304 17.114041
216 378 8.496631
217 336 3.978535
217 390 16.526289
217 495 18.241567
218 267 12.638459
218 342 10.062967
218 369 17.018422
219 381 5.902500
219 470 10.728743
219 531 18.368216
220 354 9.052257
224 591 19.653768
227 243 18.745579
227 255 7.135886
227 264 14.830138
227 339 13.396871
232 241 12.802546
232 333 19.333815
232 572 3.275215
233 247 6.198475
233 301 1.239521
233 347 8.413357
233 371 1.486324
233 465 13.776447
235 287 15.362260
235 464 15.144062
236 453 5.516650
237 310 10.619830
237 326 17.210714
239 244 5.526502
240 260 6.413291
240 421 3.015263
241 560 1.213737
242 273 17.438730
242 585 3.778908
242 586 18.512939
243 546 9.489332
244 313 13.889699
245 445 14.400525
245 550 15.906793
246 376 14.492730
247 350 12.948868
247 393 7.354713
247 444 12.590170
249 270 17.462479
249 497 14.993907
250 507 18.966320
251 511 18.738831
253 557 5.518431
255 307 15.440012
255 339 10.822503
256 296 12.419501
256 499 9.858522
257 402 2.976037
258 528 9.370598
259 261 1.341614
259 372 17.356095
260 464 19.761624
261 311 6.817697
264 318 4.214974
264 590 18.824669
265 338 6.449268
267 285 2.568379
267 515 1.346005
268 383 11.842746
270 564 19.525686
271 346 16.026938
273 328 3.049639
276 393 10.779002
277 519 2.568933
278 521 6.901031
280 350 15.690760
280 541 6.998500
281 448 5.705195
281 532 15.655437
281 589 2.315159
282 584 19.475288
283 404 5.307011
283 514 12.136275
285 292 15.097671
285 372 19.583317
285 549 2.763426
286 303 17.412320
286 527 15.323880
288 320 5.904374
295 434 4.382926
296 460 16.510857
296 461 12.916433
297 481 11.502071
301 403 8.240079
302 417 1.356956
303 433 10.023223
304 475 17.373745
308 596 18.147394
313 502 7.718138
313 509 19.417795
313 514 13.946200
313 575 16.463134
314 451 14.782347
315 423 15.291552
315 431 19.975828
315 548 15.520014
318 382 10.506512
318 421 10.156758
319 377 7.064934
319 385 3.052223
320 476 16.084081
321 423 11.882992
325 563 18.210093
326 343 19.878555
326 530 5.189325
330 424 13.223189
333 419 14.125152
334 566 10.855834
335 379 2.057506
335 420 15.587921
336 352 19.579189
337 389 11.856902
338 498 8.395050
339 560 2.405685
339 570 4.959261
341 438 4.692398
342 426 17.766856
342 482 18.857565
343 428 19.702272
346 368 15.773817
346 510 3.501052
349 394 3.579360
349 398 14.914791
351 522 1.128805
353 483 15.423694
355 357 1.741404
358 569 3.478083
362 519 3.442288
366 407 5.220256
366 505 13.061707
367 400 5.533518
368 389 13.874711
368 420 15.662479
373 392 3.136409
373 545 5.684398
373 552 16.962935
374 409 4.046108
375 415 6.551827
375 506 4.776109
375 536 15.296983
376 488 16.110446
377 524 6.326001
384 492 16.231223
385 478 7.572255
388 501 9.604689
391 506 9.046282
392 490 11.308242
393 442 17.959710
393 531 4.726627
396 456 14.493267
406 476 15.444114
407 517 13.723097
412 520 10.213056
417 567 13.919048
418 496 5.196987
419 534 6.111832
422 529 1.428289
424 455 14.991290
424 488 5.554310
424 496 4.021799
430 543 19.439761
433 564 6.847932
440 553 3.216251
444 530 19.874985
445 555 13.804690
446 529 2.992537
449 513 9.460931
454 483 11.756419
456 568 6.378105
460 580 18.696925
467 511 1.867323
467 528 14.005568
471 501 14.592858
473 544 9.114322
474 593 3.197342
476 526 5.345397
479 556 9.045265
480 562 6.652862
481 597 2.310010
488 504 18.928376
497 513 5.154410
531 554 13.040005
546 573 3.941099
554 579 13.476541
581 598 17.766794
22.279975 20.713624 21.293797 19.500089 22.986217 20.343444 17.578577 10.076041 10.615549 23.425040 18.220567 5.660388 14.231652 24.610505 18.495753 7.169260 20.421600 6.207537 8.185871 8.883224 23.749011 23.535628 21.949649 23.749270 5.968568 8.259729 9.095863 16.862482 21.390810 8.018059 18.284765 8.099730 10.215150 15.920768 5.752408 7.053339 17.707317 21.368924 19.892684 19.768330 12.479688 14.284179 9.612592 21.259122 5.084770 9.112695 17.272777 8.932972 23.015542 7.180779 6.704694 14.878681 15.115360 20.593636 19.625021 5.261385 24.652301 24.385445 16.127207 19.203589 14.267937 8.982335 12.388808 19.368406 24.412524 13.728762 20.017845 19.811756 24.511995 5.226020 7.911265 10.348414 12.025787 13.980764 21.065990 15.119311 20.496023 16.485038 23.756239 14.339306 8.030098 15.470805 6.059956 24.546670 15.741015 10.610104 6.613374 15.784473 19.040614 9.211488 15.691639 5.595911 10.708880 14.646592 20.279723 11.644490 17.473501 11.252673 19.827500 15.994014 18.839573 9.381671 21.333227 9.496093 8.630581 17.020363 16.671371 5.063055 14.552283 20.949293 14.472580 16.289530 15.239964 17.157968 22.840567 14.237012 12.841162 5.015196 9.025782 24.482281 11.326099 18.640931 9.970056 18.320575 21.035985 6.814518 5.342616 24.492863 22.746521 19.291371 22.904397 6.584605 24.853869 24.550166 14.940340 20.929310 16.034004 16.945993 9.923931 19.061820 10.024717 5.415583 21.745232 10.183055 18.251247 23.076825 23.358644 12.762371 15.797300 19.409415 18.919193 18.082199 11.456716 9.061130 20.853393 24.707483 6.667956 22.689971 16.184462 7.438154 7.267164 12.777227 6.517107 18.923074 17.833267 18.747649 19.954883 19.647331 14.972583 5.877154 19.160499 18.362854 16.953312 19.853413 12.508970 8.694538 20.422077 9.065383 12.581609 17.555578 7.930963 10.174810 22.697256 15.664102 18.100157 19.881290 17.121038 9.045464 21.007863 18.758054 17.566884 22.118620 13.327159 8.308499 15.899094 10.758458 23.081702 6.189418 8.256653 19.524289 13.788852 10.740411 18.735799 17.870471 22.764366 10.080703 24.818035 8.681871 23.033689 10.786921 8.748338 14.734420 15.276869 15.703009 6.067879 11.442033 19.700594 6.450678 7.814767 10.646739 10.532169 18.137841 20.221205 22.971559 15.545119 21.952419 16.749170 18.655069 18.930081 21.462196 10.147027 7.932712 13.120750 19.085897 10.606569 8.504611 23.465397 7.411220 8.116690 11.677697 7.563901 24.992002 8.243769 7.089867 15.022798 5.300044 16.261963 8.523948 7.515128 8.984321 21.806202 15.204184 12.897722 18.653592 7.449566 6.805510 9.184142 22.781136 24.095326 23.808661 8.497077 20.007317 19.320864 16.466731 6.499066 11.961935 14.399244 5.443797 21.923655 10.076724 9.051911 20.869290 22.365243 23.467813 22.693070 24.778974 24.769859 18.909549 21.597384 6.837949 14.699127 18.802466 11.396730 19.377477 10.538485 6.841929 18.265439 15.491804 19.966100 20.385473 21.207830 6.371214 15.518698 9.358655 6.643522 15.920106 11.448649 8.764438 16.015861 6.963687 18.162382 23.503896 22.481113 6.299940 6.370302 7.279439 17.384412 20.640458 15.864832 12.550643 21.918879 23.920460 16.094514 15.665245 11.273665 13.315652 12.081310 20.085966 12.506087 10.844679 18.200686 24.921028 10.152828 9.787350 21.820089 19.425544 17.758091 16.890959 13.615553 13.734491 23.176978 22.003017 23.363986 12.124275 10.435788 21.890576 12.253962 15.062868 10.764825 13.722144 8.672599 17.967094 20.304262 15.594351 6.425033 7.735401 9.148639 5.516679 13.880911 7.087699 24.796410 7.560231 13.162327 15.010676 20.592126 17.924821 16.429013 5.508810 22.274804 13.977711 23.516839 6.261149 14.693523 21.647629 9.797995 14.655656 18.093782 9.848983 13.072254 7.200909 10.286982 13.886602 11.502952 5.647472 13.985856 10.918388 14.865050 8.418788 5.077139 5.268344 6.125853 14.710229 23.309391 23.411891 7.309366 24.232657 20.917676 12.261749 7.519643 12.416513 18.978424 23.694868 22.921679 22.119298 14.735687 13.850043 24.196979 22.667386 15.175909 11.992295 12.315668 14.802496 12.467080 5.605964 8.341039 17.731721 19.759556 11.033173 19.196144 8.503708 6.136356 23.698990 12.460665 14.289500 19.690428 17.321688 10.651989 18.428047 5.146362 9.118956 9.309765 9.211730 14.330914 6.382758 5.928077 6.557147 23.440029 14.702258 11.302458 16.185844 8.928011 20.290313 16.601570 19.833889 7.878828 19.708451 8.158326 22.147785 6.952478 13.598085 13.623275 15.280069 20.475854 9.991515 23.427929 5.414750 5.885962 21.479967 15.358409 16.946060 23.047930 22.791924 12.510278 12.260369 10.483227 21.953478 23.650921 18.650185 13.920242 23.158106 5.222846 24.551128 14.771728 8.188939 14.670478 14.988389 18.022055 16.056749 8.457790 13.201027 22.691487 22.167595 11.119953 23.551744 18.648160 6.751330 22.605554 20.157988 15.114123 23.771705 13.342350 8.754661 7.586377 10.966090 8.776144 6.749074 22.290470 12.862807 14.393438 14.330747 15.358218 9.938427 7.400196 10.723640 14.405882 8.589454 10.454218 23.038858 21.990442 14.181462 22.971404 21.563659 18.797819 21.637152 9.644231 18.888445 11.406457 13.742421 5.977055 17.835399 14.005486 13.720809 8.774454 14.750704 12.671533 12.849195 10.493756 24.165368 21.517624 13.333885 15.291366 22.379167 5.783487 21.468525 9.084483 11.251576 24.608762 21.635740 6.481005 19.598180 15.123041 18.767861 21.618708 13.455299 9.250030 21.651675 10.462211 15.144511 23.003606 15.175417 16.778968 6.488141 22.441408 6.328331 15.757603 11.252660 20.835651 20.262699 18.192179 24.075181 24.314598 21.832547 23.961666 23.645225 20.974239 14.081279 17.735382 18.302264 17.399993 16.626464 14.292940 22.331893 14.998896 6.446333 10.848784 24.343452 18.797721 18.352755 13.136067 13.896241 10.283841 22.788235 15.477814 19.436518 6.939068 22.730433 20.023349 15.443236 6.457755 6.915990 10.958994 22.854376 11.098932 18.509827 23.721267 7.851082 14.319541 9.087462 9.260681 22.145813 9.636138 19.500939 12.202520 8.583873 21.986947 9.922464 16.995153 24.717021 19.629750 24.065135
40
146
0 2 2.584631
0 4 1.404593
0 8 8.775234
0 9 9.084425
0 15 7.407764
0 26 9.641341
0 27 9.241688
0 29 6.970816
0 30 2.700231
0 39 9.881629
1 4 1.494583
1 6 5.340931
1 10 8.786162
1 17 5.270235
1 21 8.238637
2 11 1.406177
2 18 5.276620
2 21 4.680119
2 23 2.950376
2 24 6.123082
2 39 8.726314
3 4 2.359055
3 13 6.792666
3 15 2.241516
3 17 1.173041
3 18 9.915747
3 21 5.241744
3 27 5.555850
3 28 4.251354
3 31 1.700447
3 34 8.950385
3 39 5.643919
4 8 7.200894
4 12 8.961916
4 18 6.763041
4 19 2.033278
4 20 6.346143
4 29 5.018820
4 30 6.361123
4 34 3.983142
5 9 8.234668
5 31 2.316714
5 32 9.462528
5 34 5.821100
5 35 3.687841
6 8 2.791023
6 11 5.458518
6 16 2.591072
6 20 7.981090
6 26 2.063187
6 32 6.297999
6 35 1.651740
7 14 7.080271
7 26 2.896112
7 31 2.140434
7 33 9.558812
7 35 6.376856
7 38 9.451550
7 39 8.483556
8 13 3.296231
8 19 1.895870
8 25 5.844834
8 28 7.179520
8 32 5.119341
8 34 9.315575
8 38 4.960881
9 10 9.819293
9 18 7.835687
9 22 6.451856
9 29 4.442830
9 32 1.642151
9 34 6.573830
9 35 2.851431
9 38 8.273865
10 16 2.685316
10 23 7.780681
10 35 5.944773
10 38 2.669350
11 13 5.231976
11 21 2.056437
11 34 6.605185
11 35 6.182355
12 13 8.922688
12 15 2.943340
12 29 9.807537
12 32 4.195245
13 18 3.288390
13 19 3.643348
13 23 3.031838
13 25 7.599710
13 34 9.319166
13 36 8.798337
14 16 7.033158
14 17 7.588330
14 24 7.704381
14 27 8.792601
15 18 8.080635
15 24 9.763072
15 36 4.775186
15 37 5.624498
15 39 5.386589
16 19 5.056438
16 22 9.978824
16 30 5.286441
16 32 4.846451
16 39 2.121432
17 33 8.049926
18 30 9.081220
18 36 5.719752
19 26 7.854185
19 33 8.929507
19 34 1.516596
19 35 1.357847
19 37 6.616372
20 25 7.109269
20 28 3.069387
21 36 7.950883
22 25 8.506505
22 34 4.723195
22 37 1.772566
23 26 7.132470
23 30 8.744530
23 32 2.040033
23 38 4.924596
23 39 2.229334
24 26 5.542564
24 28 9.857472
24 31 6.289481
24 33 4.845548
24 35 8.105453
24 38 2.159000
24 39 8.828921
25 39 6.003133
26 31 6.061484
27 34 5.992055
27 38 7.716981
28 35 5.472220
29 32 1.785400
29 34 9.703429
29 39 4.625736
30 34 7.921876
30 36 3.000965
31 34 7.769124
31 35 5.372139
34 37 2.064951
35 39 5.788700
275.685755 399.467748 483.705859 376.869944 392.613683 242.663530 305.165433 462.117155 287.869218 398.873631 403.495097 388.774819 254.500432 263.788677 223.590583 458.700422 456.369853 353.257938 393.688838 223.019599 231.214554 463.440170 495.243124 420.321632 483.189142 452.763642 419.223007 315.858659 315.250484 385.485332 281.940208 221.035549 248.690236 430.881531 294.334045 226.544721 414.273682 271.635430 264.366403 257.903421
