700
1397
0 1 15.236838
0 2 2.902810
0 3 12.729339
0 4 12.756634
0 6 15.937569
0 10 10.447219
0 11 2.969045
0 13 10.550803
0 16 7.478504
0 17 1.196501
0 29 1.448654
0 32 12.270655
0 49 12.827160
0 50 1.135029
0 62 10.957287
0 65 11.227892
0 72 16.301138
0 76 3.665889
0 78 9.025057
0 120 2.031639
0 124 2.939734
0 155 11.514208
0 166 13.981294
0 168 8.126632
0 212 3.920234
0 228 6.856447
0 232 8.620244
0 253 18.890038
0 258 3.886935
0 283 10.431542
0 302 7.637344
0 306 11.808201
0 375 13.945137
0 418 9.246197
0 487 7.656729
0 509 17.751455
0 576 18.852809
0 609 9.351396
0 614 2.007557
0 674 17.994899
1 2 3.785010
1 3 16.990546
1 10 1.687816
1 18 4.982092
1 28 19.527958
1 31 1.016911
1 56 8.079057
1 76 8.691298
1 105 8.005332
1 155 15.665721
1 198 1.201790
1 210 1.938708
1 225 10.915323
1 246 14.911666
1 247 5.278652
1 268 14.559169
1 288 2.339846
1 334 9.684711
1 539 6.494583
1 595 6.525518
1 612 7.937608
2 4 6.035175
2 6 8.241356
2 8 4.379375
2 16 3.215596
2 23 5.668238
2 25 8.708719
2 34 16.118024
2 35 17.570633
2 38 12.458300
2 42 10.454893
2 44 6.456827
2 48 8.546127
2 74 18.510784
2 78 14.952916
2 98 17.985025
2 107 9.456006
2 170 18.248923
2 191 12.433276
2 214 4.730461
2 216 11.994354
2 357 18.840912
2 400 8.253259
2 462 13.277085
2 562 12.621544
2 597 12.210102
2 635 2.077054
2 640 17.090758
2 662 15.203748
3 5 1.728428
3 7 10.947989
3 12 4.683782
3 22 19.258790
3 57 10.043055
3 71 19.902800
3 88 10.783613
3 106 4.905022
3 126 3.406962
3 165 17.124974
3 175 4.068447
3 182 6.306754
3 195 15.631806
3 301 10.425688
3 318 5.791171
3 347 4.064789
3 364 16.359329
3 397 12.391724
3 406 1.518292
3 427 5.340905
3 434 6.032579
3 454 17.654545
3 455 12.511359
3 472 18.883098
3 473 14.907025
3 489 7.666133
3 576 10.044130
3 583 14.179784
3 585 7.966921
3 692 8.451556
4 5 19.950156
4 9 18.665762
4 26 19.149014
4 33 1.961088
4 38 13.717345
4 47 6.184413
4 61 13.008757
4 106 10.479209
4 115 10.030498
4 157 4.420926
4 233 1.567623
4 322 14.739047
4 338 3.948952
4 373 10.555240
4 437 6.969584
4 697 5.319321
5 7 13.520678
5 8 10.542149
5 22 12.322591
5 33 1.774063
5 36 6.496037
5 43 4.669364
5 48 14.539660
5 55 13.461563
5 63 9.889344
5 64 18.593561
5 75 2.321787
5 82 2.425913
5 105 11.735799
5 117 17.925036
5 169 3.585342
5 179 6.104500
5 213 3.968624
5 217 19.254713
5 260 7.342074
5 282 9.347836
5 295 7.077803
5 313 6.683808
5 320 7.683415
5 322 9.357843
5 327 4.165757
5 346 12.333228
5 372 9.457901
5 429 8.771540
5 435 9.446455
5 457 7.511399
5 596 5.033138
5 621 15.152512
5 628 1.640939
6 14 11.917876
6 21 10.665076
6 67 8.947432
6 83 7.858107
6 99 15.999525
6 184 18.395123
6 450 14.292272
7 11 4.373873
7 17 2.672935
7 19 15.539141
7 25 6.567331
7 134 8.783454
7 150 15.073327
7 237 15.514511
7 249 6.690468
7 280 1.987572
7 295 12.558334
7 336 3.307224
7 390 1.074429
7 449 18.943038
7 495 15.250634
7 512 11.929021
7 563 2.523014
7 688 11.188819
8 9 1.503935
8 15 3.739407
8 20 9.298021
8 31 8.376486
8 50 10.874049
8 66 17.630366
8 80 17.513677
8 102 12.289528
8 126 12.048941
8 147 4.932554
8 151 3.422215
8 154 1.556004
8 177 1.875673
8 257 19.568267
8 315 16.270881
8 321 3.782811
8 363 2.488580
8 369 13.993066
8 380 1.764924
8 449 15.237309
8 451 3.864896
8 460 7.656214
8 511 15.856523
8 551 16.581792
8 617 5.572667
8 631 15.897650
8 657 19.348327
8 693 18.723075
9 12 8.273030
9 20 2.499539
9 24 5.414984
9 35 12.976683
9 54 15.491436
9 55 8.043019
9 69 1.383901
9 90 15.069314
9 104 13.435252
9 114 8.526360
9 125 17.984855
9 161 9.937776
9 173 1.525096
9 202 19.852643
9 238 3.273809
9 249 11.660518
9 261 13.118877
9 290 1.544048
9 320 2.324977
9 343 18.131669
9 396 14.886538
9 507 13.911019
9 520 14.968063
9 527 2.371369
9 556 15.849255
9 633 18.081681
9 665 10.074291
10 13 7.120285
10 133 2.845048
10 180 2.260178
10 233 6.652674
10 303 13.290233
10 429 17.080061
10 480 5.610734
10 509 15.366186
10 511 15.032232
10 513 6.899896
10 630 9.481646
10 653 6.703084
10 669 7.975195
11 14 17.577606
11 15 1.982428
11 18 18.730523
11 21 10.155540
11 37 18.380774
11 44 3.462914
11 108 3.552908
11 152 17.057173
11 193 17.901728
11 225 5.656020
11 264 11.898290
11 306 12.005550
11 309 19.697709
11 323 7.132993
11 370 8.156014
11 393 10.060808
11 464 2.608028
11 507 7.323758
11 618 3.174489
11 658 12.405703
11 683 6.099399
12 64 10.232202
12 114 7.103456
12 182 6.352719
12 195 7.294410
12 282 7.023163
12 348 4.093604
13 30 13.432144
13 36 8.195562
13 52 4.587752
13 79 6.891960
13 172 17.791424
13 199 18.674356
13 252 17.625684
13 381 12.802018
13 567 5.653880
13 594 6.185378
13 626 2.993644
14 32 1.072187
14 53 12.873319
14 95 2.583705
14 104 4.410398
14 143 9.223885
14 425 9.086654
14 587 1.321414
15 19 15.488794
15 27 18.355726
15 43 7.446954
15 45 8.031359
15 54 17.982319
15 85 17.367665
15 92 7.796902
15 96 7.730424
15 113 9.632755
15 120 18.000850
15 142 6.434728
15 275 1.891442
15 304 2.988882
15 332 13.138348
15 340 8.398041
15 342 5.427760
15 344 13.430678
15 418 4.479066
15 520 5.972894
16 65 1.187957
16 99 3.066042
16 145 9.655861
16 310 16.701879
16 329 8.797852
16 402 13.571337
16 403 14.059051
16 419 7.523962
16 420 7.182523
16 426 14.134630
16 625 15.636973
17 52 1.830340
17 214 6.054269
17 259 4.439184
17 594 3.197203
18 27 3.870723
18 49 18.603199
18 89 7.722587
18 245 7.909083
18 348 19.735936
18 544 17.265744
18 655 7.416093
19 238 6.553313
19 269 14.664625
19 286 15.644681
19 325 15.206161
19 500 12.630402
20 73 15.394394
20 464 5.360662
20 502 17.112392
21 24 10.280054
21 26 7.644564
21 41 12.242975
21 68 2.955464
21 86 12.807418
21 92 2.597296
21 148 15.555268
21 183 18.025862
21 248 4.841338
21 266 15.152392
21 280 16.192400
21 305 18.648536
21 390 5.002798
21 401 19.138136
21 405 18.338830
21 580 16.039527
21 633 6.635062
22 23 7.903202
22 30 11.111210
22 51 3.218045
22 61 6.743210
22 70 1.616095
22 80 13.795038
22 135 16.497108
22 147 6.611095
22 202 4.541817
22 340 11.367295
23 115 15.679479
23 337 18.016187
24 28 8.838690
24 29 7.648475
24 34 12.654420
24 41 7.583065
24 45 15.824065
24 46 12.756063
24 69 15.395260
24 77 12.285570
24 91 9.345669
24 108 17.048178
24 112 1.770822
24 122 4.170606
24 124 15.720293
24 172 4.446916
24 286 15.323791
24 394 4.951937
24 444 8.150544
24 481 6.212243
24 502 11.973256
24 537 16.370650
24 632 19.507562
25 40 11.801734
25 171 2.338272
25 197 11.438186
25 215 3.577375
25 292 8.370489
25 470 16.878993
25 474 14.529265
25 475 2.929047
25 530 11.671073
26 42 17.844119
26 59 3.685918
26 83 16.335859
26 121 19.095729
26 139 10.419314
26 171 8.875841
26 179 5.664738
26 222 14.512786
26 259 1.344695
26 298 14.232563
26 301 10.114368
26 355 11.270706
26 387 16.682269
26 453 12.214751
27 60 10.153430
27 176 15.549576
27 188 14.435483
27 242 13.890805
27 296 8.560265
27 593 1.944498
28 101 10.297228
28 236 19.136945
28 559 17.064983
29 40 10.119248
29 47 1.527009
29 58 3.383020
29 77 14.461955
29 224 3.813162
29 236 15.497654
29 294 9.860586
29 379 8.888911
29 404 7.983161
29 552 2.645517
29 574 2.638776
30 53 6.282947
30 86 19.162100
30 103 3.031119
30 130 5.347605
30 160 3.687221
30 166 2.893579
30 185 8.357724
30 281 17.113990
30 317 14.903569
30 350 7.549689
30 384 15.927284
30 465 17.709966
30 531 17.008239
30 549 19.776180
30 589 10.565658
30 668 13.258945
31 68 2.717155
31 284 8.271869
31 428 13.228847
31 440 13.670520
32 51 5.136354
32 153 14.894409
33 46 4.476891
33 174 4.387391
33 366 17.673600
33 381 15.815259
33 642 7.924721
34 74 2.933406
34 79 17.975781
34 110 3.338831
34 113 8.458816
34 201 4.526806
34 240 1.855230
34 290 13.227983
34 303 6.354759
34 346 7.531812
34 359 13.960701
34 393 11.829409
34 412 10.931610
34 420 3.245256
34 525 16.434531
34 567 7.543745
35 37 8.439011
35 39 18.624151
35 56 3.430344
35 73 10.718437
35 129 17.546263
35 184 6.031002
35 463 2.932393
36 39 17.944250
36 180 11.727854
36 260 15.760610
36 590 13.335612
36 652 19.939205
38 149 14.064968
38 197 15.128332
40 59 7.720056
40 60 6.992931
40 66 17.503981
40 94 1.093381
41 506 5.396791
42 118 18.777954
42 188 7.137718
42 192 15.252933
42 265 10.853838
42 321 7.235795
42 430 16.191638
42 519 14.431817
42 579 9.023005
43 62 2.563306
43 138 1.435969
43 250 2.806273
43 275 16.757369
43 285 1.888830
43 362 11.110884
43 664 11.547151
43 666 11.864202
43 692 19.868018
44 67 11.291040
44 97 18.710222
44 98 16.812802
44 227 5.647343
44 315 19.267579
44 518 5.227793
44 592 10.473534
45 220 11.139244
45 263 3.957314
45 285 15.081574
46 273 16.476291
46 514 3.088236
48 109 13.282269
48 165 8.129883
48 216 5.182357
48 279 6.485760
48 313 3.140352
48 333 2.653995
48 345 10.198870
48 351 17.290048
48 356 17.344623
48 452 10.242551
48 547 7.551865
48 573 11.361556
48 615 19.794217
48 619 18.512859
49 111 7.630033
49 192 17.125148
49 205 14.913338
49 230 10.159857
49 235 8.947349
49 456 3.743131
50 131 12.621246
50 271 14.383720
51 94 13.098975
51 141 12.991741
51 154 17.705507
51 158 16.178945
51 221 19.582532
51 262 12.725279
51 289 17.247211
51 314 8.281229
51 374 8.838955
51 568 14.478287
52 57 18.234933
52 58 5.182269
52 81 14.140553
52 84 16.026550
52 87 12.282341
52 88 19.364139
52 96 4.681140
52 219 14.239009
52 338 17.161367
52 388 13.779675
52 469 18.831903
52 536 16.687169
52 596 11.938531
52 618 1.791636
53 75 17.844168
53 93 5.547452
53 141 1.576715
53 143 5.076519
53 337 18.891862
53 547 8.048427
54 140 16.660531
54 162 3.245801
54 226 14.233120
54 620 3.779125
54 690 14.436230
55 152 16.094160
55 221 10.821467
55 251 7.460783
55 385 11.737833
55 638 15.779537
56 63 2.385622
56 110 1.452134
56 116 3.548315
56 121 8.024019
56 123 6.195630
56 201 16.046625
56 267 6.184355
56 360 15.484711
56 387 19.447702
56 399 8.678602
56 469 10.920130
56 488 15.016836
56 541 1.234612
56 624 8.818870
58 103 5.881892
58 119 4.799860
58 608 13.835468
59 70 13.425221
59 95 8.514162
59 251 12.618378
59 377 9.852386
60 71 19.888747
60 107 10.378848
60 157 14.422898
60 170 19.206997
60 237 18.669524
60 272 18.665767
60 483 14.133940
61 102 15.457343
61 127 1.065719
61 158 17.818910
61 255 18.855123
61 284 2.453756
61 419 3.530265
61 597 12.194768
62 161 9.430423
62 178 2.551448
62 368 17.490254
63 89 7.061075
63 187 12.359944
64 131 6.182452
65 90 9.874022
65 93 9.603656
65 232 2.435978
67 72 19.552189
67 148 13.550267
67 199 8.642230
67 325 10.382725
67 434 14.843222
67 687 10.039781
68 311 15.772412
68 402 4.965452
68 564 16.658644
69 167 11.247855
70 84 12.336441
70 130 9.007728
70 211 17.977343
70 294 19.814479
71 100 14.314434
71 194 10.093889
71 224 14.313379
71 247 18.734058
71 353 6.302495
71 693 2.584352
72 123 8.636888
72 132 3.019067
72 142 1.115144
72 167 5.880176
72 186 18.814610
72 220 2.472813
72 235 2.804277
72 241 6.644514
72 372 12.931786
72 408 9.472065
72 572 5.332069
72 647 3.561108
73 82 3.506781
73 316 13.786893
73 476 11.097027
74 101 13.994378
74 168 6.778281
74 289 1.716515
74 571 4.492925
75 87 3.146151
75 206 3.010498
76 194 9.330724
76 276 15.134862
76 542 5.542938
76 645 5.056261
77 185 16.237323
77 248 5.790864
77 305 17.845094
77 328 2.679255
77 610 4.546783
78 81 5.288508
78 97 13.767185
78 112 1.580627
78 163 5.765697
78 332 14.812820
78 384 8.466939
78 413 13.998963
79 91 5.157885
79 163 4.125758
79 186 18.755162
79 187 7.908464
80 85 10.186907
80 119 13.815597
80 183 18.671917
80 357 3.457001
80 465 8.141764
80 482 3.931406
80 616 10.646494
80 624 17.513682
81 145 10.646380
81 159 10.901153
81 542 6.857821
81 643 15.117488
82 127 3.511517
82 128 12.182959
82 136 15.534108
82 211 18.234003
82 234 16.268638
82 291 3.639240
82 312 10.182510
82 319 18.225061
82 371 10.401744
82 441 5.424043
82 467 5.105559
82 541 9.225124
82 553 1.154503
82 601 10.947289
82 699 19.311473
83 226 9.604256
83 379 3.354547
83 563 14.096429
83 606 4.197267
83 688 4.458494
84 136 17.426246
84 244 16.602685
84 262 15.743309
84 347 14.242499
85 150 8.678504
85 307 5.775824
85 308 14.590605
85 385 6.532240
85 476 1.787770
85 486 4.293980
85 532 14.167840
85 620 18.073020
86 253 16.563525
86 371 8.437932
86 423 17.456099
87 117 7.835060
88 350 10.711960
88 416 6.801467
88 484 11.938234
89 326 19.458571
89 334 1.119795
91 100 6.374926
91 140 10.057550
91 164 15.460642
92 297 10.869877
93 144 1.846608
93 156 15.185156
93 210 4.205337
93 330 7.198587
93 395 19.523190
93 678 4.423166
94 266 19.169259
94 355 7.920545
94 426 13.319067
94 470 13.738490
94 604 17.081735
95 109 1.566191
95 173 19.623561
95 278 3.765807
95 503 4.534242
95 644 18.852801
96 208 7.975224
97 128 18.962730
97 175 16.430657
97 206 5.187700
97 370 2.492465
97 432 15.791518
97 586 12.637580
97 646 11.992038
98 176 6.846761
98 331 6.861721
98 414 4.194110
98 533 14.541738
98 562 14.669956
99 352 17.086622
99 456 12.733288
99 513 2.607446
100 118 14.649457
100 162 9.581027
100 261 11.004737
100 361 8.017116
100 438 18.967108
100 681 10.221754
101 111 7.476822
101 125 7.730204
101 380 13.825097
101 442 5.620028
101 496 2.267318
101 560 6.103847
101 686 15.221838
102 190 12.029818
103 129 5.802130
103 169 15.554948
103 219 19.737258
103 227 10.230723
103 240 10.398458
103 277 13.971167
103 354 10.494804
103 459 10.023901
103 607 17.715304
103 660 14.718616
104 239 16.505050
104 271 8.292903
104 317 3.090271
104 373 10.313844
104 599 12.061680
104 637 16.031790
105 447 4.904302
105 461 14.880038
106 518 3.064568
107 263 2.877367
107 440 11.396023
108 448 19.693110
108 634 1.318111
109 116 19.231915
109 137 13.173520
109 149 18.197777
109 396 4.727666
109 667 11.634165
109 698 14.651112
110 134 17.186698
110 146 18.307891
110 160 2.895356
110 207 13.505422
111 178 13.354659
111 190 9.792396
111 212 1.147270
111 258 14.832296
111 378 16.195482
112 193 1.693446
112 267 17.194895
112 666 13.613838
113 422 14.811282
113 613 6.548713
114 230 6.940093
114 611 8.913643
115 573 14.362471
115 577 11.171749
116 135 13.729388
116 451 6.785020
117 196 2.164222
118 122 8.066947
118 137 14.814770
118 156 10.636612
118 203 10.463006
118 242 1.637513
118 368 2.449969
118 394 15.757581
119 153 6.232769
119 213 7.279097
119 229 3.040553
119 495 5.588668
119 554 16.998946
119 565 8.830867
120 552 12.660990
121 265 19.808124
121 448 10.523979
122 138 3.514429
122 241 17.434059
122 243 1.246288
122 304 3.187866
122 359 11.950258
123 209 17.113739
123 218 7.416075
123 228 16.481911
123 404 6.436792
123 669 4.603472
124 281 3.897678
124 318 1.632615
124 600 9.520476
124 635 4.465701
125 343 1.040463
127 204 5.162037
127 215 19.759076
127 288 4.429838
128 349 9.801044
128 409 17.491473
128 455 1.427015
129 133 12.435377
129 181 17.978494
129 636 9.328309
129 684 4.286434
130 132 4.477533
130 139 9.138239
130 675 5.371497
131 203 17.091955
131 378 9.487256
131 406 5.189957
131 417 16.522112
131 663 2.356084
131 682 7.215872
132 277 14.057340
132 452 6.825521
133 270 2.648145
133 639 16.157344
134 307 18.190224
134 543 7.171585
135 164 19.959106
135 365 10.916644
137 498 16.323118
138 146 9.293128
138 198 16.271534
138 254 14.933343
138 391 7.292643
138 510 3.350101
139 144 8.636831
139 159 6.119287
139 181 12.413901
139 351 8.108986
139 401 11.418570
139 446 14.988658
140 436 4.748062
140 524 18.364334
140 558 10.411480
140 649 9.300626
141 410 8.825119
142 257 4.485607
143 467 4.655206
144 442 7.567461
144 504 5.822949
144 584 1.926850
145 245 9.780114
145 314 13.826374
145 326 7.978645
145 335 6.858968
146 229 6.098547
147 268 1.167720
147 395 5.739419
147 569 1.447530
147 671 10.049952
148 174 12.800801
148 287 13.621966
148 417 10.446974
148 473 18.071351
148 480 4.012984
148 609 2.623103
148 639 15.888207
149 151 10.735508
149 492 4.779228
150 293 6.090368
151 591 18.600213
152 204 18.171292
152 474 16.028082
153 274 2.321426
153 506 8.532933
153 510 18.026807
153 586 5.735618
153 587 17.928279
154 244 15.248535
154 255 5.434480
154 354 16.257035
155 177 19.290026
155 208 15.023091
155 545 16.373921
155 560 9.791048
155 578 9.239152
157 492 3.316247
158 392 11.808085
158 564 1.224410
160 302 5.009943
160 329 14.375324
160 382 4.698576
160 676 6.958031
161 287 11.482862
161 443 15.147064
162 243 11.760429
162 345 17.938018
162 407 9.930661
162 605 6.016017
162 691 12.399065
163 483 15.233898
163 595 15.514038
164 408 17.471509
164 545 10.591082
164 579 3.588116
165 200 13.080935
165 231 16.335168
165 250 10.342603
165 254 7.387585
165 365 13.646002
165 430 19.472796
165 437 5.829375
165 526 10.992736
165 678 9.836118
168 205 5.115637
169 398 10.531933
170 222 17.442725
170 234 4.567238
170 300 6.246874
170 410 10.980735
170 424 6.541700
170 490 7.058415
170 533 2.135973
171 200 6.504329
172 298 11.712540
172 598 5.679570
174 189 1.409554
174 218 9.684047
174 312 11.728528
174 333 14.494737
175 656 3.963103
176 499 7.150920
176 581 2.568758
176 648 17.460712
176 672 4.704425
177 497 13.050891
179 252 4.064379
179 590 12.752813
180 223 18.723381
181 382 12.530047
181 409 8.333254
182 413 8.264000
182 591 19.518581
183 191 9.893424
183 328 15.359855
183 675 17.059577
184 627 16.572032
184 655 16.840157
185 264 16.527810
185 515 8.248459
185 647 12.769224
186 189 3.930235
186 344 13.368301
187 521 11.761231
188 479 18.065425
188 548 5.860798
188 653 7.656963
189 339 13.789535
189 445 17.771940
189 605 8.313826
189 629 12.325376
190 534 10.299370
191 207 19.706610
191 466 18.865268
191 644 3.957186
192 383 3.170771
192 407 18.316323
192 501 5.686436
192 623 19.346434
193 292 1.996186
194 274 8.124893
195 196 16.246637
195 239 1.056917
195 450 6.335601
195 676 15.260616
196 256 1.752367
197 246 19.263089
197 269 10.156173
198 209 2.997696
198 293 8.158864
198 296 10.134572
198 431 2.587084
199 472 17.263010
201 297 11.057185
201 432 16.384523
201 696 4.809112
202 439 9.551013
203 272 12.684197
203 583 14.391975
204 308 12.556517
204 523 10.183424
204 555 13.000516
205 217 14.148579
205 231 14.183794
205 360 7.291660
205 397 14.158573
205 574 8.713760
206 273 3.723250
206 319 17.283439
206 398 13.951337
206 516 8.917402
207 299 10.464804
207 316 16.230656
207 389 10.696014
208 383 8.366239
209 493 4.367157
209 500 18.862424
210 358 7.116832
210 444 1.711442
210 488 15.431592
211 279 7.591090
212 223 9.833262
212 299 5.703594
212 459 2.932988
212 508 1.307872
212 550 7.732552
215 463 5.222449
218 369 15.425360
221 431 6.089092
222 342 13.310402
222 512 12.581151
222 681 4.522932
223 446 13.440623
223 460 5.212338
225 546 9.671179
226 532 10.361495
227 424 17.918144
227 546 13.496689
227 646 9.243733
228 643 5.553176
228 680 16.257226
231 529 19.997486
231 654 10.201442
233 612 18.927808
234 374 6.120151
234 581 14.795619
235 300 13.715780
235 477 14.792226
235 687 1.077956
237 389 4.866290
237 487 4.740423
237 494 15.517794
237 600 11.257103
237 613 7.342901
237 616 14.070863
238 310 17.361109
241 514 12.848805
241 670 2.114090
242 475 17.202913
244 663 13.754914
248 411 4.797866
249 270 19.029452
251 256 8.954038
251 276 14.595280
251 327 13.322949
251 421 2.065433
251 479 8.896788
253 549 7.031594
255 466 7.564133
255 505 3.994449
256 324 18.443986
257 324 10.386962
258 336 9.927135
259 278 8.188393
259 283 19.276620
259 362 16.189391
259 674 17.671919
260 461 6.965406
260 602 15.717635
262 363 15.344321
263 435 3.887297
263 577 15.826774
264 515 13.274879
267 698 3.326683
268 339 12.644075
269 291 18.387666
269 556 11.874812
270 335 2.565320
270 505 9.571987
271 530 3.261766
271 588 3.593959
275 323 3.935215
278 522 17.197381
278 529 5.589457
278 660 1.749941
279 566 18.141785
281 496 11.951056
281 540 16.830001
283 684 3.455598
284 376 8.628878
284 425 4.325513
285 462 14.738026
286 629 6.101258
287 571 13.979463
288 617 19.199659
288 636 5.435829
289 341 4.259547
289 358 10.193025
290 309 10.513812
290 377 5.572623
290 415 3.685647
290 453 3.366658
290 538 10.791116
292 330 17.696085
295 598 3.715564
295 697 8.119709
296 516 14.194854
296 521 18.858808
297 498 5.446481
297 531 13.794220
297 539 9.733753
298 367 14.881554
298 436 3.381216
298 592 15.061419
300 412 18.932150
300 543 5.408098
300 634 2.619631
300 685 7.426600
301 388 13.349008
301 427 8.127383
301 554 1.439586
301 671 7.951372
302 364 16.365387
303 544 2.834081
307 399 1.592104
308 441 2.996653
308 534 1.760104
308 593 13.454810
309 311 14.343615
309 367 2.264526
309 540 3.800446
309 670 14.440027
312 405 8.048158
312 489 1.747034
312 491 8.270781
314 386 19.029773
314 403 16.747804
314 611 8.267744
315 423 8.402375
315 458 18.569727
316 352 11.416856
316 585 19.003539
316 641 8.124394
317 331 5.104196
319 353 16.195530
324 366 13.910370
324 454 15.474752
325 376 16.643127
325 526 19.405175
325 679 3.241333
326 375 11.621283
326 386 18.991554
327 391 3.332349
328 414 17.373797
331 341 18.156395
331 356 12.981950
331 422 3.901010
333 468 4.566024
333 524 5.230340
333 679 2.056887
334 349 16.582308
334 482 10.803675
336 415 3.665373
338 471 6.943638
338 478 15.313397
338 499 14.594264
339 392 17.912546
339 439 5.432565
339 447 18.071144
339 561 7.123752
339 659 2.310606
340 400 14.840101
344 626 9.419609
344 631 11.213244
348 568 19.705736
349 608 7.139407
349 621 12.845747
350 527 12.918344
354 555 4.444141
354 569 12.395872
356 607 14.255836
357 535 2.178925
358 584 18.820115
360 361 18.956569
360 416 17.971253
361 421 13.707339
361 433 16.592976
361 603 6.685023
364 648 17.129936
367 433 14.133095
367 486 12.875984
367 610 6.228313
367 641 9.285720
368 504 11.140900
374 651 15.383167
376 550 11.651720
377 538 12.203835
377 642 4.537520
379 497 2.423982
381 522 6.651422
381 690 17.454826
381 695 15.380444
382 411 6.942747
382 438 7.814230
384 471 7.126082
384 536 15.258465
384 578 15.857943
384 689 1.348856
388 525 3.803373
388 570 5.405109
388 604 19.059766
388 667 2.422893
391 517 16.386051
393 558 19.886623
393 659 5.995409
394 490 11.650341
394 565 8.594433
400 589 4.902349
402 654 3.972261
405 445 12.092775
407 457 17.154914
408 517 8.533118
408 537 14.407632
413 575 1.473504
416 651 2.581729
417 649 16.629139
418 477 14.899738
418 677 6.573956
421 428 15.272736
421 686 7.493117
422 493 9.485068
422 677 10.845637
423 582 10.161817
425 478 3.671372
426 535 18.033759
427 501 18.473098
429 519 1.448358
430 630 3.190226
433 601 6.385244
434 468 14.710518
437 443 4.892598
439 485 4.982335
441 523 19.600818
444 672 19.670944
447 680 9.673605
447 691 8.805822
449 559 1.372594
451 485 15.242722
451 665 12.947569
454 548 2.022584
457 458 1.019019
457 503 12.025155
459 481 10.324412
461 650 11.161741
462 628 11.862402
464 561 16.120762
468 491 7.779781
468 619 4.345950
469 484 9.638066
470 575 13.338898
472 603 2.992718
473 627 17.875357
476 528 13.956150
478 640 9.119948
481 553 18.576563
482 508 2.256506
482 696 11.973630
484 528 16.870090
484 614 1.991948
492 494 19.054877
496 602 12.764655
496 668 15.759282
500 632 12.246981
502 645 10.800657
503 582 11.740055
507 572 19.797138
512 615 9.737267
521 557 12.197400
522 566 12.154306
522 661 5.633190
523 637 1.432349
527 599 17.470348
531 625 15.564626
531 694 15.156435
534 551 4.238828
541 570 15.225996
542 694 19.563916
542 699 16.777342
543 557 1.000928
551 682 13.716377
551 685 6.037069
556 588 9.058126
556 622 4.955434
562 580 12.446094
565 638 5.863874
571 622 2.184658
574 664 17.817527
579 623 16.042134
579 662 15.796977
595 606 7.716975
602 689 8.531902
613 652 2.551550
621 657 4.709877
621 658 11.075041
622 656 2.143280
622 673 1.859148
631 650 6.006890
649 661 7.531851
655 683 11.839904
665 673 2.743417
681 695 4.345245
15.928525 17.323368 13.213845 21.891976 14.138128 6.465703 15.074644 8.238683 17.898197 6.220627 11.066473 19.124198 21.035350 8.836677 6.300685 20.741279 12.885388 22.017627 14.951248 20.500429 14.774717 14.387924 18.930714 22.958076 8.919677 9.736527 11.300613 17.481397 24.458624 9.291981 24.103147 9.925761 20.731465 20.293100 5.130531 9.167674 21.698676 14.761334 5.866745 6.216428 17.807195 14.173216 19.935266 5.301122 6.838158 7.888385 18.789214 6.740369 12.240555 12.482066 15.065770 8.451077 8.207528 16.899675 7.798397 14.700207 5.709685 17.078218 12.714702 5.030414 20.620403 8.734641 6.988195 20.759963 23.967143 11.906700 19.435818 17.514571 10.691865 5.264061 21.327896 16.526727 9.737521 15.291369 20.806949 22.751989 22.504793 11.400612 11.903372 7.495887 19.320678 24.861323 17.261274 13.458918 23.236003 9.409101 21.347271 19.697902 9.307032 6.749760 22.843551 12.781997 20.579430 19.280963 18.278966 19.854138 5.237376 14.404788 21.768838 9.304781 15.564342 13.091730 17.117276 6.238954 19.104534 14.455791 12.653286 11.394649 18.354613 8.947810 19.955189 16.118207 19.040481 5.281142 11.844152 15.784386 8.384859 22.122950 14.692729 18.757491 6.076827 23.859350 11.177507 13.687413 20.905150 8.192841 22.897370 20.125738 23.717616 10.521838 19.510364 21.119114 20.409174 6.440023 18.025917 24.097669 23.327262 8.017443 18.370954 9.873913 22.735477 14.230363 17.885402 10.752374 11.702175 9.822288 15.090135 16.731244 15.399096 17.753150 10.230493 15.875383 11.071702 23.730619 13.303145 14.019661 12.669752 20.833996 21.847340 11.748897 7.577591 12.976185 16.092511 23.350982 20.074980 21.196353 5.121216 20.779042 6.338246 21.563322 20.894531 6.359451 12.990873 8.303932 12.112178 18.980376 11.430968 13.731777 13.189955 22.285430 23.837385 11.720132 10.526166 9.400879 9.151071 20.182198 13.870865 15.369257 7.610687 24.995325 6.676089 19.780355 24.066356 5.378787 19.601262 14.539017 14.394277 10.205827 10.789089 20.268868 24.746821 8.977568 14.455997 7.933157 16.474570 13.628331 14.232252 24.641740 17.652641 17.272309 11.273410 19.683203 24.845772 7.619951 23.473718 13.935927 22.372557 11.996230 17.219252 7.826021 5.277336 9.776903 20.579150 18.798951 18.214269 18.570925 21.339075 11.677539 10.299422 15.550031 18.540194 9.744943 8.467827 22.687736 12.900855 12.617698 5.722323 8.372015 12.786884 10.730180 23.117341 13.745936 13.045865 9.876396 18.963497 10.663860 14.885245 5.773847 22.498673 19.839938 10.964458 12.072175 20.588128 13.633572 14.739333 15.612157 19.360653 19.303380 16.501244 15.470874 17.447056 18.737272 24.717469 5.747314 13.322442 15.992906 18.429949 9.194589 17.343316 23.850763 5.950717 21.715623 6.982138 8.136222 12.731836 7.832400 9.297843 20.923719 20.596068 24.977906 14.741562 19.658215 10.423876 8.791427 11.966909 6.481059 7.239884 10.611884 5.309118 15.967356 20.339962 13.921979 14.672565 7.542999 15.615275 7.514843 6.812555 15.086740 19.949589 14.954097 13.067628 5.272313 12.869853 17.599789 23.145264 10.490097 18.492968 18.671913 13.169025 8.037538 6.387779 5.409916 23.910530 6.667684 23.935531 22.692186 21.809285 10.748411 20.065691 20.124247 14.881331 11.647253 16.816042 24.120238 16.348677 20.137168 11.562281 10.318729 7.906644 19.713621 17.026343 23.752003 5.286985 20.133488 14.845286 9.811156 5.319414 21.925499 23.238251 11.735671 8.992090 14.890554 17.414690 13.089212 17.319313 18.708961 13.501760 19.282106 6.392160 8.439509 10.819791 15.594824 9.819115 24.132692 13.095477 12.345406 21.500130 14.667625 22.297653 14.427306 24.025560 8.871254 15.311115 22.876840 17.540539 11.537328 9.915130 13.658287 23.067846 9.959913 6.009587 5.274213 21.594036 6.272732 13.393428 9.722761 15.745687 13.155881 6.734373 16.437588 5.541356 22.876835 5.314000 20.118666 23.050185 13.980738 13.929771 5.646047 5.393688 20.773624 15.697032 18.506049 8.249930 5.985114 8.202473 5.268276 6.521422 20.434549 6.332862 5.532267 11.132096 19.439453 9.395960 23.276469 19.751767 8.206817 8.261587 22.391419 24.104087 15.042862 10.252026 13.046369 18.919027 15.997581 13.274239 5.987473 13.600577 5.282303 6.643695 17.645127 12.041434 22.651169 20.449893 8.331393 23.144391 11.912904 6.819996 23.238205 20.920346 13.529771 13.292938 19.862869 14.796272 15.879743 18.792075 15.200332 24.374110 5.903303 22.962283 24.958287 12.210283 11.921232 19.640201 17.359277 6.512275 15.853604 16.998240 23.513064 13.912026 10.910699 13.464129 17.905263 24.262776 23.508941 6.108209 21.375474 11.119199 14.485140 15.426643 21.535176 15.210118 23.424254 17.404122 7.263429 15.586106 24.925455 10.381787 16.284776 22.230356 8.401890 16.819251 22.782997 6.750166 23.727658 6.102826 10.897026 16.430850 19.488530 15.481649 7.021442 19.979427 20.605865 17.882336 13.073275 17.326395 10.993468 10.225516 13.976751 6.783835 7.739215 7.692960 21.825001 15.046838 17.138304 23.215135 19.986900 23.493658 18.594354 15.880131 18.165802 8.735382 19.973493 8.604995 21.042728 13.063108 20.200127 23.612662 12.816253 21.232644 20.171600 24.705528 17.730624 24.108366 15.136860 6.948035 22.064190 6.117854 22.948146 17.398528 14.989788 17.524618 23.221071 16.128539 9.954234 24.937392 6.238733 20.221874 21.794066 12.218164 20.971625 6.635817 17.718033 5.313843 22.983057 23.749849 12.116895 20.637491 24.959195 24.647017 10.673767 13.894984 5.542155 7.483186 19.393584 20.001110 12.361131 8.921893 18.933402 13.944008 14.850008 12.042804 21.494562 6.912733 17.471182 10.982838 9.293255 18.019270 23.492147 10.357545 19.343058 10.112660 11.116025 11.843818 17.687446 7.188900 12.694131 15.703292 24.960319 23.878111 5.407563 10.852263 21.285798 21.578142 10.678022 19.296934 24.096331 16.054376 5.246217 21.602966 17.839845 12.454278 9.122734 8.149115 23.875236 21.120253 21.402432 21.117380 19.298108 10.052862 22.441041 23.889215 9.589915 8.091136 15.329829 24.250707 21.884474 17.339236 23.225481 14.655439 22.044701 16.979318 11.213632 11.815484 21.482411 19.089348 19.462989 7.406724 19.924263 6.974708 14.540924 14.133090 18.133871 16.017741 8.865296 12.636324 21.538673 8.730953 24.551356 14.708114 15.174942 12.353505 11.837067 10.914022 15.875212 7.948177 23.900751 7.217302 22.519858 10.455859 13.971009 16.923689 21.651973 8.774880 13.966986 14.272858 6.471361 5.772302 14.400111 23.985904 16.567027 13.812997 22.807674 13.881948 22.929458 13.530947 6.925464 15.240695 22.622495 5.970138 22.241986 13.473778 17.106208 18.176339 22.883779 22.055459 14.847539 19.197146 6.854276 21.180377 6.934927 11.179355 8.495475 19.315297 16.822679 15.318906 18.948202 17.948599 11.575766 24.402820 22.509159 15.968773 19.617691 20.621905 10.614345 8.698506 14.622351 8.860138 6.968268 7.470036 11.141020 7.291686 6.605660 20.967100 5.162666 22.529568 20.152783 9.922837 24.103932 8.193482 6.775001 24.928575 23.831612 21.696936 13.343426 14.398751 11.395843 9.872314 9.927472 20.692454 7.654374
46
184
0 4 3.811396
0 9 4.358972
0 10 8.409840
0 36 3.501642
0 38 4.701167
0 44 3.164147
1 11 1.677579
1 17 9.703409
1 30 8.849175
1 36 9.690178
1 37 3.407596
1 39 1.251704
1 43 2.759086
2 3 2.032308
2 7 8.994027
2 15 4.962654
2 20 1.956667
2 23 2.891172
2 24 9.375760
2 32 2.843090
2 37 1.601062
3 6 5.019334
3 10 2.428489
3 12 1.876231
3 19 8.377661
3 26 6.894873
3 30 1.577719
3 42 2.134984
4 5 9.869569
4 11 2.239763
4 13 2.702659
4 14 1.758479
4 17 9.847079
4 20 7.953471
4 23 5.458843
4 37 2.580523
4 43 9.936388
5 21 9.669479
5 25 2.583787
5 30 9.346154
5 39 4.575762
6 10 2.911102
6 12 5.855626
6 17 8.006189
6 21 9.650873
6 28 6.013134
6 29 7.934567
6 33 4.971777
6 34 7.908233
6 39 5.094536
6 41 6.677208
7 8 5.441001
7 11 7.231396
7 13 3.369758
7 16 4.026490
7 17 7.953949
7 21 3.831575
7 26 2.542209
7 33 9.170317
7 37 4.011655
7 38 9.570769
8 11 6.483090
8 29 4.667157
8 32 8.878071
8 38 2.297514
8 40 9.040748
8 45 5.059878
9 14 5.645089
9 16 1.798006
9 19 9.736244
9 22 6.097687
9 24 3.884757
9 28 1.755598
9 29 9.049670
9 33 9.022550
9 41 3.747287
10 17 5.000561
10 28 1.964466
10 30 1.722650
10 36 6.808328
10 38 4.807802
10 41 3.737389
11 14 9.916739
11 16 6.901353
11 17 3.369103
11 25 9.649630
11 37 7.107490
11 45 8.256286
12 18 1.103756
12 27 2.877519
12 34 8.920117
12 40 6.212006
13 23 8.352820
13 25 4.985512
13 26 7.959702
13 30 7.352358
13 39 5.236705
13 41 5.976965
13 42 2.176397
13 43 3.323830
14 16 7.006327
14 20 5.081544
14 25 7.871077
14 27 7.566530
14 29 3.175126
14 31 4.717818
14 34 1.184525
14 45 1.965396
15 18 4.626817
15 20 4.254148
15 27 3.915464
15 30 8.526426
15 36 2.548530
15 40 7.564010
16 19 6.968869
16 21 3.566812
16 26 7.205790
16 29 5.787598
16 30 2.792938
16 31 3.342323
16 32 8.289557
16 43 9.881883
17 19 1.943507
17 23 9.231148
17 25 1.054350
17 31 3.203260
17 37 7.294457
17 41 5.633434
18 30 3.824591
18 32 7.171160
19 35 6.457537
19 36 5.002720
19 37 4.244320
19 45 7.927444
20 33 5.090206
21 28 4.803844
21 29 7.456532
21 31 2.709046
21 32 7.440700
21 42 9.152912
22 26 2.239645
22 38 8.101140
22 41 3.925061
23 37 2.776781
23 38 5.400872
23 44 5.047179
24 34 3.011682
24 35 3.028459
24 37 6.989865
24 38 2.059459
24 44 9.760337
25 26 5.751561
25 33 2.775625
26 28 8.770159
27 29 4.691307
27 31 3.867729
27 32 8.820684
27 33 6.178026
27 39 7.018638
27 45 4.820687
28 30 4.226028
28 33 8.209527
28 41 2.272320
29 32 1.693654
29 35 4.732447
29 39 5.865520
29 40 4.665613
30 32 3.660535
30 41 9.667311
30 43 4.861013
30 45 1.527944
31 34 9.550843
31 36 4.260314
31 44 6.892741
32 43 2.489492
35 40 4.117052
36 40 9.611766
36 41 1.607183
37 43 5.921487
39 42 5.500814
40 45 6.141441
41 45 9.982280
42 43 3.369644
43 44 9.848061
434.692279 364.413230 350.044602 245.979710 291.852127 482.431725 341.832450 334.154454 260.428107 370.852936 371.815096 422.548140 460.138506 462.043748 278.857149 274.874485 423.692836 258.737581 467.321175 264.584031 350.159836 471.769422 476.059030 488.951642 480.779586 255.790684 510.451963 349.099625 290.286027 223.702038 229.488347 266.809108 465.198998 410.970143 390.069404 309.126581 510.077161 245.377222 363.666751 267.740969 336.701536 387.905169 300.067844 319.373285 480.582033 462.814074
