700
1397
0 1 5.235536
0 2 7.404809
0 3 10.914946
0 4 14.511917
0 5 7.651331
0 8 8.046744
0 14 13.796031
0 15 12.848425
0 19 19.686829
0 26 12.982285
0 27 15.259760
0 28 18.240469
0 29 16.660561
0 43 3.709765
0 52 15.438968
0 59 15.346286
0 61 4.318488
0 69 14.554032
0 72 14.841050
0 79 3.013849
0 92 16.492217
0 103 10.283428
0 105 13.565566
0 109 12.286249
0 126 12.387479
0 146 5.387388
0 153 15.237303
0 160 15.553394
0 196 18.883949
0 200 16.028517
0 209 19.714409
0 263 7.670026
0 273 16.609952
0 307 18.354570
0 324 8.221894
0 325 16.113151
0 333 11.411990
0 360 14.044546
0 389 6.895847
0 420 7.222034
0 446 9.197185
0 448 18.452081
0 469 14.067133
0 681 4.617075
0 689 2.338557
0 695 14.041679
1 2 14.000444
1 10 6.264905
1 15 4.677233
1 21 11.468814
1 25 14.621329
1 39 17.954988
1 49 11.196759
1 51 8.618279
1 55 6.652285
1 56 8.005094
1 58 10.849234
1 62 15.557913
1 83 6.417627
1 95 18.262912
1 116 11.815191
1 149 18.520056
1 155 14.144128
1 170 17.238471
1 179 5.537699
1 218 1.592936
1 243 8.543766
1 291 13.717071
1 346 6.471906
1 364 2.123046
1 399 7.008784
1 401 12.201104
1 421 13.363960
1 454 6.352779
1 489 10.460121
1 545 12.064231
1 645 10.244640
1 646 1.896151
1 694 13.439514
2 3 9.769224
2 6 18.691393
2 13 8.055839
2 32 14.957337
2 77 19.963737
2 89 3.621271
2 98 1.312774
2 107 11.006713
2 124 14.796459
2 125 16.955030
2 166 19.815133
2 168 18.356159
2 308 10.115960
2 340 19.444193
2 352 3.364816
2 400 10.948939
2 432 4.355800
2 444 18.418517
2 480 13.495992
2 572 16.992071
2 697 2.412900
3 4 10.513939
3 5 3.847704
3 6 6.689947
3 7 8.328898
3 9 11.530814
3 11 5.209855
3 16 2.517814
3 17 1.299638
3 21 9.211362
3 23 1.095227
3 47 18.845213
3 48 3.029167
3 57 4.254178
3 62 5.615370
3 63 3.442239
3 64 6.927838
3 67 1.254108
3 68 18.338305
3 81 3.358095
3 86 14.137672
3 113 3.973526
3 114 6.089645
3 116 10.465842
3 119 9.015292
3 122 14.006352
3 157 16.403473
3 169 10.797269
3 177 16.330044
3 182 5.474159
3 184 6.822358
3 193 1.301027
3 195 12.547332
3 220 7.893384
3 230 10.357084
3 237 16.526498
3 256 9.597708
3 266 18.812933
3 286 10.483070
3 306 3.813821
3 318 19.547874
3 319 19.684256
3 335 4.787899
3 377 6.408005
3 443 3.073110
3 455 7.695484
3 464 16.981910
3 490 19.592373
3 515 3.836588
3 528 12.206265
3 537 8.759643
3 548 2.006246
3 563 4.464334
3 575 15.599347
3 583 2.231719
3 585 16.266603
3 608 18.113191
3 622 13.404203
3 659 7.202906
3 671 11.086679
4 14 19.375901
4 20 7.587814
4 27 9.303402
4 39 18.553226
4 64 16.684229
4 112 7.425333
4 138 10.385581
4 180 6.748949
4 216 6.993041
4 301 14.624428
4 354 9.478794
4 487 7.226211
4 553 5.665444
4 590 3.110811
4 681 8.845696
5 8 16.604597
5 12 14.907001
5 16 6.643199
5 31 2.733894
5 85 17.037887
5 334 16.324105
5 348 9.039316
5 482 2.340045
5 643 10.008432
5 698 14.891387
6 7 1.086904
6 9 4.165820
6 13 6.446502
6 17 2.754916
6 18 16.939285
6 26 5.006105
6 33 7.494706
6 41 8.495572
6 58 13.709977
6 63 5.743916
6 87 17.097102
6 123 3.510494
6 143 4.392275
6 205 11.217374
6 258 14.981522
6 269 18.176219
6 334 17.175947
6 364 9.854234
6 519 4.859119
6 522 19.029022
6 554 8.505368
6 556 15.811290
6 682 8.710949
7 12 10.644597
7 22 11.206850
7 54 15.011508
7 74 9.257046
7 92 4.873483
7 137 15.000872
7 182 8.557581
7 199 10.801695
7 300 19.069927
7 465 5.394740
7 467 13.621119
7 560 8.401930
8 18 12.043897
8 24 6.886944
8 30 3.732277
8 33 5.769928
8 35 11.074234
8 37 10.860426
8 44 9.655136
8 53 11.199857
8 70 18.479986
8 76 6.997940
8 79 15.943666
8 80 16.950785
8 94 15.233610
8 126 1.326973
8 144 5.225492
8 197 13.181274
8 198 14.716308
8 238 18.319139
8 332 16.349015
8 333 1.124883
8 345 3.826771
8 373 12.207506
8 496 5.878486
8 536 9.060124
8 592 1.226935
8 605 3.358394
8 691 6.632553
9 10 9.652359
9 45 8.306933
9 53 11.223532
9 60 18.642745
9 90 14.492629
9 128 7.728983
9 139 9.923167
9 291 3.086473
9 313 18.567900
9 371 12.897547
9 379 14.529964
9 527 14.033802
9 624 18.525181
10 11 13.638153
10 29 2.853762
10 34 5.471271
10 41 11.403144
10 54 5.569785
10 70 11.360631
10 130 17.233556
10 245 11.477215
10 458 8.780072
10 478 17.176575
10 479 5.477416
10 491 5.081203
10 647 13.715727
11 40 5.891673
11 56 14.775906
11 68 18.570640
11 121 17.845044
11 190 19.425810
11 510 13.459273
11 650 18.691567
12 20 3.713013
12 22 8.606389
12 69 3.987298
12 71 7.492149
12 166 4.647198
12 210 6.347248
12 213 3.918979
12 230 15.342766
12 313 16.636804
12 368 7.736503
12 448 17.326122
12 538 5.549085
12 610 14.538079
12 619 12.173773
13 88 11.449164
13 140 12.677666
13 218 12.487327
13 457 12.376930
13 540 1.662461
14 19 17.600762
14 42 17.888601
14 74 8.163364
14 175 8.587183
14 205 8.434836
14 411 4.672864
14 428 6.145263
14 497 12.221070
14 635 10.509052
15 40 19.378286
15 81 18.384721
15 99 2.539285
15 118 19.876848
15 285 14.677811
15 325 16.244900
15 381 3.249533
15 432 2.128406
15 444 16.251995
15 473 17.512065
15 664 10.680847
16 113 9.177724
16 413 11.141391
16 518 2.614477
17 36 17.547553
17 37 18.521006
17 43 7.335450
17 46 16.964224
17 82 7.072539
17 141 10.481325
17 206 12.046876
17 253 12.923279
17 257 4.549521
17 314 12.977457
17 329 13.790701
17 350 16.200893
17 361 15.039268
17 544 14.610442
17 577 15.099992
17 666 18.857703
18 47 2.838789
18 91 1.044525
18 121 4.377203
18 668 17.318076
19 48 13.059825
19 97 13.976349
19 102 1.418218
19 118 19.678361
19 141 10.406728
19 371 8.309163
19 480 14.913165
19 639 15.224873
20 28 9.348517
20 32 13.655350
20 46 1.541484
20 104 4.458779
20 110 12.339498
20 142 17.330496
20 235 2.230668
20 254 15.690342
20 287 10.759655
20 294 19.108469
20 305 13.040961
20 317 15.151260
20 319 15.956273
20 393 18.983506
20 397 4.662526
20 416 3.746568
20 685 8.158479
21 25 8.094836
21 35 3.684184
21 55 11.573740
21 86 19.786415
21 96 7.089509
21 262 17.625171
21 274 8.141362
21 314 6.009713
21 336 19.148674
21 375 15.802804
21 377 12.053731
21 440 3.226744
21 463 10.062413
21 586 10.920096
21 597 14.343951
22 23 4.527331
22 67 17.116138
22 93 9.004844
22 131 2.745761
22 162 8.311784
22 183 16.301969
22 296 4.974386
22 417 9.399935
22 663 17.872203
23 24 11.240995
23 34 10.863852
23 167 18.717475
23 229 11.884374
23 277 8.037410
23 412 19.876210
23 414 6.262413
23 468 12.661336
23 501 1.093510
23 690 1.125245
23 696 9.859890
24 31 18.962939
24 76 11.256603
24 82 13.460580
24 95 10.380368
24 104 15.035387
24 107 7.980170
24 135 19.789503
24 273 13.779740
24 338 14.341916
24 353 2.453974
24 403 5.230459
24 419 8.242343
24 430 14.845767
24 484 18.595199
24 522 9.883949
24 628 10.753323
25 57 12.068541
25 125 17.475201
25 153 17.672258
25 211 8.817818
25 227 16.781648
25 282 13.362442
25 340 10.914449
25 438 1.903867
25 442 14.060705
25 461 17.580820
25 496 8.275533
25 672 2.743421
26 105 7.846471
26 254 5.744844
26 466 11.095500
26 495 10.455700
27 120 11.581121
27 429 2.620799
28 30 14.532382
28 129 17.544697
28 306 7.394321
29 72 7.808235
29 87 4.196151
29 98 2.945092
29 101 4.294025
29 110 17.376346
29 191 9.819744
29 232 19.331272
29 268 5.419711
29 327 11.769824
29 382 6.605885
29 500 18.716467
30 165 8.526571
30 311 6.262196
30 388 11.337514
30 502 6.701580
30 550 6.682513
31 42 5.681697
31 80 6.212633
31 139 1.163730
31 249 12.658563
31 266 16.225689
31 524 15.491088
32 38 16.454133
32 49 2.636057
32 50 19.704466
32 115 11.183765
32 227 7.290299
32 292 10.873098
32 538 3.422240
32 641 14.172740
33 108 7.149356
33 152 19.789957
33 159 17.168184
33 201 12.369540
33 422 11.562437
34 36 12.548429
34 45 1.241123
34 148 16.930275
34 151 19.528534
34 164 11.923959
34 178 4.634166
34 236 17.728420
34 259 3.154196
34 288 18.517488
34 289 18.622597
34 298 16.870911
34 344 1.330215
34 391 14.636483
34 482 2.890097
34 508 18.991397
34 574 5.647736
34 605 4.175195
35 50 17.955460
35 558 14.048667
35 563 8.678678
36 136 4.700714
36 147 4.343784
36 367 2.780113
36 670 12.162621
37 38 10.729676
37 51 8.260025
37 91 13.284923
37 167 5.671776
37 223 18.473415
37 307 1.161645
37 342 10.689579
37 357 9.273643
37 372 12.174423
37 405 11.254880
37 498 12.315321
38 151 15.480354
38 583 8.108073
39 365 15.506363
39 541 14.007083
39 614 8.976548
40 103 14.495154
40 160 9.727281
40 204 8.059729
40 219 17.889226
40 269 6.024540
40 619 1.712652
40 692 3.339283
41 59 11.214557
42 44 14.733008
42 93 3.669342
42 127 6.068729
42 158 13.017510
42 161 3.557271
42 194 2.880975
42 198 17.038787
42 231 18.942792
42 234 9.924903
42 261 6.763382
42 326 16.676351
42 386 7.892727
42 511 15.833099
42 539 18.451092
42 640 6.271648
42 644 11.088122
43 60 5.607800
43 119 12.461842
43 155 9.697920
43 511 11.222352
43 599 10.978709
43 660 8.644588
44 235 15.866829
44 631 4.576819
45 94 5.255137
45 114 5.320047
45 124 2.757912
45 202 2.822016
45 222 5.558724
45 369 3.081938
45 370 9.387049
45 646 18.262717
46 52 19.771063
46 66 9.124485
46 78 5.710834
46 241 3.449758
46 259 3.052212
46 289 3.965669
46 399 11.088244
46 636 8.654912
47 102 17.524963
47 187 19.389806
47 297 12.421585
47 456 8.267116
47 500 3.630575
47 516 14.570516
48 65 17.447380
48 117 5.295978
48 398 11.120142
48 423 2.413165
48 483 4.080102
48 510 15.325122
48 607 18.366108
48 665 10.583409
49 89 14.337582
49 271 1.353259
49 467 7.977714
49 508 5.883796
49 688 2.517279
50 108 3.213594
50 127 19.631963
50 138 4.555710
50 147 18.598928
50 296 11.454602
50 310 13.836407
50 575 19.055565
51 61 3.955361
51 75 4.290925
51 131 19.880921
51 240 14.547425
51 642 7.520868
52 66 2.461055
52 73 7.253399
52 84 12.543476
52 238 10.144552
52 562 17.521268
53 65 6.860991
53 214 13.353262
54 129 12.000948
54 144 16.968612
55 73 8.847306
55 145 7.053247
55 154 3.331081
55 188 6.645231
55 192 6.751991
55 246 14.388853
55 287 4.740669
55 303 2.439548
55 659 14.411467
56 75 8.580146
56 78 5.442580
56 106 8.399536
56 111 1.077107
56 120 19.725491
56 130 6.578264
56 252 7.870573
56 267 10.977804
56 276 9.844403
56 321 13.844257
56 396 13.949745
56 639 2.836208
57 275 18.360701
57 453 7.691994
57 460 7.002441
57 650 14.741681
57 680 9.560988
58 134 1.004938
58 322 13.424743
58 342 18.070500
58 643 11.153264
59 622 16.074535
60 84 3.088587
61 449 18.402169
62 133 19.934310
62 156 6.225992
62 264 5.824332
62 321 4.210715
63 71 8.259488
63 99 12.853507
63 193 11.053230
63 363 16.066183
63 374 16.480548
63 411 17.954123
64 249 13.100061
64 427 6.065523
64 553 14.460573
64 595 11.457093
66 77 10.571350
66 83 13.220808
66 328 18.675293
66 380 4.070316
66 396 1.414719
66 625 2.089756
67 115 11.893174
67 471 19.227489
67 473 9.848438
67 552 15.126704
67 662 9.278964
68 164 17.037990
68 531 11.406517
68 558 6.139293
69 394 4.434978
70 173 4.097019
70 425 1.445397
70 588 3.824535
70 608 12.459351
70 661 5.350654
71 436 1.523862
71 504 5.704525
72 168 11.510572
72 204 15.120427
72 234 6.441206
72 309 17.162757
72 355 3.486902
73 135 5.380552
73 177 13.228344
73 256 2.578134
73 262 13.496193
73 374 10.386239
73 471 13.846497
73 475 6.904685
73 621 6.738632
74 101 2.472201
74 221 16.284456
74 486 2.364127
74 576 15.244254
75 90 14.890279
75 97 4.450691
75 146 5.650332
75 202 7.706535
75 224 14.200396
75 248 2.529679
75 441 17.336384
75 525 9.499651
75 699 8.521381
76 117 3.433020
76 128 13.624582
76 132 3.094850
76 134 14.982769
76 145 17.306213
76 189 7.940414
76 251 19.139605
76 252 19.796392
76 330 9.013152
76 582 3.565749
77 180 13.845535
78 88 11.718800
78 369 5.419766
78 433 11.238245
78 436 8.446163
78 442 18.231877
79 85 10.130336
79 96 7.151271
79 208 2.428589
79 217 15.488959
79 278 1.388177
79 392 4.939409
79 400 16.560813
79 455 9.329789
79 618 11.072810
80 123 7.131401
80 143 19.626666
80 461 1.673666
80 559 6.122293
81 137 6.426583
81 142 19.507380
81 433 9.949021
82 386 4.823954
82 401 6.688589
82 684 16.764962
83 336 9.504524
84 149 11.937998
84 176 14.449921
84 415 2.387069
84 470 4.715332
84 492 3.791253
84 501 18.941538
84 571 9.078487
85 187 11.464614
85 309 17.332173
85 453 10.641438
86 684 18.127323
87 546 8.390742
87 657 6.351521
88 109 8.048238
88 470 4.585790
89 335 4.988636
90 292 2.578762
92 106 2.623189
92 181 17.146100
92 186 2.935040
92 222 4.409920
92 243 15.772631
92 281 5.214182
92 341 13.984103
92 382 14.735568
92 550 18.473354
92 626 15.305549
92 627 2.016541
93 112 9.490721
93 140 10.299539
93 215 3.270139
93 329 12.670749
93 357 8.033500
93 365 9.538341
93 573 18.839610
93 581 8.676198
94 485 12.016791
95 100 12.062231
95 122 11.856316
95 150 3.710033
95 236 7.197057
96 195 15.841142
96 279 7.903340
96 337 19.588733
96 375 4.601805
96 423 17.448709
96 537 14.120698
97 100 5.415682
97 162 19.765760
97 169 4.645523
97 209 5.723184
97 228 12.494232
97 293 9.570018
97 366 18.576116
97 383 19.093401
97 415 13.026130
97 426 3.161007
97 454 15.251248
97 478 2.704856
97 505 2.344101
97 534 1.903360
97 549 7.540850
97 582 12.287038
97 600 6.561788
97 615 5.105707
97 626 19.477968
97 645 4.432716
97 673 19.360259
97 693 9.747021
98 194 1.658317
98 393 19.607812
99 217 3.013607
99 638 7.538942
100 226 4.015782
100 539 18.777286
100 699 10.385743
101 210 8.442915
101 457 16.738010
101 526 11.288372
101 618 2.643121
102 175 18.404448
102 439 1.319539
102 456 4.737762
102 545 18.451402
103 188 16.683030
103 379 7.552727
103 584 17.543630
105 111 19.872544
105 133 1.726268
105 179 6.711250
105 283 16.638567
105 476 2.591486
106 315 13.718224
106 326 12.422057
106 499 1.065205
106 536 3.539229
106 594 16.331002
107 163 16.434953
107 530 6.745518
108 174 16.929362
108 199 8.651833
108 213 13.654610
108 603 15.402505
109 351 10.481323
110 559 3.716741
112 152 16.155717
112 170 4.450362
112 280 18.085254
112 384 18.102695
112 543 18.565478
113 171 18.134423
113 173 6.955807
113 178 6.413616
113 224 7.108034
114 150 13.813419
114 331 3.094291
114 688 2.889448
115 253 19.285725
115 464 5.779042
115 535 7.527642
116 158 2.417343
116 171 12.933933
116 247 9.031547
116 527 15.475933
116 621 2.316152
117 360 1.608393
118 481 15.016994
119 148 18.518620
119 225 12.209911
119 474 1.498759
120 239 12.662516
120 246 9.267169
120 271 3.616002
120 398 1.023243
120 542 16.070946
121 136 17.381573
121 165 15.330037
121 275 15.547468
121 345 12.774485
121 409 5.925612
122 362 6.318454
122 535 11.113572
123 132 11.019254
123 159 5.955849
123 183 13.304665
123 272 7.369575
123 280 6.713036
123 347 5.747889
123 611 14.575966
123 647 19.863242
123 697 16.791742
124 250 3.880788
124 305 17.000093
126 184 13.148175
126 197 11.076836
126 228 7.468864
126 299 10.168767
126 320 3.955582
127 316 17.251787
128 190 8.655997
128 407 9.347172
128 615 4.587812
129 154 14.444766
129 161 18.650128
129 206 19.154761
129 355 11.500812
129 655 12.233293
130 356 13.614763
130 506 13.554897
130 520 6.999940
131 437 1.770205
132 354 11.271678
132 459 2.971955
133 452 1.686782
133 566 16.916732
134 181 1.316608
134 311 14.274939
134 506 19.085027
134 664 16.391338
135 304 14.380023
136 212 10.467142
136 265 1.926734
137 207 19.328581
137 652 2.377987
138 223 15.707262
138 295 10.009130
138 578 5.057298
140 264 14.849263
140 459 2.245141
141 157 19.612799
142 174 4.098138
143 172 18.044422
143 277 9.983699
143 609 15.569182
144 299 3.762196
145 215 11.897793
145 220 2.978645
145 330 15.157790
145 372 1.512347
145 402 3.968028
145 570 18.923537
145 662 13.275920
148 564 3.874577
149 251 15.737883
149 530 8.801598
150 156 7.963183
151 308 4.391312
152 286 1.954744
152 290 13.333862
152 348 14.128886
152 352 1.428040
152 616 18.018205
152 658 17.815398
152 669 15.084135
153 163 16.685764
153 192 18.765767
154 426 7.692048
154 549 14.708335
154 593 11.313453
156 263 2.504187
156 408 5.696128
157 186 14.328317
157 189 14.990363
157 221 2.922239
157 378 5.199848
157 477 10.665592
157 568 1.879600
158 270 1.838806
158 272 10.427612
158 439 9.465388
158 678 7.635488
159 172 13.045810
159 242 12.754281
161 211 17.939353
161 295 4.371944
161 370 14.864455
161 395 4.043599
161 443 10.909063
161 445 6.185837
161 509 9.296895
164 260 13.116911
164 270 15.245802
164 324 9.919213
164 653 14.496109
165 298 12.851411
166 185 18.726407
166 304 12.483127
166 328 6.213698
167 176 13.304570
167 397 1.893179
167 488 9.671436
167 499 9.077225
168 438 13.964150
168 680 19.381199
169 434 2.382432
170 406 9.965465
170 613 12.691035
171 185 16.184659
171 255 8.967485
171 451 12.028430
172 318 4.194006
172 358 14.331854
172 512 6.457207
172 641 8.897488
173 191 6.837755
173 200 2.919111
173 219 14.387791
173 233 14.321715
173 276 2.317059
173 390 16.284397
173 484 17.163743
173 560 13.071602
174 196 10.680578
174 380 6.752548
174 387 16.055870
175 203 11.725768
175 241 8.773636
175 385 8.055362
175 388 13.188995
176 226 7.203390
176 449 2.781358
176 569 2.751887
177 244 3.192926
177 353 2.261339
178 201 6.953820
178 212 6.704025
179 337 1.521239
180 248 15.144796
181 207 16.294409
181 528 8.697458
182 242 9.715503
182 592 18.986893
183 327 18.758624
185 468 5.993995
186 486 4.402350
188 341 9.825720
188 381 16.220381
188 631 11.908350
188 637 2.849970
189 247 9.053021
189 580 16.588156
191 229 11.156672
193 323 12.166296
195 239 18.096881
195 421 11.960080
195 633 2.169455
195 667 3.785991
197 312 1.776210
197 614 9.568311
197 661 9.138613
198 245 4.610035
198 689 3.668090
199 203 8.860279
199 420 3.224254
199 623 5.782332
200 237 6.884023
200 265 15.414926
200 384 7.792072
200 616 4.057778
200 668 2.928964
201 208 15.123810
201 409 13.216427
201 446 14.442338
201 472 19.823244
202 346 1.776917
202 391 3.613359
203 638 8.004304
203 652 11.233118
204 515 13.708686
205 683 14.339059
206 317 3.710837
207 216 8.072505
207 244 17.569916
207 284 13.192228
207 362 12.430484
207 469 5.891068
207 489 3.781258
207 547 2.378590
207 606 16.597696
208 406 15.984251
209 359 12.018232
210 214 1.724333
210 260 19.067535
210 472 6.379044
211 516 2.483893
211 648 3.711304
212 599 15.057437
212 671 4.820361
213 255 14.961010
213 476 13.500506
213 657 1.625224
214 250 14.186363
214 258 15.410277
214 267 10.015797
214 578 17.441140
214 624 11.162724
216 232 8.612906
217 418 5.513022
219 225 10.057840
219 240 3.412918
219 339 8.649037
223 653 3.628789
223 656 4.474548
224 231 12.285175
224 383 1.772898
224 587 14.768267
228 294 19.592625
229 261 17.754512
229 322 7.970000
229 395 19.669624
229 418 18.923600
229 581 12.476495
230 368 6.879616
231 233 4.366309
232 344 13.469517
232 347 18.612837
234 257 9.188049
234 288 2.922601
234 343 8.957654
234 349 4.176217
235 332 19.683768
235 612 4.197956
238 297 13.207328
239 481 3.255907
239 521 19.740288
240 625 2.895113
242 413 19.440540
242 416 5.534143
242 424 15.193994
242 598 8.358165
242 651 17.589710
243 268 11.042192
243 351 10.554048
244 414 6.918750
244 517 8.553980
244 675 17.290853
245 363 4.450925
245 533 9.139518
245 677 2.860362
248 312 15.913844
248 320 18.621409
248 493 19.534192
248 523 13.267951
248 630 1.603338
249 465 11.117753
250 293 8.035385
250 402 18.213369
250 637 2.897771
251 392 13.977994
251 404 19.272052
251 572 11.278507
251 620 15.135702
252 490 14.532856
252 495 4.983007
252 532 16.537986
252 594 17.648496
253 579 15.211290
254 503 7.843033
256 361 16.920752
256 577 19.035377
256 693 3.183504
257 452 18.394950
258 279 7.842157
258 331 4.328217
258 593 11.863049
260 283 4.950235
260 343 1.802958
260 466 7.646431
260 485 3.627684
260 542 17.561662
260 630 15.779385
261 435 4.239311
261 450 17.297250
261 532 6.576510
261 580 9.985800
262 541 10.629359
263 282 13.868383
264 557 13.457300
265 274 18.072727
265 284 19.485895
265 376 19.505278
265 487 18.283022
267 567 7.699274
268 278 14.055087
268 617 14.921222
269 649 16.813439
271 412 1.895783
272 281 18.333322
273 303 18.369594
273 596 1.262598
273 636 1.040125
274 302 1.110603
274 584 4.983543
275 494 6.659308
276 569 19.567388
277 300 8.157149
277 425 14.485876
278 687 8.039974
279 316 6.751098
279 629 6.465042
280 378 15.685641
280 447 19.170345
281 656 11.425848
282 290 3.136079
283 285 11.847044
283 358 11.643107
284 447 16.573532
285 475 8.398526
285 573 9.852850
285 586 5.735854
286 445 4.102275
287 323 12.091726
287 419 4.881135
287 431 1.528512
288 612 8.410249
290 301 4.382374
290 310 5.116078
290 405 8.260896
290 462 7.305057
290 547 14.291545
290 628 2.934175
291 350 14.341615
291 687 4.446463
292 302 9.751651
294 349 3.341932
296 434 10.633202
296 497 14.617824
296 514 11.931282
298 376 10.123654
303 315 16.393186
304 561 14.975377
305 410 3.004871
305 441 2.412669
308 533 15.159712
310 458 15.711356
312 589 3.219380
313 607 9.457026
315 339 8.223476
317 543 18.050432
317 604 5.057530
318 672 12.718787
319 408 7.103109
320 367 15.895303
320 514 10.704958
321 648 7.072599
322 587 10.839085
322 601 16.890841
323 655 2.432006
324 373 10.972021
326 450 15.924127
326 695 7.231407
327 417 8.201786
327 479 15.941272
327 509 9.769758
329 658 1.203177
330 366 1.794172
332 356 11.462788
332 422 1.429010
333 491 3.812478
334 338 12.262561
336 565 17.145374
337 430 14.901622
337 494 19.919608
337 683 13.174085
338 359 16.191334
338 561 14.176664
338 591 4.325090
339 517 12.102263
341 529 11.771285
344 520 19.367795
344 529 10.602843
347 390 8.203965
348 524 9.225957
348 526 3.027648
350 679 11.020953
351 513 8.570657
352 504 3.881679
352 600 3.085954
352 692 15.261208
353 407 4.279493
356 435 14.629947
357 519 13.330830
357 691 3.850890
358 424 16.155129
361 429 6.896660
362 610 9.643639
363 389 3.857284
363 690 1.910480
365 394 4.308470
367 403 4.672180
368 674 17.068718
369 462 14.135084
370 387 13.797430
372 597 12.346799
372 694 9.356945
373 404 1.771842
374 556 11.220048
375 565 5.157900
376 551 8.357668
377 507 6.482666
380 602 16.395245
381 654 9.376119
384 385 10.544602
384 428 3.799727
384 503 4.360997
384 640 6.977420
386 463 4.770733
389 669 2.825550
391 427 13.189311
391 627 14.416133
393 493 7.647591
396 431 2.759588
398 589 11.018441
401 642 19.847924
402 685 2.844707
403 606 9.605465
404 554 11.778877
404 595 8.385485
404 665 4.940498
406 633 11.254119
408 512 10.527618
409 410 8.501671
410 623 4.997830
412 437 5.304410
414 546 8.223918
417 540 9.273960
418 451 14.812802
418 678 13.223899
418 696 14.486232
419 505 19.009461
424 440 18.740214
429 477 11.488509
431 634 6.625531
432 557 8.355140
432 609 9.184870
433 460 14.354161
435 513 3.880243
435 525 12.766460
439 673 8.293907
442 474 6.030243
442 521 6.106054
444 544 9.434820
444 670 14.797766
445 677 2.901398
445 698 5.903393
446 574 6.087995
448 679 12.794203
451 488 11.321137
452 555 12.769573
452 676 12.588848
453 502 18.359049
456 588 17.410700
456 632 2.832448
457 651 11.238116
460 492 15.940899
460 562 16.461837
465 632 8.799051
468 571 3.168649
469 590 17.736414
474 551 19.683645
476 483 12.700766
478 566 16.681114
478 596 13.088704
479 507 14.425189
482 585 3.661654
483 498 9.502505
483 629 2.656289
485 576 10.574888
496 567 19.606802
500 552 5.168663
505 666 19.590227
507 518 10.332553
507 570 2.350409
508 531 9.753469
508 568 5.354741
511 534 2.757007
516 523 5.505285
517 555 5.593670
518 676 12.145710
521 611 8.481438
524 686 13.802453
526 613 12.431480
529 634 1.084749
529 660 19.052910
533 579 12.127598
536 601 5.048096
538 602 10.386518
538 667 7.229070
540 548 12.482623
542 564 2.980212
545 603 17.060389
551 598 19.578087
557 591 4.646925
578 620 9.350046
578 649 1.385036
590 617 15.343086
590 635 4.292885
596 644 16.585024
598 604 11.658165
606 654 18.162249
621 675 8.858523
621 686 16.113602
635 663 17.815610
639 674 1.216622
660 682 2.658123
10.438086 17.673626 10.289337 22.475030 8.330824 5.013819 23.249865 24.693251 20.055314 7.076080 6.667543 18.435385 19.755469 15.487314 8.094443 5.810776 15.535965 10.425518 10.114079 19.535147 10.486576 16.615583 10.630220 8.168788 6.649383 13.898051 21.727405 15.275197 15.057261 23.713250 7.375844 9.389000 16.134713 23.457934 9.863129 18.787029 22.509745 15.654989 22.188310 5.653308 6.973345 19.266141 8.458294 7.738536 24.156060 17.217472 11.740579 11.445977 18.039351 20.550767 18.644075 18.864583 6.298216 23.567122 6.272734 7.406985 18.902724 16.776463 12.569119 23.498599 17.721378 19.797913 20.018337 7.853350 19.837053 17.617901 5.608269 20.311180 22.396222 16.081204 11.548268 12.377134 9.168427 6.444766 19.952064 12.438210 20.878361 21.713273 10.696975 17.994081 11.446584 16.780549 16.042725 13.794121 9.608782 23.836705 7.160092 22.702382 18.053018 23.812060 10.543603 23.749013 19.346206 8.631834 13.273701 13.877408 10.048328 9.405355 13.792446 10.892338 20.271663 24.952625 17.676468 24.286255 5.173607 8.509961 20.997216 22.824275 19.535988 20.949386 11.479696 22.667972 19.465990 13.463392 10.428449 7.564399 5.202273 9.025089 14.619181 24.076933 22.690042 22.635017 18.920942 20.415597 9.347533 14.822731 17.318057 15.922050 9.175273 17.321851 15.891282 8.336679 10.961538 7.338472 16.692249 12.881742 7.265943 23.001485 14.118396 16.676017 16.423884 6.151163 21.986425 12.276977 22.679987 13.318343 22.040289 13.931407 8.687934 14.744284 7.112607 24.842697 9.322155 20.891415 18.935476 12.008635 19.956421 11.446625 22.154239 15.181083 23.347807 12.469430 13.772253 24.139764 21.518741 21.334228 24.857088 16.121634 24.099511 5.449053 20.493172 15.989011 22.934431 20.147989 6.884049 12.281711 7.131480 23.739124 14.931211 7.748594 24.762213 14.301471 11.937059 15.315780 10.715273 20.799653 6.387738 22.653635 23.905505 19.065375 17.809713 6.248709 19.952681 12.719223 20.755666 23.261984 8.254533 23.441236 7.361473 18.241410 8.015467 6.550252 13.592777 11.916933 23.221037 6.717573 13.456089 23.838015 24.658725 10.192617 18.499880 23.492548 14.457390 15.003497 14.834845 16.025930 9.567317 8.647611 23.587404 19.076728 23.156453 7.244815 9.716157 18.759665 12.607275 6.485105 11.300789 14.709799 24.166493 16.524572 8.313854 13.498438 9.042918 20.227559 15.551961 23.289244 9.185442 6.384503 6.073671 5.037859 12.600554 14.038330 22.353674 22.407272 10.942447 18.986323 7.353659 19.552673 5.974735 14.279869 17.079263 16.221716 6.188628 23.784110 10.971768 10.281235 8.511401 21.001016 9.124769 14.817184 9.555259 5.187123 12.390579 7.060261 20.803200 17.813980 12.813300 23.896512 6.068768 20.425425 9.874113 22.551685 10.492497 5.182537 5.933349 24.861683 20.535307 20.361374 20.439040 22.961164 6.682652 10.385100 22.255791 22.614191 5.729865 6.505019 23.859237 6.598475 11.267719 14.167508 13.957118 17.648373 10.491716 23.031642 10.175054 8.119556 8.822061 15.531173 23.608347 8.166649 11.887806 18.966504 18.442409 20.165621 23.607747 14.200180 21.230712 9.158210 8.351239 24.267396 9.355526 13.330096 7.930957 20.359530 6.047832 17.365485 11.468825 15.610148 22.434306 20.817491 11.880814 22.128979 7.833788 14.495516 14.485994 7.658777 23.204069 19.111683 16.996810 19.745825 12.271442 21.566264 18.263419 24.956319 13.030771 16.624723 16.683811 16.542782 21.231780 8.993030 8.881995 24.874086 14.711130 9.073088 15.708792 15.085302 16.669258 9.942328 19.068769 14.912261 24.584906 21.949741 13.665723 17.115451 8.270717 10.518096 6.635241 18.192965 23.087590 9.225132 14.687335 15.141198 5.183570 18.956337 18.060245 21.837624 17.793230 11.153562 9.636701 21.601329 18.440729 10.681754 7.899168 14.577032 17.719933 9.699710 9.272508 19.786780 21.206882 15.330309 21.892683 23.153622 14.092235 5.166942 24.348830 7.362415 18.118238 5.953724 8.498464 7.285074 5.792330 22.448150 13.460397 21.638159 20.846778 8.123052 24.066077 9.357705 9.794468 10.115514 5.493148 21.652584 18.432405 22.314624 8.127339 16.789495 19.589337 8.028875 23.697038 6.693650 16.468681 23.625123 20.864818 15.523497 9.492267 15.545517 20.200871 21.714656 16.659874 21.068276 14.619147 14.556572 18.916974 20.282371 6.575859 15.281360 21.925747 21.537242 23.780012 16.933870 24.073432 14.639538 13.831781 7.049795 10.951777 11.847577 21.322730 10.649501 13.254877 7.753055 23.664299 21.591055 20.699217 19.561020 13.689089 21.773446 24.128489 14.263518 16.270421 17.268302 13.936337 9.513280 21.442703 6.907986 16.822701 12.027107 15.967187 6.865951 9.579269 9.529454 22.743699 17.200251 17.684275 10.992009 16.281224 13.924755 17.028660 15.583259 13.917355 23.397554 18.210703 19.016437 10.426770 8.592710 11.255335 19.781808 22.871009 22.456959 8.322034 19.988323 14.264215 11.156794 19.581603 20.217427 22.956750 6.402765 21.458168 15.214766 15.366789 12.127316 14.421375 7.196599 14.112191 15.957534 20.859070 11.485270 6.936915 22.529585 16.167131 23.637525 22.550215 8.233385 9.167198 21.914609 17.025099 10.260352 19.682816 7.422482 23.553673 16.455867 12.565738 17.724792 20.046808 5.556895 8.264124 11.192592 24.377871 23.229385 20.264215 15.136317 5.025583 13.270835 14.070667 5.973501 9.804494 18.522944 11.456657 18.629063 8.224460 17.823432 8.288212 18.793566 21.477837 19.126482 13.531839 24.042149 13.495584 15.259873 7.600991 5.928122 19.914999 9.392521 23.285358 9.037908 18.673840 6.472165 10.804295 14.279577 15.528406 10.200748 11.392526 17.909305 22.902107 19.468831 14.944984 10.277380 20.795835 5.444612 17.379649 15.233339 17.825105 8.133851 22.541767 6.354695 17.722219 6.233785 5.685418 18.039051 13.834673 17.781060 13.556970 8.407696 20.861965 23.817525 24.675736 22.790439 16.240036 24.664185 13.153201 24.013821 16.441779 7.542024 15.062694 18.329473 17.294173 18.368169 7.573315 18.411921 13.147093 5.517964 18.923230 16.764158 18.553897 16.101740 24.132576 17.947566 11.966513 16.101524 12.437207 5.266925 6.962864 22.965947 7.770047 13.483332 21.480968 17.720955 22.326098 16.508881 24.689255 7.228520 13.714821 9.646368 21.898885 18.313800 5.800048 7.899557 5.382701 10.665007 16.362177 23.384230 7.506038 22.616229 6.238832 12.753512 11.291665 23.332316 18.084170 20.958894 21.459138 9.102751 21.609365 9.724778 6.710725 18.818131 18.790391 18.830528 6.131401 23.503202 20.650498 16.232279 24.258691 19.011611 14.138328 8.049017 7.701490 17.858408 18.820097 12.287964 18.411312 11.504263 22.321645 9.282887 19.518630 23.445531 16.028528 19.095383 12.613396 15.666042 17.873139 8.074830 16.178723 24.296247 14.955377 8.640357 7.735635 20.151174 7.257248 6.008492 22.798467 16.869757 21.268383 15.669236 5.627075 9.245125 20.867069 5.352065 22.160720 21.993582 18.020797 6.868852 12.793917 13.044504 12.001312 5.377043 16.623355 15.810242 9.277274 6.223762 6.326892 12.448480 11.728150 10.448985 16.899746 7.381875 6.027096 21.138678 7.401474 7.156968 20.718386 19.246928
46
196
0 1 4.402099
0 17 8.059832
0 21 7.222457
0 28 2.049314
0 39 6.018365
1 4 5.728577
1 10 9.846910
1 12 5.016051
1 13 2.523800
1 15 7.760529
1 21 5.507792
1 31 6.669678
1 44 3.374401
2 8 9.122373
2 12 7.586924
2 16 9.750824
2 20 2.571193
2 24 5.319758
2 26 2.879005
2 28 5.735631
2 33 2.999856
2 41 7.121861
3 4 9.986802
3 10 1.774617
3 18 9.946563
3 21 9.074704
3 31 6.104859
3 39 7.476697
3 41 1.121363
4 5 4.026173
4 10 7.930550
4 17 7.439509
4 20 6.986401
4 26 5.790685
4 29 1.763649
4 31 6.101819
4 35 2.852052
5 6 5.501835
5 7 8.581305
5 9 8.128359
5 12 7.281293
5 16 5.061347
5 24 6.567868
6 9 8.971157
6 11 6.986087
6 25 1.563519
6 27 8.603092
6 28 3.378757
6 37 8.642974
6 38 8.768636
6 39 8.817958
6 41 8.660196
6 45 7.970367
7 11 1.300178
7 12 7.667905
7 17 3.855721
7 25 9.265430
7 33 4.775124
7 41 2.884054
7 43 3.595390
8 23 3.447619
8 24 8.020891
8 32 2.278217
8 34 5.035194
9 10 7.545881
9 13 2.337431
9 19 3.414025
9 28 4.966303
9 31 1.181825
9 40 4.361950
9 42 9.752056
10 14 1.664264
10 15 5.723048
10 16 2.682953
10 24 3.110030
10 27 3.220763
10 42 1.085530
11 13 8.928142
11 15 6.341321
11 26 9.372887
11 29 2.796771
11 31 2.782275
11 35 7.296475
11 40 9.292711
12 17 4.004566
12 20 4.272549
12 21 5.558313
12 30 1.686954
12 36 7.945807
13 15 5.151453
13 16 5.508455
13 22 8.009277
13 24 2.593887
13 28 8.817051
13 34 7.671853
13 37 5.552951
14 29 6.703285
14 30 5.633957
14 32 5.027242
14 36 3.777685
14 42 6.615596
14 43 5.994074
15 26 7.899969
15 43 1.497256
16 25 7.545339
16 29 2.638563
16 33 3.336509
16 35 8.418343
16 36 1.807856
17 22 8.725500
17 23 7.201870
17 25 6.209672
17 27 9.403326
17 28 9.940122
17 39 9.565909
17 40 6.606725
17 45 8.930841
18 27 5.792475
18 28 9.337465
18 33 2.644637
18 38 8.902737
18 42 5.482341
18 44 4.882667
18 45 2.060332
19 20 2.553924
19 36 3.646998
19 38 3.767169
19 41 4.630257
20 32 7.449308
20 37 9.338923
20 38 6.460248
21 29 5.130956
21 32 8.987769
21 33 9.323164
21 41 1.438492
21 44 6.686396
22 29 4.433938
22 30 8.333952
22 34 6.414487
22 43 9.105231
23 28 4.147796
23 30 1.560831
23 36 8.727467
23 37 5.062964
23 41 4.007756
23 44 5.569047
24 28 1.467827
24 29 1.006914
24 33 8.407263
24 35 5.061054
24 45 1.006057
25 27 3.669115
25 30 3.503359
25 32 5.599690
25 39 4.056617
25 41 7.717738
25 43 5.763708
26 31 9.998786
26 34 9.989124
26 39 6.300072
26 40 8.776294
26 43 7.057025
27 32 8.129280
27 36 1.471565
27 41 6.198077
28 33 1.079417
28 35 2.969035
28 39 9.023273
28 40 3.262367
28 41 8.781259
28 44 1.781726
29 33 1.982871
29 40 7.353744
29 41 5.303244
30 39 3.230063
30 43 4.223787
31 32 4.490833
31 39 5.035410
31 40 7.358565
31 44 9.470715
32 38 5.148577
32 43 1.035388
33 34 2.076395
33 39 1.412179
34 36 3.026574
34 41 7.775581
35 36 6.617902
35 38 5.552529
35 42 1.133867
35 44 3.583968
36 42 6.878684
37 39 5.707030
37 45 1.919981
40 41 5.499808
40 43 6.241343
40 45 7.595487
475.060909 410.264058 440.076697 339.348482 487.465808 300.160916 512.036421 358.239133 275.765654 451.181604 387.567516 415.926947 488.128441 281.132182 501.958750 256.866614 421.726404 348.903247 292.434752 303.220981 473.372438 336.278892 240.044202 328.363843 297.528404 231.438798 481.778433 473.399397 342.368703 409.201248 455.150386 501.082473 244.355212 270.164712 469.177348 428.311385 496.868423 454.862704 416.978583 511.217876 308.728785 495.277174 455.461991 391.155876 501.124575 492.926156
