800
1597
0 1 16.731124
0 2 16.530080
0 3 1.267690
0 4 13.113107
0 5 2.579977
0 10 17.392336
0 14 19.592045
0 18 3.871922
0 23 17.134618
0 24 15.295064
0 26 2.884800
0 29 13.206777
0 33 3.779713
0 70 5.818574
0 73 18.735477
0 94 17.892272
0 103 17.593482
0 107 16.354370
0 157 9.876453
0 173 17.026737
0 189 9.358461
0 200 14.758328
0 209 19.042659
0 219 8.784396
0 230 13.806517
0 280 16.609173
0 469 7.357919
0 482 16.080148
0 513 15.876779
0 517 15.599419
0 608 7.435120
0 646 7.582505
0 658 15.154341
0 799 15.069649
1 2 5.789186
1 3 11.960600
1 6 7.154139
1 8 12.251324
1 9 13.878786
1 15 11.939648
1 16 5.370414
1 19 5.097572
1 22 7.184351
1 28 6.348412
1 37 9.010654
1 101 12.759426
1 120 17.408774
1 121 11.971039
1 125 2.410989
1 126 17.315407
1 147 7.633296
1 148 19.090732
1 170 12.783745
1 176 1.891538
1 192 2.458261
1 204 12.879808
1 210 4.687212
1 246 16.989506
1 247 11.843816
1 261 5.520653
1 337 11.271123
1 394 8.470715
1 398 7.066663
1 420 18.697563
1 434 5.039059
1 437 7.314154
1 454 4.467658
1 463 19.379973
1 475 9.628252
1 480 10.057879
1 523 14.190168
1 574 19.151963
1 634 10.583334
1 790 13.398154
2 5 19.729600
2 7 15.077174
2 9 19.365891
2 10 4.184673
2 17 9.854761
2 33 1.294559
2 69 16.124731
2 78 10.609953
2 88 1.121361
2 90 19.138667
2 148 9.498299
2 158 13.128830
2 215 19.647431
2 308 11.686231
2 322 17.893876
2 363 18.588478
2 364 9.071588
2 410 11.357487
2 482 7.068363
2 484 3.960861
2 548 15.835258
2 648 18.159570
2 652 16.926276
2 769 19.265755
2 784 12.896963
3 4 13.460541
3 16 16.122805
3 21 11.143283
3 26 1.361859
3 114 18.385958
3 234 12.680228
3 319 11.074611
3 458 13.235339
3 571 2.719327
4 6 6.942825
4 12 4.298472
4 20 9.674338
4 27 15.061012
4 46 1.706893
4 68 13.182200
4 73 2.649899
4 76 19.025906
4 89 6.957584
4 95 11.868773
4 100 4.164093
4 116 5.826755
4 118 10.614802
4 152 14.005597
4 173 1.953486
4 196 13.444832
4 226 1.843981
4 240 19.126990
4 285 8.753378
4 317 3.254747
4 330 8.361878
4 368 19.196383
4 389 12.007663
4 409 13.091455
4 418 7.882860
4 441 2.131552
4 444 5.366481
4 456 6.046718
4 466 2.440282
4 486 12.244601
4 507 8.743176
4 555 9.329328
4 563 10.186142
4 597 4.143736
4 651 16.540010
4 670 16.574239
4 727 6.415898
4 735 8.224618
4 769 9.175942
4 792 14.157726
5 18 17.962034
5 21 9.809048
5 22 10.927688
5 32 12.694044
5 47 7.312414
5 54 3.873958
5 55 18.558994
5 71 15.364220
5 78 7.088912
5 95 19.240470
5 96 19.358263
5 109 17.792837
5 112 17.089720
5 114 13.868184
5 135 8.970937
5 161 8.891259
5 181 19.615011
5 225 10.286575
5 226 10.473807
5 242 6.259174
5 275 3.150842
5 276 18.351025
5 328 10.553868
5 355 13.900985
5 361 1.222267
5 460 13.248045
5 558 14.774127
5 602 3.425023
5 677 9.674092
5 739 9.910999
5 792 4.297214
6 7 13.993305
6 8 14.236106
6 13 16.037052
6 27 5.088219
6 86 18.536993
6 238 13.012940
6 241 17.690119
6 290 3.213518
6 351 4.421851
6 394 11.773862
6 610 1.542576
6 618 15.659969
7 17 4.946772
7 19 17.200171
7 20 7.439075
7 30 16.273608
7 34 5.175800
7 49 14.323753
7 50 1.869980
7 53 7.287004
7 57 8.573745
7 71 17.313492
7 75 12.789372
7 86 1.723677
7 111 10.798907
7 140 9.271895
7 211 3.233728
7 233 6.293615
7 249 7.767607
7 299 7.878373
7 347 4.827777
7 402 14.193476
7 547 2.146715
7 551 3.504749
7 582 18.451956
7 617 6.844442
7 629 14.107659
7 682 16.715465
7 720 14.475046
7 795 5.893802
8 11 12.960568
8 133 11.862133
8 211 18.849886
8 290 1.504050
8 327 8.935189
9 23 18.898239
9 24 9.766068
9 25 19.773130
9 41 14.429445
9 42 6.867340
9 48 19.784146
9 57 11.577474
9 84 1.283243
9 90 18.248836
9 125 7.970888
9 130 14.022188
9 147 12.129421
9 215 14.647265
9 267 15.735746
9 268 19.991512
9 334 14.737019
9 385 19.739918
9 459 1.549115
9 532 16.248418
9 542 18.775431
9 582 8.292193
9 583 10.222451
9 596 1.720202
9 614 5.278676
9 689 5.698129
9 718 15.973358
9 736 15.972336
9 793 2.357320
10 11 18.420653
10 15 19.646916
10 52 18.879613
10 135 13.040807
10 175 17.945800
10 252 11.749850
10 441 15.540548
11 12 2.836445
11 13 19.780820
11 28 5.989001
11 30 17.106916
11 36 3.024067
11 37 14.429914
11 69 1.543813
11 117 10.004444
11 179 2.286386
11 253 9.445736
11 257 4.755338
11 337 3.420877
11 338 8.099668
11 430 16.399572
12 35 12.715325
12 42 16.616550
12 183 14.237031
12 190 3.473647
12 397 19.167845
12 491 13.424479
12 498 16.235840
12 742 11.991035
13 14 4.048788
13 168 16.852951
13 256 7.908303
13 315 14.511919
13 501 9.127847
14 34 8.856207
14 44 10.743485
14 96 1.462221
14 137 16.346924
14 169 4.771314
14 283 14.351220
14 458 16.849269
14 587 14.377484
14 627 14.464189
14 675 19.266092
14 723 16.726622
15 85 7.910783
15 89 10.150462
15 119 1.086531
15 129 2.000701
15 145 11.222341
15 204 14.963431
15 323 12.745858
15 535 10.775598
15 565 16.544709
15 737 7.498582
15 742 5.177148
15 798 2.709016
16 45 15.899972
16 58 18.944031
16 61 4.495172
16 594 13.770563
16 756 5.233530
17 97 6.021674
17 152 6.767392
17 162 10.398142
17 182 2.808842
17 191 17.108014
17 263 7.275417
17 284 16.467533
17 542 18.701294
17 688 12.375008
18 62 15.649706
18 119 3.850614
18 263 8.763494
18 269 2.597879
18 300 5.046559
18 350 15.842561
18 385 6.195940
18 419 12.003255
18 449 19.904912
18 462 18.939498
18 597 7.229081
18 623 18.501111
18 663 15.930683
19 25 8.226827
19 31 16.786362
19 39 7.852289
19 41 12.934094
19 56 2.900185
19 68 13.587609
19 174 2.069733
19 195 11.996886
19 214 18.844993
19 237 1.569391
19 351 14.857953
19 381 12.005798
19 421 9.810959
19 426 12.649842
19 452 17.029401
19 500 13.495233
19 556 9.464177
19 574 4.832747
19 685 8.940832
19 710 7.466640
20 39 6.175386
20 83 3.737133
20 87 18.569428
20 141 12.040197
20 142 6.014126
20 348 6.970621
20 432 10.914860
20 446 7.646811
20 499 15.878407
20 541 15.560403
20 640 8.312146
20 643 5.868571
20 653 17.476317
20 672 14.446479
21 29 13.076829
21 31 4.270424
21 40 1.422574
21 43 13.103976
21 64 17.340250
21 92 13.933441
21 121 7.239489
21 126 8.459128
21 382 5.400201
21 414 1.102055
22 346 15.522492
23 65 5.327918
23 94 15.219021
23 124 16.421264
23 127 1.478962
23 507 8.757155
23 534 18.289552
23 777 9.353970
24 32 5.727248
24 48 2.909450
24 72 19.654749
24 87 13.249744
24 93 19.977545
24 144 16.332282
24 145 9.035970
24 199 16.688952
24 219 14.236272
24 221 15.224293
24 229 17.987946
24 271 17.986449
24 274 5.672820
24 314 7.072235
24 332 4.135116
24 432 7.089360
24 586 17.344325
24 725 3.538016
25 45 13.175097
25 46 18.772497
25 66 13.764766
25 79 4.056871
25 257 14.236430
25 527 18.298384
26 36 5.031686
26 50 8.737771
26 150 2.657918
26 198 6.276584
26 228 5.831487
26 243 18.184961
26 303 8.395445
26 448 4.493888
26 594 4.135730
26 600 12.201607
26 689 6.282130
26 699 12.331957
27 64 8.000204
27 177 19.587305
27 188 13.392335
27 369 10.441804
27 470 13.372115
27 525 5.416735
27 616 13.279961
27 624 11.942553
28 35 14.743652
28 58 5.593525
28 62 6.717512
28 158 2.657650
28 191 11.856071
28 286 6.110796
28 489 4.341947
28 535 15.908821
28 561 8.513472
28 690 9.985952
28 787 5.568955
29 40 8.346630
29 106 16.894830
29 109 17.044028
29 141 6.775011
29 144 18.732818
29 197 15.551066
29 198 2.333509
29 212 6.997612
29 239 18.399306
29 341 5.630986
29 411 8.059626
29 416 16.443357
29 514 9.185992
29 758 16.646040
30 38 17.016598
30 51 19.265506
30 80 9.653005
30 110 11.674502
30 115 6.159830
30 130 15.250693
30 139 16.158551
30 213 5.125643
30 251 2.118385
30 269 14.066056
30 306 5.092661
30 412 12.086439
30 524 6.241335
30 569 9.948474
30 590 11.094463
30 650 10.357023
30 768 11.077609
30 781 8.094271
31 136 3.740053
31 776 17.042371
32 44 17.250014
32 51 19.931834
32 54 2.145116
32 102 16.485134
32 133 4.759169
32 181 10.940875
32 238 1.137905
32 244 3.843054
32 266 5.634288
32 268 3.989254
32 345 12.539217
32 396 5.963324
32 453 4.370671
32 505 3.161266
32 630 12.589823
32 677 9.112955
33 38 11.269064
33 63 5.478415
33 67 16.691631
33 74 4.776046
33 111 12.672849
33 140 18.634573
33 150 14.992513
33 192 17.627982
33 287 17.002516
33 293 4.877274
33 616 1.063732
33 632 8.930856
33 661 14.367122
33 782 3.731517
34 43 7.804133
34 72 6.548383
34 107 3.037220
34 113 1.221625
34 241 18.372850
34 245 19.334414
34 566 18.176002
34 609 19.158762
34 635 17.368210
35 55 1.331315
35 77 7.513606
35 91 6.234830
35 100 18.601601
35 155 10.672072
35 172 13.336782
35 184 7.814324
35 264 18.662005
35 329 19.455214
35 340 12.330643
35 391 6.625288
35 528 5.639598
35 692 6.026168
35 728 18.812282
36 59 5.381668
36 210 17.568745
36 305 4.218048
36 720 12.185418
36 785 10.971183
37 123 11.305273
37 235 12.808657
37 277 17.527241
37 429 10.947672
37 552 13.057285
37 664 10.213043
38 60 17.641826
38 79 9.820406
38 81 17.287915
38 105 13.648465
38 169 8.980432
38 559 9.954375
38 715 1.670137
38 757 7.108831
39 97 9.055274
39 164 12.285960
39 353 1.045774
39 356 15.916431
39 428 7.119762
40 63 2.901725
40 98 11.334347
40 710 3.787969
41 47 14.569338
41 128 5.546978
41 207 14.112024
41 589 19.946929
42 118 10.456050
42 448 1.222211
42 611 4.152564
42 624 7.208375
43 122 10.836285
43 168 15.349181
43 174 11.105167
43 286 15.983682
43 309 4.658221
43 786 5.717221
44 80 5.824314
44 127 8.085241
44 128 11.913181
44 149 5.984754
44 209 17.051472
44 306 2.050032
44 393 5.243121
44 443 13.804814
44 512 2.562724
44 521 11.902580
45 202 17.468478
45 321 9.223670
46 52 7.943055
46 106 13.722294
46 167 17.536998
46 232 1.270878
46 310 6.438547
46 539 1.487191
46 694 3.625332
47 193 10.440424
47 258 13.892350
47 325 5.606511
47 375 18.980730
47 429 11.675336
47 690 5.221626
48 49 17.366089
48 206 11.326965
48 303 11.721646
48 377 3.745747
48 620 18.267182
48 764 18.375922
49 60 18.306611
49 92 11.435888
49 102 16.578936
49 131 3.725121
49 399 3.756527
49 576 13.894028
49 678 15.852482
49 686 19.038515
50 53 8.777571
50 56 2.406133
50 166 8.498738
50 281 5.244749
50 347 13.552372
50 354 13.296053
50 379 1.490025
50 699 13.585984
50 711 15.163674
51 59 14.033962
51 266 19.975288
51 479 9.827211
52 495 16.618035
52 702 8.295640
53 70 15.846155
53 76 15.979609
53 110 15.286890
53 131 8.109818
53 155 6.617809
53 205 7.654886
53 295 2.248808
53 326 13.128327
53 409 6.263737
53 412 15.132783
53 773 14.367745
54 77 1.138604
54 108 16.581812
54 143 18.869829
54 170 6.313343
54 221 16.221720
54 242 8.153935
54 308 16.995875
54 362 7.960880
54 506 12.796136
54 645 5.085004
54 654 4.462905
54 691 10.726036
54 755 17.265628
55 371 8.189591
56 61 19.789954
56 65 3.720484
56 105 17.003101
56 132 1.917850
56 401 2.538951
57 248 1.970795
57 297 8.518085
57 307 9.721433
58 136 11.480806
58 156 1.797161
58 159 16.446329
58 214 9.075946
58 264 18.643422
58 357 19.629132
58 374 17.721015
58 431 7.365579
58 434 2.223734
59 66 3.365847
59 206 15.353835
59 223 12.755052
59 254 18.143609
59 519 7.963991
59 526 9.767006
59 533 3.806402
59 745 19.218821
60 82 18.935971
60 85 16.665617
60 231 11.670398
60 333 2.542926
60 714 1.351666
61 81 1.347542
61 103 3.157579
61 104 9.484091
61 167 8.961842
61 261 17.993461
61 301 12.981839
61 359 9.208171
61 418 3.130648
61 423 1.244140
61 584 19.636641
61 713 9.689432
61 781 9.979061
62 67 19.379393
62 91 18.113785
62 93 17.171994
62 120 2.341143
62 401 14.348503
62 413 6.767779
62 700 8.134192
63 134 7.428760
63 163 1.449243
63 250 11.781847
63 363 15.692358
63 526 9.588446
63 614 8.697369
63 672 16.617272
63 692 6.868653
64 172 15.183437
64 346 7.595705
65 216 5.398609
65 532 11.997860
65 571 19.258660
65 655 11.589534
65 660 19.480918
66 84 10.327123
66 759 7.667747
67 75 8.655863
67 178 13.194300
67 392 3.055207
68 160 2.037941
68 217 4.094219
69 74 17.321949
69 373 16.625630
69 701 10.119830
70 113 11.351027
70 171 12.613131
70 228 9.649343
70 331 4.847079
70 377 15.292921
70 457 16.547228
70 546 17.411697
71 186 1.517629
71 217 19.023510
71 244 3.214816
71 251 14.448645
71 265 19.436292
71 298 17.550327
71 335 11.106619
71 365 2.259304
71 390 10.228724
71 427 7.941895
71 683 4.024563
71 772 7.804343
72 176 3.383817
72 318 3.078503
72 637 9.423567
73 237 18.692176
73 343 2.172969
73 386 6.062393
73 419 18.424203
73 431 6.890977
73 724 13.136183
74 99 16.418776
74 187 1.906037
74 224 4.983841
74 270 14.264519
74 293 3.978373
74 305 7.707751
74 319 19.537690
74 534 2.543417
74 673 17.550740
75 159 5.003843
75 222 3.563491
75 489 18.189890
75 749 9.442358
76 101 11.087226
76 116 2.847528
76 132 6.225774
76 166 9.505803
76 194 17.140946
76 220 2.565267
76 343 4.838319
77 138 19.525355
77 139 19.109638
77 187 17.566467
77 245 10.479465
77 376 9.476976
77 471 5.008869
78 82 17.115395
78 408 10.681891
78 737 5.612264
79 340 15.324107
80 104 2.431574
80 112 16.741469
80 146 5.391265
80 188 13.970677
80 225 9.159631
80 248 9.302625
80 281 18.740903
80 376 9.824092
80 496 11.374244
80 503 8.334783
81 83 6.390147
81 639 7.587152
82 88 15.052358
82 325 13.368708
83 576 2.192225
83 708 18.137165
84 307 2.888614
84 477 5.081805
84 647 12.960618
86 156 8.531690
86 553 4.415781
86 579 11.498143
86 638 7.480320
86 675 16.798649
87 98 19.334064
87 115 1.229221
87 124 4.698184
87 239 1.398577
87 283 18.566488
87 378 16.706165
87 438 12.908579
87 615 17.745852
87 622 7.983556
88 565 15.113183
89 164 9.997304
89 668 8.929056
89 711 9.969899
89 791 11.375312
90 207 4.600435
90 555 2.459973
91 267 4.806414
91 302 17.358081
91 379 14.695658
91 423 9.735673
92 554 11.705425
92 680 8.758776
92 761 4.167151
93 142 4.623720
93 213 12.662928
93 444 7.453713
93 468 18.105801
93 484 13.378489
93 557 15.197515
94 123 18.658811
94 404 3.536586
94 440 2.305480
94 483 12.986709
94 513 17.261682
95 99 16.496782
95 149 13.689612
95 177 5.014372
95 224 11.968772
95 272 15.365216
95 295 1.202913
95 621 14.081697
95 765 7.777477
96 296 6.570662
97 143 16.401428
97 253 6.010103
97 316 1.634175
97 751 5.955930
97 764 7.931404
98 129 11.643314
98 162 4.862060
98 165 11.324136
98 342 8.842809
98 382 4.324098
98 629 16.111028
98 648 9.684491
100 117 16.020483
100 184 15.856175
100 279 18.916189
100 292 18.406272
100 374 18.199807
100 464 10.512076
100 705 12.699028
100 763 8.908805
101 356 1.822348
102 282 8.479393
102 354 15.135311
102 495 9.271557
103 235 5.051569
103 595 18.579889
103 661 2.646726
103 761 17.942459
104 108 6.401797
104 153 7.699938
104 364 1.199520
105 180 1.920222
106 154 18.413939
106 230 3.180292
106 417 6.943548
106 524 14.471156
106 784 7.201302
107 160 7.797713
109 247 7.687114
110 397 12.785772
111 485 11.624260
112 275 14.671435
114 178 18.393570
114 189 13.140039
114 537 7.525284
114 722 8.737572
115 233 11.441801
115 304 18.554286
115 336 10.114008
115 774 2.992466
116 122 10.574803
116 297 2.423605
116 472 15.971893
116 477 2.530502
116 509 14.710630
116 600 1.782002
116 603 10.216188
116 669 4.608071
117 360 17.016313
117 758 18.006131
118 729 2.819586
119 134 10.290877
119 146 12.023089
119 179 3.691836
119 212 1.731440
119 259 8.030918
119 372 13.058210
119 696 2.680339
119 779 9.197379
120 165 1.539798
120 195 12.178137
120 387 2.559139
120 687 15.267000
121 324 14.356327
121 569 8.099354
121 777 10.073461
122 138 15.782221
122 298 9.459069
122 318 7.051492
122 427 11.896239
122 428 4.613849
122 491 3.439999
122 656 11.596870
123 694 9.229962
123 743 1.306369
124 151 5.126761
124 220 10.977908
124 254 17.857454
124 439 16.993010
124 506 6.910425
125 196 4.704862
125 384 12.763245
125 496 18.853433
125 511 1.735864
125 731 5.315214
127 252 5.623742
127 433 19.022979
127 437 15.605281
127 723 15.839291
128 218 9.756549
128 236 11.546916
128 456 1.221832
129 433 10.416081
130 151 17.895243
130 653 1.109098
131 154 1.511971
131 193 6.822261
131 517 14.821469
131 782 18.911727
132 190 10.344304
132 770 5.421364
133 186 15.257842
133 229 7.006818
133 258 4.445026
133 345 1.201762
133 406 8.670906
133 422 5.787397
133 459 1.976307
133 478 19.047524
133 547 6.842813
133 651 18.833492
133 674 2.339273
133 698 9.535631
133 722 2.805425
133 736 10.691852
133 763 9.719711
134 137 8.730624
134 194 4.341363
134 557 15.080217
135 222 16.369154
135 288 18.383571
135 296 1.567373
135 521 7.300579
135 581 12.377745
136 731 17.030999
137 161 4.984877
137 175 9.826710
137 185 8.354703
137 282 14.749589
137 469 13.300165
137 492 13.692025
137 493 12.194907
137 592 5.585840
137 644 2.864565
137 706 12.785521
137 719 14.527859
138 568 3.711673
138 625 8.238314
139 301 10.380953
139 717 15.281456
140 163 13.595721
140 396 18.912609
141 323 9.012620
141 786 3.081351
142 302 10.700636
142 570 18.812987
143 270 6.683741
145 232 12.969113
146 182 19.376770
146 370 15.059308
146 384 3.659700
146 426 10.097055
146 538 17.486962
147 202 8.227326
147 234 19.777217
147 529 5.120011
147 783 1.203548
148 326 4.058059
148 564 12.112226
148 645 8.116356
148 733 10.010866
149 153 9.825252
149 157 16.535930
149 171 10.090455
149 278 12.486842
149 280 8.637502
149 299 3.714117
149 726 2.685142
150 201 4.013276
150 331 15.162772
150 417 10.560569
150 682 3.321106
151 355 16.824645
153 180 16.775129
153 262 8.567829
153 463 17.172836
154 330 7.827539
154 407 14.719426
155 388 19.876484
155 527 7.949032
155 541 2.690390
156 183 8.164274
156 208 3.031738
156 316 9.323960
156 349 19.477341
156 370 10.318072
156 465 7.772706
157 284 18.344707
157 407 1.891111
157 414 19.724967
157 577 11.004212
158 199 7.534021
158 203 17.062578
158 650 16.638785
159 324 3.303746
159 708 7.990215
160 227 14.059092
161 436 5.774334
162 256 7.551262
162 455 2.326802
162 473 18.446972
163 500 1.280684
164 250 10.099104
164 348 1.819009
164 688 7.226748
165 265 4.994261
165 339 18.667308
166 200 4.164299
166 291 11.741320
167 185 17.138106
167 208 9.280839
167 260 3.010064
167 322 11.358680
167 785 9.787261
168 246 9.373056
168 249 3.014866
168 501 5.746105
168 733 5.006338
169 349 11.511953
169 375 9.533719
170 483 6.347163
170 775 9.390126
171 203 1.443704
171 276 12.806186
171 515 9.621567
171 798 2.706238
172 240 14.460461
172 317 4.441689
174 608 18.745996
175 435 17.309130
175 740 2.094238
177 313 14.215415
177 551 15.322883
177 578 6.770042
177 580 2.946302
177 613 17.042024
178 227 10.949273
179 698 7.480208
180 273 4.616290
180 311 3.543036
182 451 16.137644
182 789 15.075996
184 255 9.824659
184 274 1.972561
184 304 12.134386
184 775 8.476885
185 360 14.448535
185 443 15.887906
185 446 4.318332
185 471 3.357086
185 502 19.787428
185 516 14.319105
185 522 1.631464
187 393 14.690819
188 695 13.712992
189 243 12.179263
189 353 11.121948
191 197 17.931140
191 236 8.980071
191 292 14.962758
191 373 2.230647
191 445 17.095530
192 589 17.194954
193 201 18.271391
193 667 1.212582
194 453 11.266928
194 545 4.552308
196 425 13.841344
197 205 4.447077
197 289 17.320233
197 392 9.281756
197 452 6.925679
197 799 12.858329
199 272 17.986385
199 540 13.221347
200 350 6.408475
200 531 11.122985
201 329 15.791609
201 338 7.909990
201 400 18.982064
201 440 3.652331
202 216 4.823667
202 309 7.679699
202 366 1.729698
202 474 14.948418
203 231 16.577668
203 273 3.195089
203 312 18.342854
203 739 8.246673
204 344 19.288433
204 352 5.771902
205 285 4.275047
205 767 14.428208
206 218 1.937779
206 460 7.654282
206 605 4.087342
207 361 18.588618
207 753 6.916178
208 413 13.517898
208 556 4.396441
208 587 10.751882
209 334 3.306862
209 388 4.196394
209 593 1.648443
209 780 10.314934
210 352 13.345055
210 529 18.593944
210 725 19.863652
211 223 14.230552
211 399 13.299969
213 320 2.293150
213 336 19.663791
214 277 5.529283
214 478 7.612404
215 566 12.720490
217 490 10.984772
217 680 5.458391
217 760 9.298718
219 262 16.048718
219 425 10.267192
219 520 9.809051
219 662 18.858365
219 783 7.591730
220 579 13.241379
220 618 9.306688
220 652 11.127550
221 294 1.881852
221 470 15.115896
223 416 1.576413
224 259 1.885738
224 390 7.016160
226 372 16.521907
227 300 14.579760
228 311 2.660645
229 289 3.604385
231 310 2.108860
231 464 1.088228
231 465 2.993245
233 341 4.156743
233 362 11.338936
233 598 6.091613
234 327 15.118125
234 512 10.410687
234 598 5.637408
234 707 14.552572
234 779 3.739092
235 320 15.730152
235 671 2.823878
235 726 12.703909
236 564 8.667304
236 613 2.712489
237 386 5.214545
237 487 17.004300
238 402 12.832595
239 536 1.287443
239 649 1.066140
240 430 17.055198
240 510 1.565827
240 636 13.185447
241 445 6.666041
241 480 11.262865
242 278 5.863157
242 389 4.329003
242 793 4.620226
243 332 4.406191
243 383 17.237157
243 666 5.336270
245 291 7.600489
246 411 17.545897
247 422 18.161244
247 486 6.237766
247 619 3.268725
247 734 18.019086
248 520 6.941273
249 485 14.443280
249 676 15.121145
249 718 1.971809
250 369 2.691018
250 387 19.956449
250 543 18.525468
251 255 18.756884
251 442 11.558712
251 780 10.351576
253 528 1.776469
253 627 2.780336
254 335 2.148169
255 287 1.916123
255 313 3.045241
255 683 4.598433
256 271 16.065371
256 279 8.964437
256 288 13.256392
256 315 15.687233
256 746 10.592044
258 260 6.725645
258 367 2.133906
259 756 13.889356
260 510 16.772641
262 487 2.707546
262 632 11.856777
262 765 7.919297
263 622 19.109505
264 339 10.539055
264 625 17.213849
265 424 7.294728
266 523 18.572995
268 492 17.830694
273 294 18.760011
273 773 7.236941
275 328 6.781503
275 494 9.206000
275 695 12.862871
276 544 14.670037
278 467 18.675073
279 366 13.239772
279 400 10.868266
279 642 13.075394
280 560 6.468455
282 378 17.787979
283 586 15.646057
284 591 18.098069
285 333 14.946724
285 475 13.755731
285 633 11.789836
287 473 13.678758
288 681 17.643990
289 461 9.334910
289 497 11.046890
289 530 5.919958
291 380 17.247984
291 395 7.142087
291 561 18.766350
291 750 2.171694
292 467 8.897440
293 461 3.479607
294 312 16.684997
294 546 3.801253
294 619 6.394777
298 502 13.872207
298 519 4.876336
298 581 12.396160
298 604 15.618035
299 371 3.638975
299 567 18.916302
300 522 17.521840
301 457 19.650174
301 583 4.931158
301 730 12.057942
301 748 4.832348
302 403 3.547398
303 607 9.157914
303 686 19.115311
305 381 13.531983
305 472 6.796953
307 543 3.605986
307 572 17.409930
307 797 14.681392
310 447 17.452988
310 681 13.008288
312 314 7.881130
313 321 3.827295
313 450 5.493212
314 494 2.843597
315 359 6.782975
317 344 4.776988
317 638 2.850042
318 626 18.032411
318 697 19.123041
321 562 7.235390
321 609 16.305993
321 641 10.915274
322 679 16.407487
322 724 15.425184
323 404 6.440853
325 405 11.057095
326 358 2.274885
326 455 8.482101
326 640 12.649368
328 342 7.203684
328 383 10.940517
328 575 5.858374
328 771 18.078410
328 795 7.885761
329 357 15.423856
329 504 1.227367
329 631 11.951840
329 741 8.464230
330 762 11.403565
331 511 1.618966
333 621 12.878608
335 398 19.457429
335 438 12.516739
336 365 9.615547
336 599 4.195594
336 787 16.603273
337 649 17.120651
338 673 11.742469
339 549 4.526793
339 554 17.992702
341 606 11.533475
342 588 10.207584
344 628 19.378873
344 732 15.338922
346 454 12.736353
346 476 2.241065
346 539 13.133564
346 559 1.465636
346 760 3.447837
347 380 1.607187
347 424 5.490515
347 435 9.514185
347 560 16.292689
347 580 5.067307
347 687 19.888740
348 403 7.502842
349 493 4.448714
349 603 19.443287
350 700 10.129144
350 728 6.204041
351 406 13.259354
353 415 12.784618
354 358 11.399962
354 606 10.592667
354 617 13.796431
354 754 10.056494
355 508 17.644086
356 405 12.137375
356 634 8.138393
356 771 4.817604
357 367 7.499696
357 628 5.043648
357 676 6.653650
358 701 9.517766
359 468 8.713467
359 585 3.755922
360 368 8.592873
360 466 6.944705
360 703 8.276304
361 442 16.770846
363 395 9.526998
363 525 17.851128
363 568 10.019965
363 657 17.719680
364 751 17.618750
367 462 1.917767
367 630 3.658180
367 778 1.439102
367 788 9.275087
368 439 6.968029
368 549 1.038398
368 585 10.208545
368 599 18.988485
368 770 9.955203
369 567 6.351876
373 548 15.683993
374 498 7.757606
376 391 7.491448
376 415 9.147674
378 712 19.491571
381 408 4.916768
381 450 4.152975
384 449 19.041363
385 488 4.949608
385 755 1.118536
387 531 12.116318
388 679 8.001987
389 727 12.475891
392 712 19.957661
393 601 2.920116
394 670 12.394542
395 488 10.924841
396 447 7.760755
396 503 2.297933
397 474 9.726552
399 410 2.514022
399 545 2.133443
399 704 7.275171
400 490 16.288878
401 420 16.870829
401 515 5.975728
405 664 19.412752
406 436 6.753034
408 721 16.244843
409 596 15.005147
412 641 13.017927
415 620 9.549685
416 759 11.715990
417 509 4.026621
418 421 2.891602
418 476 6.620897
418 508 17.132043
419 633 18.245676
419 713 8.124305
420 552 16.534660
422 451 11.012807
424 749 3.857492
427 536 6.572217
427 570 9.527116
428 709 4.561880
429 518 12.968225
431 481 19.507547
431 612 11.302994
433 505 11.773675
433 518 4.650339
433 747 17.344305
435 610 5.693900
436 746 14.061099
438 479 2.914815
438 514 17.656800
441 678 9.154075
442 504 3.257435
443 740 6.964799
446 789 17.746200
453 544 17.620304
455 595 16.510968
456 558 15.163042
456 631 5.877580
456 642 8.005565
458 668 18.241508
459 706 17.552429
459 772 8.563567
464 538 13.325003
467 550 7.836029
467 578 1.343541
467 612 18.438885
467 669 2.681576
470 481 11.773288
470 684 10.541434
472 729 3.094582
473 654 2.043644
473 735 1.926894
474 636 8.984711
476 499 8.647696
478 658 11.880934
478 659 4.462842
482 639 10.026735
485 757 14.531503
486 702 7.182275
488 635 7.928330
495 497 16.256498
497 550 4.550169
497 588 13.486076
500 530 2.811876
501 540 5.999768
501 767 16.821037
502 573 13.846279
502 696 4.518119
503 671 8.416679
504 577 19.431835
504 584 18.379243
505 533 15.447826
506 794 17.396395
507 537 1.944279
507 705 12.303023
509 605 3.159811
513 516 3.204471
515 790 8.679899
518 562 7.661707
518 656 2.854861
518 762 3.200510
520 593 14.568648
520 662 17.771693
520 691 10.736225
521 611 5.501090
523 744 11.018499
523 748 17.068185
525 607 18.954506
527 741 2.157953
528 553 8.584015
528 659 3.093390
531 591 9.119575
531 697 10.866456
531 768 16.312840
532 601 4.051301
533 575 10.666885
533 766 10.041511
534 604 16.248110
534 709 19.643648
535 602 6.238583
536 693 6.320539
540 590 6.769475
540 743 7.637511
546 563 7.556989
546 573 6.068003
550 665 6.784842
551 716 15.763270
551 732 8.075495
557 572 3.650551
562 703 3.586767
566 637 4.113494
568 716 16.482765
570 721 4.444231
575 715 14.578494
582 643 10.285953
587 719 2.921452
589 592 12.789675
589 774 10.422611
590 717 13.354864
592 685 9.339532
594 660 18.579833
594 752 18.862691
595 626 15.214014
598 663 12.313396
604 615 7.358534
607 752 16.181352
608 738 5.128224
609 667 4.735978
610 623 6.322444
618 776 5.560486
619 791 8.473588
625 646 3.127724
625 674 10.852643
626 644 16.798103
629 753 5.320334
639 704 7.627862
640 647 19.709255
640 657 11.822642
642 655 10.245681
642 734 8.854663
647 745 10.080864
648 666 18.580897
653 684 4.542801
662 665 12.171700
673 707 14.778557
674 693 14.311031
676 796 4.096247
683 747 14.884452
684 794 19.292511
691 778 10.344635
692 738 8.518180
693 730 19.749713
700 744 15.252178
701 714 15.916920
707 766 3.947086
743 750 4.922242
743 796 17.774004
751 754 7.296132
755 797 8.739013
772 788 3.732543
12.944311 12.610567 5.414670 15.679398 23.746756 12.750804 16.361948 17.810287 9.905374 5.113534 21.343228 19.791027 17.735201 23.404940 20.244567 11.190915 9.983022 16.428895 5.110021 9.661467 6.666185 19.504053 23.905375 9.566817 19.294708 10.732281 8.716177 11.800014 5.513844 20.622019 17.464526 16.209894 21.752810 11.853676 20.857028 19.856588 15.701123 14.907277 16.173300 18.200814 6.059889 9.647016 22.176717 19.218499 23.588574 24.031060 6.382428 7.229935 15.403493 16.367113 11.559059 19.289118 17.002228 8.629150 8.635861 20.691076 23.834183 19.521619 10.890222 5.152576 16.545468 16.334356 19.240298 15.256009 24.592437 8.323902 18.160009 8.106407 5.193627 23.966822 9.886023 6.632838 22.229699 8.679695 18.161217 17.265003 11.877388 6.558335 24.871529 5.024883 19.362353 13.242362 18.103290 15.918120 20.594960 5.114782 12.281750 5.949384 11.016801 23.289864 23.338469 14.673380 14.277689 24.702968 12.449707 12.396941 21.058267 15.580088 7.186795 13.122862 6.719085 15.057519 5.435167 13.358963 7.333330 5.038828 19.138309 8.743763 8.397815 6.477871 20.200463 15.849853 20.172149 9.113292 6.160809 18.041567 18.051851 13.415166 5.889738 21.622063 18.390766 17.410296 12.218752 17.461595 16.310506 21.092145 12.571823 18.858546 5.307152 20.933104 9.420241 20.438654 15.358298 23.626740 21.784069 24.996296 15.134237 18.806736 10.651291 16.165306 10.825493 20.895995 21.493572 14.463856 5.935443 7.777312 24.523249 24.167115 22.424352 21.777697 24.781246 15.548442 20.003762 9.036781 15.289383 6.739370 7.717376 8.128081 8.583349 24.918176 7.312268 19.951512 13.667022 21.637478 15.630705 17.005020 20.178467 16.188539 21.281743 24.965617 19.959761 23.343771 12.174720 18.771309 19.716431 5.158076 20.902265 7.836226 18.520915 20.368866 20.085249 19.350770 12.332595 22.165628 10.821482 7.040745 23.217783 14.880196 11.799345 5.713464 6.480737 12.361945 8.882739 20.600273 16.107602 7.011381 15.983652 10.066911 12.260346 19.843897 9.600093 8.989246 13.991894 13.921460 24.691330 9.514532 7.620981 14.554661 9.189367 20.218376 11.850727 21.906648 6.804402 10.614577 16.115966 22.648013 23.205806 20.521246 17.694118 22.939025 15.512211 6.031078 18.137848 16.588431 12.475920 17.362986 5.968462 11.719252 9.714265 20.362959 5.344234 14.627135 14.333548 9.110320 22.013949 5.396485 12.973301 17.188385 6.878530 11.404428 18.095853 15.919780 13.345749 24.928774 5.813166 11.989078 22.155737 11.916783 22.164259 22.620975 18.879898 23.121835 16.712461 14.753329 13.661388 20.435497 19.706949 16.868509 22.357051 9.371726 20.097207 9.793495 17.325532 8.767832 21.213793 6.592344 15.389116 24.822136 22.965418 8.357091 10.537293 14.899262 6.421748 17.762286 12.502724 19.739671 24.815952 15.464504 10.977048 15.310030 20.973428 23.626248 16.838514 23.513069 22.671955 5.794595 7.041108 15.870550 5.831295 17.588776 10.005540 21.812062 24.321057 10.486935 12.002205 6.006178 21.369976 9.032433 7.963768 21.329511 5.201151 24.650078 14.017306 6.082419 5.201487 15.158912 18.605397 24.706142 5.805891 12.740423 23.380525 18.838360 5.093285 18.895277 14.733239 21.698011 14.122045 6.084175 10.510749 16.023247 11.817101 9.740072 8.175879 12.289959 13.085889 12.406240 7.517284 21.500254 24.106451 11.599926 12.959440 12.076097 20.608293 23.673480 11.106386 21.603541 9.661168 11.991645 10.649261 6.573428 11.217996 16.330329 5.177729 10.039894 6.975263 10.483662 6.016090 12.245023 5.978660 8.657979 16.174461 11.122253 18.546814 19.857746 15.017697 5.398991 9.977812 17.193757 21.480162 20.345451 5.510499 22.078108 17.949250 24.182196 19.887207 9.914855 11.569143 21.666275 24.898393 20.944912 22.939208 12.967457 10.380044 20.806468 5.212552 11.894895 21.593869 16.846166 23.028068 7.198377 23.651833 15.879470 23.228648 7.923167 10.326549 21.717910 10.780748 5.144971 17.245380 22.146863 5.347321 10.725004 10.902451 16.742292 15.307238 10.600138 15.545904 12.897614 18.952640 6.613046 24.866342 8.979781 20.629438 16.357264 22.769699 16.902888 5.285352 21.790475 9.856621 7.350508 24.192561 6.540733 12.062012 11.735700 10.521464 7.830808 15.661034 17.767059 23.314606 24.802198 7.252370 11.163349 10.367124 16.461350 16.485146 14.307357 20.850805 12.012131 7.903145 20.318656 15.732081 15.278530 10.991516 19.726707 21.165941 8.148850 5.186361 9.752203 23.406230 6.352312 13.540150 22.671968 6.017691 21.763724 19.484399 16.078149 10.301273 19.976207 20.502749 19.314567 15.694878 10.830087 7.827552 8.247073 23.329598 7.517422 11.637296 13.179325 7.502114 7.659567 22.116314 22.467699 21.718502 17.077457 11.316312 17.908070 23.277466 21.285770 9.041795 10.384346 8.839221 10.985189 6.030075 12.937453 18.970213 5.209800 18.560302 16.350386 13.020314 15.171089 10.393762 9.124918 18.663882 20.162267 16.732248 13.922422 15.816933 9.155496 24.539124 7.758606 17.098049 24.407013 13.954709 13.514629 21.267543 8.062281 9.071238 21.886300 7.671861 18.413507 18.147891 23.920785 14.807536 9.309182 16.211222 19.735966 19.153358 19.839872 19.848182 20.543568 16.572244 18.819680 12.306809 8.943036 15.175041 10.806929 19.914166 7.122482 11.145999 15.275628 9.654583 23.184331 8.149874 11.542431 23.534485 14.437512 8.223445 9.473634 19.210391 14.909368 13.478887 22.958683 22.212299 16.536243 20.673246 5.521403 16.423380 14.009070 9.853433 9.207138 19.474059 13.522026 5.116623 8.086727 22.997709 20.393867 9.857033 6.033603 16.585594 14.963177 12.377244 10.592568 7.471891 18.212627 8.760636 21.270581 8.144712 17.091527 6.195972 23.380384 20.745824 20.553409 17.205701 9.503115 21.950122 13.229654 8.224542 14.781275 7.087444 13.988580 17.142663 24.172426 15.184717 6.800215 8.181876 5.140979 11.177599 14.480242 12.024312 19.760842 7.847362 15.232127 21.193056 13.831514 14.958223 24.107926 14.117467 15.152683 24.858199 13.154445 12.531604 12.498884 12.577781 19.299423 6.222445 11.942045 8.281746 5.650142 24.997773 24.349171 9.377072 15.620931 20.432963 17.845344 10.982989 24.665889 11.898626 13.725607 12.752992 20.645146 19.083259 16.273981 9.948454 16.526170 24.324891 21.041696 24.032994 7.716035 24.263300 5.077808 6.650052 9.249967 20.879274 24.815580 22.757800 17.385909 17.337155 9.649014 18.923592 19.931437 15.546110 12.886861 12.014037 9.023095 19.116651 16.769183 24.815695 11.147236 12.323104 18.150670 6.328295 17.665443 24.027722 24.156435 8.591474 9.527516 18.141906 19.455002 23.716440 23.092988 18.403850 16.624953 22.400741 24.671933 16.875935 15.612640 21.819753 8.431698 16.939064 8.929938 19.283937 9.090379 15.533819 24.944996 18.877346 7.335386 8.793768 24.846445 23.077927 17.150160 12.204693 18.160889 6.793138 17.730303 16.745339 16.561917 17.293303 6.590589 12.088280 9.239649 9.252316 12.742312 13.153508 17.064895 15.730587 20.816507 11.864604 13.436653 23.208423 15.009728 17.881428 15.492924 17.818606 7.428864 13.849439 14.154233 11.986874 9.276646 20.100330 24.604238 13.137991 8.010471 18.499718 24.828372 24.991102 17.832061 18.724492 17.159147 15.773687 24.237057 18.993704 7.793138 9.504541 24.458268 16.107450 24.864129 15.256017 23.141955 8.576564 9.531055 5.825955 23.110070 5.296533 8.937375 15.439133 23.414536 24.551131 7.046886 20.764587 16.866451 23.917284 14.338700 14.232260 16.677396 24.543371 15.890588 17.787517 12.596692 15.066066 10.406309 14.315444 13.261345 23.402251 18.215920 20.657528 6.186833 17.808007 24.267880 8.004641 7.922524 22.820518 23.975883 19.983176 19.547546 18.536745 24.349406 6.509140 9.787408 19.719682 6.190982 10.924213 18.948042 21.579695 24.679048 14.633475 7.140020 23.948232 23.753598 22.631619 13.653300 21.989976 17.322269 15.490642 11.189403 8.760934 24.461202 21.008262 12.346950 23.540750 11.956413 18.101482 19.916966 6.481318 24.758876 23.029746 11.775620 8.065948 20.646387 19.269116 16.327982 8.724438 11.727703 9.426250 19.205619 21.578284 7.412954 10.935540 13.519904 8.364443 18.717381
53
266
0 3 1.266576
0 15 9.484816
0 20 8.645841
0 21 8.691795
0 22 2.125925
0 34 9.832257
0 36 7.727143
0 37 3.435196
0 42 8.968043
0 45 7.469362
1 2 8.368081
1 8 9.644901
1 13 4.085789
1 14 1.457396
1 20 8.524028
1 23 1.256398
1 26 7.135294
1 28 1.618270
1 35 5.521141
1 40 9.851514
1 47 4.365292
2 14 4.087846
2 17 3.281970
2 18 3.726316
2 24 5.911737
2 27 1.391717
2 32 7.618603
2 36 7.923509
2 38 5.276610
2 46 5.906978
2 50 6.362370
2 52 9.171904
3 5 9.332496
3 6 6.903924
3 10 2.689350
3 11 2.080959
3 16 5.052865
3 25 3.403876
3 26 1.324139
3 32 6.564463
3 39 8.577478
3 48 2.814883
3 50 3.228666
3 51 3.684217
4 5 3.641471
4 9 8.665797
4 15 1.270416
4 25 6.202951
4 40 1.045706
4 45 3.399854
4 47 8.134535
5 14 2.302775
5 19 6.606328
5 21 2.567600
5 26 9.697821
5 31 4.508852
5 32 6.083735
5 39 1.562899
5 40 3.802461
5 43 8.766601
6 9 1.347681
6 11 4.178616
6 16 1.619422
6 24 3.625880
6 34 2.326361
6 37 8.067105
7 8 4.632504
7 20 1.911358
7 28 6.535067
7 31 3.668835
7 37 9.886149
7 39 2.614531
7 41 3.919992
7 43 9.612001
7 45 5.194986
7 50 2.138769
8 11 7.108576
8 19 8.846049
8 20 5.024685
8 22 5.033607
8 25 8.196055
8 26 2.901102
8 33 1.564746
9 13 4.838431
9 14 2.160205
9 21 4.789868
9 30 1.157961
9 34 3.334836
9 35 4.080868
9 38 1.651956
9 40 8.298152
9 41 1.295317
9 50 2.551923
10 19 2.161654
10 25 2.727264
10 30 4.059997
10 34 9.749585
10 36 7.145769
10 47 6.785332
10 50 5.250693
10 51 6.185807
11 12 2.164055
11 23 2.132107
11 24 2.058177
11 32 6.065143
11 36 9.727961
11 47 6.100844
11 49 1.586833
12 22 7.660643
12 26 3.138053
12 27 3.211634
12 28 6.320991
12 43 8.572976
12 45 9.896115
12 51 1.993652
13 20 4.315870
13 30 3.650891
13 33 3.301380
13 35 7.505398
13 44 8.506201
13 48 9.164554
13 49 1.564747
13 50 3.136608
14 15 8.510644
14 16 3.660217
14 22 3.846654
14 28 3.455004
14 32 1.607313
14 38 1.910961
14 42 1.926143
14 44 3.427039
15 18 1.232199
15 47 4.348634
15 52 4.868484
16 18 5.093023
16 25 9.423345
16 28 2.705323
16 29 7.766756
16 37 3.260106
16 47 1.451122
17 19 2.405682
17 20 5.023656
17 24 8.700050
17 30 5.360711
17 31 1.885137
17 33 2.385787
17 51 5.646354
18 19 7.570271
18 24 1.586286
18 28 2.814812
18 32 6.392365
18 34 6.514162
18 36 8.192926
18 38 8.778933
18 44 4.753924
18 45 6.953006
18 49 5.305471
19 27 2.715066
19 29 5.017578
19 34 8.822792
19 37 6.041891
19 40 2.837508
19 44 7.853124
20 21 9.576833
20 25 9.930058
20 28 7.107627
20 34 2.313851
20 47 6.072598
20 50 2.179896
21 26 6.586724
21 36 7.223655
21 37 5.493042
21 47 5.784226
21 48 8.808591
21 50 4.164825
21 51 7.336849
22 24 1.662762
22 25 8.162163
22 32 3.302892
22 38 2.058667
22 45 1.826839
22 51 1.522727
23 24 6.075641
23 25 5.965298
23 26 1.497425
23 27 8.530949
23 29 2.949230
23 30 8.365397
23 31 4.272627
23 37 2.904922
23 43 8.391257
23 45 8.503842
23 50 4.135854
24 25 4.733947
24 38 5.485567
25 28 6.729592
25 38 2.663809
25 39 1.331479
25 44 8.724743
25 45 8.832089
25 46 4.193413
26 27 7.015512
26 45 7.942976
26 46 5.610588
26 51 8.557342
27 28 4.020064
27 31 8.395627
27 33 1.356270
27 41 7.425670
27 44 8.630284
27 46 5.584588
28 31 4.875487
28 42 5.880107
28 51 4.121756
28 52 9.479288
29 35 1.378546
29 42 5.434616
29 44 5.806660
29 47 8.678257
30 43 5.199052
30 46 8.360460
32 44 5.621315
32 51 8.272757
33 37 9.030468
33 40 5.235592
33 41 2.049281
33 43 5.681791
33 45 6.568397
33 48 4.643499
33 52 2.400241
34 36 8.906092
34 42 5.738114
34 47 9.243346
34 50 7.489978
35 43 9.440360
35 45 1.680001
35 46 6.974909
35 49 1.840955
35 51 1.983268
36 37 2.150235
36 41 7.349535
36 42 8.494166
37 46 7.649488
37 48 6.801445
38 39 8.297477
38 45 1.817594
39 44 5.210216
39 51 2.943972
39 52 3.182247
40 44 4.129369
40 46 3.581244
40 51 2.466501
41 44 8.035569
41 48 5.755348
42 46 5.724193
42 50 1.518483
43 51 2.007457
44 52 7.081653
45 47 9.065069
45 48 9.545326
46 49 8.590612
47 52 2.759893
49 50 2.332820
49 52 9.650872
50 51 7.438156
50 52 1.313412
230.254931 352.292892 225.733020 240.166279 301.376439 393.236850 357.118416 365.536778 368.171582 436.080307 346.863677 454.811798 376.299785 327.562228 506.567576 408.482563 257.468371 487.257795 399.608356 274.468542 493.249180 373.070877 378.593371 456.507080 378.632534 459.216483 508.351823 494.401347 255.205596 481.591832 328.111747 297.267186 254.766890 451.695691 277.842653 414.995495 406.829203 314.662093 473.980637 468.460845 271.263975 252.600102 408.304898 320.845675 352.236629 500.119796 290.120057 333.672417 374.184642 307.966978 396.733038 310.828945 396.620968
