800
1597
0 1 17.175947
0 2 9.854234
0 3 4.859119
0 4 19.029022
0 5 8.505368
0 8 15.811290
0 14 8.710949
0 15 10.644597
0 19 11.206850
0 26 15.011508
0 27 9.257046
0 28 4.873483
0 29 15.000872
0 43 8.557581
0 52 10.801695
0 59 19.069927
0 61 5.394740
0 69 13.621119
0 72 8.401930
0 79 12.043897
0 92 6.886944
0 103 3.732277
0 105 5.769928
0 109 11.074234
0 126 10.860426
0 146 9.655136
0 153 11.199857
0 160 18.479986
0 196 6.997940
0 200 15.943666
0 209 16.950785
0 263 15.233610
0 273 1.326973
0 307 5.225492
0 324 13.181274
0 325 14.716308
0 333 18.319139
0 360 16.349015
0 389 1.124883
0 420 3.826771
0 446 12.207506
0 448 5.878486
0 469 9.060124
0 681 1.226935
0 689 3.358394
0 695 6.632553
0 754 9.652359
0 792 8.306933
1 2 11.223532
1 10 18.642745
1 15 14.492629
1 21 7.728983
1 25 9.923167
1 39 3.086473
1 49 18.567900
1 51 12.897547
1 55 14.529964
1 56 14.033802
1 58 18.525181
1 62 13.638153
1 83 2.853762
1 95 5.471271
1 116 11.403144
1 149 5.569785
1 155 11.360631
1 170 17.233556
1 179 11.477215
1 218 8.780072
1 243 17.176575
1 291 5.477416
1 346 5.081203
1 364 13.715727
1 399 5.891673
1 401 14.775906
1 421 18.570640
1 454 17.845044
1 489 19.425810
1 545 13.459273
1 645 18.691567
1 646 3.713013
1 694 8.606389
1 742 3.987298
1 753 7.492149
1 758 4.647198
1 765 6.347248
2 3 3.918979
2 6 15.342766
2 13 16.636804
2 32 7.736503
2 77 17.326122
2 89 5.549085
2 98 14.538079
2 107 12.173773
2 124 11.449164
2 125 12.677666
2 166 12.487327
2 168 12.376930
2 308 1.662461
2 340 17.600762
2 352 17.888601
2 400 8.163364
2 432 8.587183
2 444 8.434836
2 480 4.672864
2 572 6.145263
2 697 12.221070
3 4 10.509052
3 5 19.378286
3 6 18.384721
3 7 2.539285
3 9 19.876848
3 11 14.677811
3 16 16.244900
3 17 3.249533
3 21 2.128406
3 23 16.251995
3 47 17.512065
3 48 10.680847
3 57 9.177724
3 62 11.141391
3 63 2.614477
3 64 17.547553
3 67 18.521006
3 68 7.335450
3 81 16.964224
3 86 7.072539
3 113 10.481325
3 114 12.046876
3 116 12.923279
3 119 4.549521
3 122 12.977457
3 157 13.790701
3 169 16.200893
3 177 15.039268
3 182 14.610442
3 184 15.099992
3 193 18.857703
3 195 2.838789
3 220 1.044525
3 230 4.377203
3 237 17.318076
3 256 13.059825
3 266 13.976349
3 286 1.418218
3 306 19.678361
3 318 10.406728
3 319 8.309163
3 335 14.913165
3 377 15.224873
3 443 9.348517
3 455 13.655350
3 464 1.541484
3 490 4.458779
3 515 12.339498
3 528 17.330496
3 537 2.230668
3 548 15.690342
3 563 10.759655
3 575 19.108469
3 583 13.040961
3 585 15.151260
3 608 15.956273
3 622 18.983506
3 659 4.662526
3 671 3.746568
3 732 8.158479
4 14 8.094836
4 20 3.684184
4 27 11.573740
4 39 19.786415
4 64 7.089509
4 112 17.625171
4 138 8.141362
4 180 6.009713
4 216 19.148674
4 301 15.802804
4 354 12.053731
4 487 3.226744
4 553 10.062413
4 590 10.920096
4 681 14.343951
4 738 4.527331
5 8 17.116138
5 12 9.004844
5 16 2.745761
5 31 8.311784
5 85 16.301969
5 334 4.974386
5 348 9.399935
5 482 17.872203
5 643 11.240995
5 698 10.863852
5 775 18.717475
6 7 11.884374
6 9 8.037410
6 13 19.876210
6 17 6.262413
6 18 12.661336
6 26 1.093510
6 33 1.125245
6 41 9.859890
6 58 18.962939
6 63 11.256603
6 87 13.460580
6 123 10.380368
6 143 15.035387
6 205 7.980170
6 258 19.789503
6 269 13.779740
6 334 14.341916
6 364 2.453974
6 519 5.230459
6 522 8.242343
6 554 14.845767
6 556 18.595199
6 682 9.883949
6 734 10.753323
7 12 12.068541
7 22 17.475201
7 54 17.672258
7 74 8.817818
7 92 16.781648
7 137 13.362442
7 182 10.914449
7 199 1.903867
7 300 14.060705
7 465 17.580820
7 467 8.275533
7 560 2.743421
8 18 7.846471
8 24 5.744844
8 30 11.095500
8 33 10.455700
8 35 11.581121
8 37 2.620799
8 44 14.532382
8 53 17.544697
8 70 7.394321
8 76 7.808235
8 79 4.196151
8 80 2.945092
8 94 4.294025
8 126 17.376346
8 144 9.819744
8 197 19.331272
8 198 5.419711
8 238 11.769824
8 332 6.605885
8 333 18.716467
8 345 8.526571
8 373 6.262196
8 496 11.337514
8 536 6.701580
8 592 6.682513
8 605 5.681697
8 691 6.212633
8 722 1.163730
8 776 12.658563
8 790 16.225689
9 10 15.491088
9 45 16.454133
9 53 2.636057
9 60 19.704466
9 90 11.183765
9 128 7.290299
9 139 10.873098
9 291 3.422240
9 313 14.172740
9 371 7.149356
9 379 19.789957
9 527 17.168184
9 624 12.369540
9 749 11.562437
10 11 12.548429
10 29 1.241123
10 34 16.930275
10 41 19.528534
10 54 11.923959
10 70 4.634166
10 130 17.728420
10 245 3.154196
10 458 18.517488
10 478 18.622597
10 479 16.870911
10 491 1.330215
10 647 14.636483
10 753 2.890097
11 40 18.991397
11 56 5.647736
11 68 4.175195
11 121 17.955460
11 190 14.048667
11 510 8.678678
11 650 4.700714
12 20 4.343784
12 22 2.780113
12 69 12.162621
12 71 10.729676
12 166 8.260025
12 210 13.284923
12 213 5.671776
12 230 18.473415
12 313 1.161645
12 368 10.689579
12 448 9.273643
12 538 12.174423
12 610 11.254880
12 619 12.315321
13 88 15.480354
13 140 8.108073
13 218 15.506363
13 457 14.007083
13 540 8.976548
14 19 14.495154
14 42 9.727281
14 74 8.059729
14 175 17.889226
14 205 6.024540
14 411 1.712652
14 428 3.339283
14 497 11.214557
14 635 14.733008
14 788 3.669342
15 40 6.068729
15 81 13.017510
15 99 3.557271
15 118 2.880975
15 285 17.038787
15 325 18.942792
15 381 9.924903
15 432 6.763382
15 444 16.676351
15 473 7.892727
15 664 15.833099
15 793 18.451092
16 113 6.271648
16 413 11.088122
16 518 5.607800
17 36 12.461842
17 37 9.697920
17 43 11.222352
17 46 10.978709
17 82 8.644588
17 141 15.866829
17 206 4.576819
17 253 5.255137
17 257 5.320047
17 314 2.757912
17 329 2.822016
17 350 5.558724
17 361 3.081938
17 544 9.387049
17 577 18.262717
17 666 19.771063
17 709 9.124485
18 47 5.710834
18 91 3.449758
18 121 3.052212
18 668 3.965669
18 755 11.088244
19 48 8.654912
19 97 17.524963
19 102 19.389806
19 118 12.421585
19 141 8.267116
19 371 3.630575
19 480 14.570516
19 639 17.447380
20 28 5.295978
20 32 11.120142
20 46 2.413165
20 104 4.080102
20 110 15.325122
20 142 18.366108
20 235 10.583409
20 254 14.337582
20 287 1.353259
20 294 7.977714
20 305 5.883796
20 317 2.517279
20 319 3.213594
20 393 19.631963
20 397 4.555710
20 416 18.598928
20 685 11.454602
20 771 13.836407
20 786 19.055565
21 25 3.955361
21 35 4.290925
21 55 19.880921
21 86 14.547425
21 96 7.520868
21 262 2.461055
21 274 7.253399
21 314 12.543476
21 336 10.144552
21 375 17.521268
21 377 6.860991
21 440 13.353262
21 463 12.000948
21 586 16.968612
21 597 8.847306
22 23 7.053247
22 67 3.331081
22 93 6.645231
22 131 6.751991
22 162 14.388853
22 183 4.740669
22 296 2.439548
22 417 14.411467
22 663 8.580146
23 24 5.442580
23 34 8.399536
23 167 1.077107
23 229 19.725491
23 277 6.578264
23 412 7.870573
23 414 10.977804
23 468 9.844403
23 501 13.844257
23 690 13.949745
23 696 2.836208
23 746 18.360701
23 759 7.691994
24 31 7.002441
24 76 14.741681
24 82 9.560988
24 95 1.004938
24 104 13.424743
24 107 18.070500
24 135 11.153264
24 273 16.074535
24 338 3.088587
24 353 18.402169
24 403 19.934310
24 419 6.225992
24 430 5.824332
24 484 4.210715
24 522 8.259488
24 628 12.853507
24 757 11.053230
25 57 16.066183
25 125 16.480548
25 153 17.954123
25 211 13.100061
25 227 6.065523
25 282 14.460573
25 340 11.457093
25 438 10.571350
25 442 13.220808
25 461 18.675293
25 496 4.070316
25 672 1.414719
25 706 2.089756
25 797 11.893174
26 105 19.227489
26 254 9.848438
26 466 15.126704
26 495 9.278964
26 742 17.037990
27 120 11.406517
27 429 6.139293
28 30 4.434978
28 129 4.097019
28 306 1.445397
29 72 3.824535
29 87 12.459351
29 98 5.350654
29 101 1.523862
29 110 5.704525
29 191 11.510572
29 232 15.120427
29 268 6.441206
29 327 17.162757
29 382 3.486902
29 500 5.380552
30 165 13.228344
30 311 2.578134
30 388 13.496193
30 502 10.386239
30 550 13.846497
31 42 6.904685
31 80 6.738632
31 139 2.472201
31 249 16.284456
31 266 2.364127
31 524 15.244254
31 750 14.890279
31 769 4.450691
32 38 5.650332
32 49 7.706535
32 50 14.200396
32 115 2.529679
32 227 17.336384
32 292 9.499651
32 538 8.521381
32 641 3.433020
32 773 13.624582
33 108 3.094850
33 152 14.982769
33 159 17.306213
33 201 7.940414
33 422 19.139605
34 36 19.796392
34 45 9.013152
34 148 3.565749
34 151 13.845535
34 164 11.718800
34 178 5.419766
34 236 11.238245
34 259 8.446163
34 288 18.231877
34 289 10.130336
34 298 7.151271
34 344 2.428589
34 391 15.488959
34 482 1.388177
34 508 4.939409
34 574 16.560813
34 605 9.329789
34 760 11.072810
35 50 7.131401
35 558 19.626666
35 563 1.673666
36 136 6.122293
36 147 6.426583
36 367 19.507380
36 670 9.949021
37 38 4.823954
37 51 6.688589
37 91 16.764962
37 167 9.504524
37 223 11.937998
37 307 14.449921
37 342 2.387069
37 357 4.715332
37 372 3.791253
37 405 18.941538
37 498 9.078487
37 708 11.464614
38 151 17.332173
38 583 10.641438
39 365 18.127323
39 541 8.390742
39 614 6.351521
39 792 8.048238
40 103 4.585790
40 160 4.988636
40 204 2.578762
40 219 2.623189
40 269 17.146100
40 619 2.935040
40 692 4.409920
40 756 15.772631
41 59 5.214182
42 44 13.984103
42 93 14.735568
42 127 18.473354
42 158 15.305549
42 161 2.016541
42 194 9.490721
42 198 10.299539
42 231 3.270139
42 234 12.670749
42 261 8.033500
42 326 9.538341
42 386 18.839610
42 511 8.676198
42 539 12.016791
42 640 12.062231
42 644 11.856316
42 747 3.710033
43 60 7.197057
43 119 15.841142
43 155 7.903340
43 511 19.588733
43 599 4.601805
43 660 17.448709
44 235 14.120698
44 631 5.415682
44 798 19.765760
45 94 4.645523
45 114 5.723184
45 124 12.494232
45 202 9.570018
45 222 18.576116
45 369 19.093401
45 370 13.026130
45 646 3.161007
45 721 15.251248
45 775 2.704856
46 52 2.344101
46 66 1.903360
46 78 7.540850
46 241 12.287038
46 259 6.561788
46 289 5.105707
46 399 19.477968
46 636 4.432716
46 724 19.360259
47 102 9.747021
47 187 1.658317
47 297 19.607812
47 456 3.013607
47 500 7.538942
47 516 4.015782
48 65 18.777286
48 117 10.385743
48 398 8.442915
48 423 16.738010
48 483 11.288372
48 510 2.643121
48 607 18.404448
48 665 1.319539
49 89 4.737762
49 271 18.451402
49 467 16.683030
49 508 7.552727
49 688 17.543630
50 108 19.872544
50 127 1.726268
50 138 6.711250
50 147 16.638567
50 296 2.591486
50 310 13.718224
50 575 12.422057
51 61 1.065205
51 75 3.539229
51 131 16.331002
51 240 16.434953
51 642 6.745518
51 770 16.929362
52 66 8.651833
52 73 13.654610
52 84 15.402505
52 238 10.481323
52 562 3.716741
53 65 16.155717
53 214 4.450362
54 129 18.085254
54 144 18.102695
55 73 18.565478
55 145 18.134423
55 154 6.955807
55 188 6.413616
55 192 7.108034
55 246 13.813419
55 287 3.094291
55 303 2.889448
55 659 19.285725
56 75 5.779042
56 78 7.527642
56 106 2.417343
56 111 12.933933
56 120 9.031547
56 130 15.475933
56 252 2.316152
56 267 1.608393
56 276 15.016994
56 321 18.518620
56 396 12.209911
56 639 1.498759
56 700 12.662516
57 275 9.267169
57 453 3.616002
57 460 1.023243
57 650 16.070946
57 680 17.381573
57 794 15.330037
58 134 15.547468
58 322 12.774485
58 342 5.925612
58 643 6.318454
59 622 11.113572
60 84 11.019254
61 449 5.955849
61 712 13.304665
61 752 7.369575
62 133 6.713036
62 156 5.747889
62 264 14.575966
62 321 19.863242
63 71 16.791742
63 99 3.880788
63 193 17.000093
63 363 13.148175
63 374 11.076836
63 411 7.468864
64 249 10.168767
64 427 3.955582
64 553 17.251787
64 595 8.655997
66 77 9.347172
66 83 4.587812
66 328 14.444766
66 380 18.650128
66 396 19.154761
66 625 11.500812
67 115 12.233293
67 471 13.614763
67 473 13.554897
67 552 6.999940
67 662 1.770205
68 164 11.271678
68 531 2.971955
68 558 1.686782
68 732 16.916732
69 394 1.316608
70 173 14.274939
70 425 19.085027
70 588 16.391338
70 608 14.380023
70 661 10.467142
70 764 1.926734
71 436 19.328581
71 504 2.377987
72 168 15.707262
72 204 10.009130
72 234 5.057298
72 309 14.849263
72 355 2.245141
73 135 19.612799
73 177 4.098138
73 256 18.044422
73 262 9.983699
73 374 15.569182
73 471 3.762196
73 475 11.897793
73 621 2.978645
73 756 15.157790
74 101 1.512347
74 221 3.968028
74 486 18.923537
74 576 13.275920
75 90 3.874577
75 97 15.737883
75 146 8.801598
75 202 7.963183
75 224 4.391312
75 248 1.954744
75 441 13.333862
75 525 14.128886
75 699 1.428040
76 117 18.018205
76 128 17.815398
76 132 15.084135
76 134 16.685764
76 145 18.765767
76 189 7.692048
76 251 14.708335
76 252 11.313453
76 330 2.504187
76 582 5.696128
76 785 14.328317
77 180 14.990363
78 88 2.922239
78 369 5.199848
78 433 10.665592
78 436 1.879600
78 442 1.838806
79 85 10.427612
79 96 9.465388
79 208 7.635488
79 217 13.045810
79 278 12.754281
79 392 17.939353
79 400 4.371944
79 455 14.864455
79 618 4.043599
79 796 10.909063
80 123 6.185837
80 143 9.296895
80 461 13.116911
80 559 15.245802
81 137 9.919213
81 142 14.496109
81 433 12.851411
82 386 18.726407
82 401 12.483127
82 684 6.213698
83 336 13.304570
84 149 1.893179
84 176 9.671436
84 415 9.077225
84 470 13.964150
84 492 19.381199
84 501 2.382432
84 571 9.965465
84 760 12.691035
85 187 16.184659
85 309 8.967485
85 453 12.028430
85 723 4.194006
86 684 14.331854
87 546 6.457207
87 657 8.897488
88 109 6.837755
88 470 2.919111
89 335 14.387791
90 292 14.321715
92 106 2.317059
92 181 16.284397
92 186 17.163743
92 222 13.071602
92 243 10.680578
92 281 6.752548
92 341 16.055870
92 382 11.725768
92 550 8.773636
92 626 8.055362
92 627 13.188995
92 729 7.203390
92 736 2.781358
93 112 2.751887
93 140 3.192926
93 215 2.261339
93 329 6.953820
93 357 6.704025
93 365 1.521239
93 573 15.144796
93 581 16.294409
93 734 8.697458
94 485 9.715503
95 100 18.986893
95 122 18.758624
95 150 5.993995
95 236 4.402350
95 771 9.825720
96 195 16.220381
96 279 11.908350
96 337 2.849970
96 375 9.053021
96 423 16.588156
96 537 11.156672
97 100 12.166296
97 162 18.096881
97 169 11.960080
97 209 2.169455
97 228 3.785991
97 293 1.776210
97 366 9.568311
97 383 9.138613
97 415 4.610035
97 426 3.668090
97 454 8.860279
97 478 3.224254
97 505 5.782332
97 534 6.884023
97 549 15.414926
97 582 7.792072
97 600 4.057778
97 615 2.928964
97 626 15.123810
97 645 13.216427
97 673 14.442338
97 693 19.823244
97 727 1.776917
97 793 3.613359
98 194 8.004304
98 393 11.233118
99 217 13.708686
99 638 14.339059
99 751 3.710837
100 226 8.072505
100 539 17.569916
100 699 13.192228
101 210 12.430484
101 457 5.891068
101 526 3.781258
101 618 2.378590
101 719 16.597696
102 175 15.984251
102 439 12.018232
102 456 1.724333
102 545 19.067535
102 788 6.379044
103 188 2.483893
103 379 3.711304
103 584 15.057437
105 111 4.820361
105 133 14.961010
105 179 13.500506
105 283 1.625224
105 476 14.186363
105 764 15.410277
105 783 10.015797
106 315 17.441140
106 326 11.162724
106 499 8.612906
106 536 5.513022
106 594 10.057840
106 735 3.412918
106 757 8.649037
107 163 3.628789
107 530 4.474548
108 174 12.285175
108 199 1.772898
108 213 14.768267
108 603 19.592625
109 351 17.754512
110 559 7.970000
112 152 19.669624
112 170 18.923600
112 280 12.476495
112 384 6.879616
112 543 4.366309
112 700 13.469517
112 719 18.612837
113 171 9.188049
113 173 2.922601
113 178 8.957654
113 224 4.176217
113 783 19.683768
114 150 4.197956
114 331 13.207328
114 688 3.255907
115 253 19.740288
115 464 2.895113
115 535 19.440540
116 158 5.534143
116 171 15.193994
116 247 8.358165
116 527 17.589710
116 621 11.042192
117 360 10.554048
118 481 6.918750
119 148 8.553980
119 225 17.290853
119 474 4.450925
119 778 9.139518
120 239 2.860362
120 246 15.913844
120 271 18.621409
120 398 19.534192
120 542 13.267951
120 702 1.603338
121 136 11.117753
121 165 8.035385
121 275 18.213369
121 345 2.897771
121 409 13.977994
121 785 19.272052
122 362 11.278507
122 535 15.135702
123 132 14.532856
123 159 4.983007
123 183 16.537986
123 272 17.648496
123 280 15.211290
123 347 7.843033
123 611 16.920752
123 647 19.035377
123 697 3.183504
123 715 18.394950
124 250 7.842157
124 305 4.328217
126 184 11.863049
126 197 4.950235
126 228 1.802958
126 299 7.646431
126 320 3.627684
126 782 17.561662
127 316 15.779385
128 190 4.239311
128 407 17.297250
128 615 6.576510
129 154 9.985800
129 161 10.629359
129 206 13.868383
129 355 13.457300
129 655 18.072727
130 356 19.485895
130 506 19.505278
130 520 18.283022
130 795 7.699274
131 437 14.055087
131 780 14.921222
132 354 16.813439
132 459 1.895783
132 702 18.333322
133 452 18.369594
133 566 1.262598
134 181 1.040125
134 311 1.110603
134 506 4.983543
134 664 6.659308
134 772 19.567388
135 304 8.157149
136 212 14.485876
136 265 8.039974
137 207 6.751098
137 652 6.465042
137 727 15.685641
138 223 19.170345
138 295 11.425848
138 578 3.136079
140 264 11.847044
140 459 11.643107
140 766 16.573532
141 157 8.398526
142 174 9.852850
142 740 5.735854
143 172 4.102275
143 277 12.091726
143 609 4.881135
143 717 1.528512
144 299 8.410249
145 215 4.382374
145 220 5.116078
145 330 8.260896
145 372 7.305057
145 402 14.291545
145 570 2.934175
145 662 14.341615
148 564 4.446463
149 251 9.751651
149 530 3.341932
150 156 10.633202
151 308 14.617824
152 286 11.931282
152 290 10.123654
152 348 16.393186
152 352 14.975377
152 616 3.004871
152 658 2.412669
152 669 15.159712
153 163 15.711356
153 192 3.219380
154 426 9.457026
154 549 8.223476
154 593 18.050432
155 751 5.057530
156 263 12.718787
156 408 7.103109
157 186 15.895303
157 189 10.704958
157 221 7.072599
157 378 10.839085
157 477 16.890841
157 568 2.432006
158 270 10.972021
158 272 15.924127
158 439 7.231407
158 678 8.201786
158 733 15.941272
159 172 9.769758
159 242 1.203177
159 726 1.794172
161 211 11.462788
161 295 1.429010
161 370 3.812478
161 395 12.262561
161 443 17.145374
161 445 14.901622
161 509 19.919608
164 260 13.174085
164 270 16.191334
164 324 14.176664
164 653 4.325090
165 298 12.102263
166 185 11.771285
166 304 19.367795
166 328 10.602843
167 176 8.203965
167 397 9.225957
167 488 3.027648
167 499 11.020953
168 438 8.570657
168 680 3.881679
168 795 3.085954
169 434 15.261208
170 406 4.279493
170 613 14.629947
171 185 13.330830
171 255 3.850890
171 451 16.155129
172 318 6.896660
172 358 9.643639
172 512 3.857284
172 641 1.910480
173 191 4.308470
173 200 4.672180
173 219 17.068718
173 233 14.135084
173 276 13.797430
173 390 12.346799
173 484 9.356945
173 560 1.771842
173 774 11.220048
174 196 5.157900
174 380 8.357668
174 387 6.482666
175 203 16.395245
175 241 9.376119
175 385 10.544602
175 388 3.799727
176 226 4.360997
176 449 6.977420
176 569 4.770733
176 720 2.825550
177 244 13.189311
177 353 14.416133
178 201 7.647591
178 212 2.759588
178 761 11.018441
178 786 19.847924
179 337 2.844707
180 248 9.605465
181 207 11.778877
181 528 8.385485
182 242 4.940498
182 592 11.254119
183 327 10.527618
185 468 8.501671
186 486 4.997830
187 754 5.304410
188 341 8.223918
188 381 9.273960
188 631 14.812802
188 637 13.223899
188 790 14.486232
189 247 19.009461
189 580 18.740214
191 229 11.488509
193 323 6.625531
195 239 8.355140
195 421 9.184870
195 633 14.354161
195 667 3.880243
197 312 12.766460
197 614 8.293907
197 661 6.030243
198 245 6.106054
198 689 9.434820
198 780 14.797766
199 203 2.901398
199 420 5.903393
199 623 6.087995
200 237 12.794203
200 265 11.321137
200 384 12.769573
200 616 12.588848
200 668 18.359049
201 208 17.410700
201 409 2.832448
201 446 11.238116
201 472 15.940899
202 346 16.461837
202 391 8.799051
203 638 3.168649
203 652 17.736414
204 515 19.683645
205 683 12.700766
205 739 16.681114
205 767 13.088704
205 784 14.425189
206 317 3.661654
207 216 9.502505
207 244 2.656289
207 284 10.574888
207 362 19.606802
207 469 5.168663
207 489 19.590227
207 547 10.332553
207 606 2.350409
208 406 9.753469
209 359 5.354741
210 214 2.757007
210 260 5.505285
210 472 5.593670
211 516 12.145710
211 648 8.481438
212 599 13.802453
212 671 12.431480
213 255 1.084749
213 476 19.052910
213 657 12.127598
214 250 5.048096
214 258 10.386518
214 267 7.229070
214 578 12.482623
214 624 2.980212
214 710 17.060389
216 232 19.578087
217 418 4.646925
219 225 9.350046
219 240 1.385036
219 339 15.343086
220 745 4.292885
223 653 16.585024
223 656 11.658165
223 738 18.162249
224 231 8.858523
224 383 16.113602
224 587 17.815610
228 294 1.216622
229 261 2.658123
229 322 6.166181
229 395 13.039944
229 418 6.024870
229 581 17.601278
229 791 4.164282
230 368 1.013128
231 233 18.337372
232 344 19.708588
232 347 15.302548
232 737 2.972276
234 257 2.584166
234 288 13.763616
234 343 15.017696
234 349 10.962948
235 332 3.939721
235 612 1.770237
237 701 11.009167
237 766 6.154242
238 297 5.858375
239 481 14.808390
239 521 6.212247
239 750 12.034803
239 761 6.348709
240 625 4.010348
242 413 2.566914
242 416 9.453148
242 424 16.891035
242 598 10.761437
242 651 10.554398
242 768 18.777587
242 782 3.257052
243 268 5.169550
243 351 11.577978
244 414 18.535037
244 517 5.619972
244 675 14.097677
245 363 17.634257
245 533 11.122240
245 677 17.328894
245 728 1.620643
248 312 2.874677
248 320 14.552834
248 493 4.285379
248 523 3.601609
248 630 19.198257
249 465 12.606598
250 293 7.403550
250 402 7.123678
250 637 13.387384
251 392 15.773229
251 404 13.961871
251 572 14.171354
251 620 2.233305
252 490 18.638766
252 495 2.209097
252 532 3.286636
252 594 14.207588
252 763 12.187640
253 579 8.190663
254 503 18.573669
255 747 13.085309
256 361 15.058018
256 577 15.267420
256 693 3.710683
256 743 15.095200
257 452 12.987006
258 279 1.577856
258 331 15.545621
258 593 17.526411
258 726 11.527144
260 283 7.220855
260 343 8.008277
260 466 4.960006
260 485 2.372528
260 542 15.204461
260 630 8.066300
261 435 16.084443
261 450 16.877609
261 532 6.412126
261 580 13.344377
262 541 7.124255
262 718 12.191522
263 282 11.490589
264 557 9.354415
265 274 5.378343
265 284 18.894869
265 376 3.052087
265 487 17.817263
267 567 13.400367
267 724 18.871457
268 278 6.266423
268 617 18.811562
268 779 14.628896
269 649 4.450242
271 412 8.860016
272 281 9.433537
273 303 5.795911
273 596 5.185087
273 636 9.352823
274 302 6.597721
274 584 15.508080
275 494 19.954994
276 569 13.042645
277 300 19.321942
277 425 1.164927
278 687 4.334463
279 316 16.197355
279 629 17.933061
280 378 14.809188
280 447 16.151917
280 752 7.155711
280 798 17.784574
281 656 14.742690
282 290 9.040222
283 285 6.157027
283 358 3.436179
284 447 1.192159
284 730 4.823834
285 475 10.138222
285 573 19.123087
285 586 17.805540
286 445 17.753266
287 323 14.224895
287 419 15.644817
287 431 5.130156
288 612 10.331594
290 301 12.702154
290 310 11.375948
290 405 4.966510
290 462 12.705758
290 547 11.346718
290 628 4.169845
291 350 6.663461
291 687 3.221548
292 302 12.107637
294 349 8.487655
295 711 3.152646
296 434 18.101410
296 497 9.662476
296 514 12.092216
296 737 11.852689
298 376 2.093604
300 712 17.137104
303 315 7.913128
303 735 17.795988
304 561 8.902426
305 410 17.188275
305 441 9.484837
308 533 4.503538
310 458 10.257070
312 589 3.006977
313 607 19.850562
315 339 5.106047
317 543 16.096844
317 604 14.238702
318 672 7.658203
318 703 15.208600
319 408 7.124293
320 367 17.296527
320 514 10.672029
320 774 18.430417
321 648 8.095959
322 587 9.333640
322 601 19.182775
323 655 16.692804
324 373 16.517516
324 704 19.864234
326 450 11.565552
326 695 19.144535
327 417 1.426600
327 479 15.718514
327 509 11.439561
329 658 18.037709
330 366 15.390589
332 356 2.789847
332 422 7.917626
332 765 3.024906
333 491 18.802167
334 338 10.434651
336 565 3.611165
337 430 19.774103
337 494 9.836397
337 683 7.590206
338 359 10.799991
338 561 6.429510
338 591 16.009670
339 517 2.318351
341 529 17.770953
344 520 18.960230
344 529 14.362106
347 390 13.169227
348 524 2.186274
348 526 15.205047
350 679 8.333262
351 513 15.967882
352 504 18.348885
352 600 4.091807
352 692 18.519174
353 407 3.243399
355 711 13.579340
356 435 3.864694
357 519 2.472739
357 691 9.163138
358 424 7.571086
359 736 18.309985
361 429 2.631694
361 703 9.033285
362 610 18.896114
363 389 19.675789
363 690 5.932986
363 739 13.824886
365 394 18.567921
367 403 9.984521
368 674 10.503322
369 462 10.343103
370 387 11.474633
372 597 5.338951
372 694 4.465230
372 748 18.658034
373 404 14.372891
374 556 18.248630
375 565 3.132574
375 733 5.480349
376 551 14.071682
377 507 8.226911
380 602 2.410849
381 654 6.985749
381 778 10.224309
383 718 19.208168
384 385 11.948344
384 428 4.148161
384 503 9.073517
384 640 4.840772
384 722 15.466181
384 723 11.024363
385 721 18.374782
386 463 4.976170
389 669 2.315278
391 427 2.019987
391 627 1.035966
393 493 8.220526
395 701 9.586413
395 731 17.485991
396 431 17.536908
398 589 6.645325
401 642 14.287006
402 685 3.235976
402 708 14.825039
403 606 1.925999
403 762 9.815875
404 554 12.475300
404 595 11.660630
404 665 2.129196
405 796 18.844904
406 633 6.673179
408 512 6.017173
408 759 4.335831
409 410 16.200965
410 623 4.918531
412 437 10.326324
414 546 5.327496
415 725 1.177767
417 540 8.021050
417 709 2.957248
418 451 16.013040
418 678 13.173281
418 696 8.422635
419 505 18.951686
424 440 2.015330
429 477 15.654154
431 634 5.630407
432 557 17.674101
432 609 6.217872
433 460 1.173410
435 513 1.886681
435 525 19.868598
435 705 15.758541
435 743 15.593306
439 673 15.667088
439 713 18.063106
441 707 2.598519
442 474 6.115845
442 521 17.393001
442 741 17.733482
444 544 1.693372
444 670 2.429768
445 677 18.916275
445 698 2.518552
445 707 6.954333
446 574 9.709133
448 679 9.509262
448 784 13.015954
451 488 6.217131
452 555 18.130060
452 676 5.916302
453 502 3.963578
454 713 4.630958
456 588 11.004614
456 632 18.677929
457 651 4.008316
460 492 7.543416
460 562 14.268179
465 632 13.770289
465 728 15.407340
465 787 18.677360
467 791 9.740171
468 571 16.419176
469 590 4.950300
474 551 4.183677
476 483 19.304027
477 799 5.137750
478 566 8.913592
478 596 3.784409
479 507 15.591553
480 714 1.995441
482 585 12.747211
483 498 7.145384
483 629 11.079640
485 576 17.562590
487 717 16.026617
496 567 7.536774
499 776 17.272530
500 552 3.692099
504 710 10.020740
505 666 10.011695
507 518 3.525838
507 570 18.293865
508 531 14.406099
508 568 12.396970
510 706 15.008534
511 534 7.907870
514 716 16.737950
516 523 13.600248
517 555 19.958503
518 676 8.629233
521 611 12.043487
524 686 12.099620
526 613 11.965643
529 634 16.420191
529 660 4.793379
531 763 4.687895
533 579 19.880382
535 762 10.225574
536 601 4.869434
537 777 11.173352
538 602 10.581037
538 667 12.085795
540 548 5.695212
542 564 14.365330
545 603 10.416648
545 767 19.605661
549 789 17.102254
551 598 9.232437
553 744 12.509678
557 591 4.107181
561 731 6.242191
561 749 2.553479
565 787 13.533317
566 781 18.183211
578 620 5.013875
578 649 10.202968
578 772 10.634138
590 617 1.174392
590 635 14.258520
592 794 13.407232
594 789 16.995743
596 644 13.153568
598 604 6.845884
598 705 5.404866
598 725 16.771262
603 797 13.768692
606 654 6.397666
615 716 3.754209
621 675 10.098180
621 686 13.083936
621 729 5.464724
624 720 5.058882
635 663 15.047441
637 730 16.396538
639 674 10.813793
640 745 17.048049
644 714 18.245941
646 748 9.637623
650 758 1.158595
652 777 19.381388
656 740 3.244294
660 682 13.462326
675 799 1.906038
680 755 4.323541
684 704 3.170820
685 781 1.752714
689 768 17.575743
697 715 9.037377
710 746 16.806251
732 744 16.054439
737 779 3.966900
738 741 19.112773
738 769 5.139820
745 773 5.554744
748 770 5.859738
5.493148 21.652584 18.432405 22.314624 8.127339 16.789495 19.589337 8.028875 23.697038 6.693650 16.468681 23.625123 20.864818 15.523497 9.492267 15.545517 20.200871 21.714656 16.659874 21.068276 14.619147 14.556572 18.916974 20.282371 6.575859 15.281360 21.925747 21.537242 23.780012 16.933870 24.073432 14.639538 13.831781 7.049795 10.951777 11.847577 21.322730 10.649501 13.254877 7.753055 23.664299 21.591055 20.699217 19.561020 13.689089 21.773446 24.128489 14.263518 16.270421 17.268302 13.936337 9.513280 21.442703 6.907986 16.822701 12.027107 15.967187 6.865951 9.579269 9.529454 22.743699 17.200251 17.684275 10.992009 16.281224 13.924755 17.028660 15.583259 13.917355 23.397554 18.210703 19.016437 10.426770 8.592710 11.255335 19.781808 22.871009 22.456959 8.322034 19.988323 14.264215 11.156794 19.581603 20.217427 22.956750 6.402765 21.458168 15.214766 15.366789 12.127316 14.421375 7.196599 14.112191 15.957534 20.859070 11.485270 6.936915 22.529585 16.167131 23.637525 22.550215 8.233385 9.167198 21.914609 17.025099 10.260352 19.682816 7.422482 23.553673 16.455867 12.565738 17.724792 20.046808 5.556895 8.264124 11.192592 24.377871 23.229385 20.264215 15.136317 5.025583 13.270835 14.070667 5.973501 9.804494 18.522944 11.456657 18.629063 8.224460 17.823432 8.288212 18.793566 21.477837 19.126482 13.531839 24.042149 13.495584 15.259873 7.600991 5.928122 19.914999 9.392521 23.285358 9.037908 18.673840 6.472165 10.804295 14.279577 15.528406 10.200748 11.392526 17.909305 22.902107 19.468831 14.944984 10.277380 20.795835 5.444612 17.379649 15.233339 17.825105 8.133851 22.541767 6.354695 17.722219 6.233785 5.685418 18.039051 13.834673 17.781060 13.556970 8.407696 20.861965 23.817525 24.675736 22.790439 16.240036 24.664185 13.153201 24.013821 16.441779 7.542024 15.062694 18.329473 17.294173 18.368169 7.573315 18.411921 13.147093 5.517964 18.923230 16.764158 18.553897 16.101740 24.132576 17.947566 11.966513 16.101524 12.437207 5.266925 6.962864 22.965947 7.770047 13.483332 21.480968 17.720955 22.326098 16.508881 24.689255 7.228520 13.714821 9.646368 21.898885 18.313800 5.800048 7.899557 5.382701 10.665007 16.362177 23.384230 7.506038 22.616229 6.238832 12.753512 11.291665 23.332316 18.084170 20.958894 21.459138 9.102751 21.609365 9.724778 6.710725 18.818131 18.790391 18.830528 6.131401 23.503202 20.650498 16.232279 24.258691 19.011611 14.138328 8.049017 7.701490 17.858408 18.820097 12.287964 18.411312 11.504263 22.321645 9.282887 19.518630 23.445531 16.028528 19.095383 12.613396 15.666042 17.873139 8.074830 16.178723 24.296247 14.955377 8.640357 7.735635 20.151174 7.257248 6.008492 22.798467 16.869757 21.268383 15.669236 5.627075 9.245125 20.867069 5.352065 22.160720 21.993582 18.020797 6.868852 12.793917 13.044504 12.001312 5.377043 16.623355 15.810242 9.277274 6.223762 6.326892 12.448480 11.728150 10.448985 16.899746 7.381875 6.027096 21.138678 7.401474 7.156968 20.718386 19.246928 16.264292 6.484259 14.865789 16.703436 20.672144 10.780271 18.547304 14.904354 12.015097 16.389797 16.899873 7.723267 21.531178 20.230333 10.906730 12.173787 5.373333 11.306118 11.092010 11.109593 15.934291 8.037764 23.893813 8.917890 19.424067 12.593872 8.201455 15.230369 14.647501 20.101587 7.090931 6.058570 12.954985 8.056370 10.471581 16.445073 11.949776 12.347274 9.439107 16.246960 18.611535 16.462199 12.767169 16.663610 11.464763 11.663758 24.924497 9.929470 9.565510 24.373581 7.643500 21.704642 19.100515 8.601319 9.404748 21.327773 19.089947 7.905078 16.275263 14.887097 10.748084 14.539873 12.829199 13.942726 20.461597 20.203624 18.239499 11.028757 12.154065 14.840461 9.913922 22.381276 15.403268 9.189765 16.659230 20.107180 8.855009 10.570388 20.041022 9.577861 9.931768 7.328073 21.713967 6.319121 6.339529 12.867266 7.873137 24.394783 20.915811 10.546214 11.374420 19.430409 7.092230 23.393711 17.113333 11.399752 17.950005 17.208082 15.663825 11.963774 8.955300 16.496330 9.148444 9.898486 20.112684 15.018856 15.036831 11.272137 22.178288 10.072069 10.892867 15.087792 9.662217 24.656071 7.632277 20.268330 20.945170 15.062553 22.070531 14.887175 23.355013 6.055728 11.949442 18.021131 18.769468 19.029861 22.994057 10.126864 5.326018 24.606661 14.280101 19.061954 5.501423 24.851125 15.480574 19.163486 17.107120 7.239581 20.908784 6.400332 14.585322 10.672135 15.995087 11.726502 7.792966 13.809294 8.831101 18.759015 15.183594 13.007640 12.021180 16.691195 5.930107 14.370379 10.371759 13.821752 9.698795 6.208597 23.025164 15.246337 10.532265 24.114324 22.418551 6.382380 8.376312 22.100103 9.145985 12.395194 19.360794 13.542956 24.039129 6.057919 17.699098 14.748508 19.189942 21.999440 15.401657 20.128306 19.936723 22.883052 17.678742 17.015710 19.187191 7.781674 17.466813 22.379360 10.985789 12.414923 22.052987 17.773868 17.299981 7.119195 15.587311 9.077425 15.816952 23.302771 20.149357 8.877314 10.886805 14.517240 17.997757 5.038025 18.366212 16.373672 10.422153 17.808988 18.178510 13.559953 5.527709 8.823863 24.849553 6.326980 20.213954 9.417146 9.275288 8.393689 19.101961 6.800323 21.194830 18.264755 5.534277 10.490345 6.620735 14.699306 19.791658 20.845799 7.262482 9.648956 18.206347 9.607903 9.900335 16.674421 12.335751 16.210199 8.099640 24.202651 8.461221 5.598221 5.352141 15.463520 7.222796 24.331226 16.177735 5.508434 18.312755 9.244581 23.353389 6.688728 22.572648 23.689757 21.638298 12.133515 15.189860 9.407575 18.677975 17.821295 14.968313 8.453979 22.770114 15.009463 16.729639 17.378979 14.844845 20.568943 17.132182 20.341692 10.848664 9.988055 11.779989 15.989432 20.896346 22.194387 10.636171 23.598393 13.259883 14.446654 19.641628 18.907322 6.777230 21.009052 6.215213 15.952468 10.633356 23.432421 13.035074 20.073950 22.390318 21.940633 16.283937 24.431118 10.092690 11.556621 13.874439 16.699621 16.810673 6.676282 15.111026 24.673784 8.982561 14.428798 11.819931 11.166306 24.927306 15.979653 5.343645 6.950868 5.835033 10.751830 7.349764 19.980625 21.017858 22.003870 7.313846 8.551063 15.235735 10.534475 7.739202 5.850433 24.903744 10.450305 9.727591 21.268366 5.426279 8.316048 11.459674 9.452578 10.802318 15.540191 16.287054 21.402850 7.543510 19.142427 21.769917 23.028906 24.928432 15.533986 14.183070 19.826083 21.703621 24.812444 10.211382 20.874075 14.500073 9.564643 24.343558 7.853559 20.390559 14.265172 17.491002 19.551401 17.706226 10.333412 12.277237 16.428403 23.161312 21.345612 16.208870 19.346821 13.012178 17.926739 9.080909 15.741519 13.040120 7.879169 19.649002 14.198575 11.922783 18.319313 24.981300 12.647696 22.044033 22.149416 7.545821 22.584622 23.108625 23.651494 21.974833 16.659041 11.855047 14.400742 16.946359 24.330117 23.447747 15.804652 6.771245 9.081706 23.906998 13.936132 19.239330 8.179032 14.539180 11.981950 11.997494 10.418233 19.375716 20.008456 11.024919 16.725629 9.701695 23.460830 5.739345 10.365524 19.404185 5.426919 17.746677 21.921176 24.017944 19.847387 24.764723 21.151055 8.524081 21.251351 5.928877 12.412108 5.878284 19.789262 24.676118 8.697948 15.923051 9.745725 22.597245 5.135171 6.637306 14.144563 13.833219 11.656787 10.347409 9.340374 19.691200 18.105998 7.076693 10.336125 18.102869 21.204004 16.962324 9.607521 23.368352 15.896721 18.992013 15.628755 21.897539 19.956709 17.289430 17.838699 14.953363 15.582755 10.638102 7.560829 15.190981 21.439827 20.989475 23.769857 6.286380 23.732509 6.280580 11.244591 22.923060 18.499136 13.384891 14.152805 8.095422 16.413369 17.063704 22.696474 22.480037 7.992687 13.497288 14.831396 22.222570 5.510744 11.893509 13.423215 15.451011 16.612419 14.767597 23.355283 18.320274 7.656072 14.732338 18.316493 14.897256 18.414737 21.765913 23.742341 24.074820 17.101963 23.139704 5.848961 23.457067 20.833086 5.413441 5.372121 15.323877 22.918651 19.145782 24.543332 22.626902 20.961404 8.528700 18.124001
53
242
0 2 7.136259
0 5 5.915686
0 23 2.804870
0 29 1.694963
0 30 8.911031
0 32 6.873611
0 41 7.261070
1 19 5.365522
1 20 3.990642
1 34 6.775457
1 38 8.969303
1 40 7.046801
1 51 1.068482
2 5 8.830585
2 7 9.535490
2 9 1.003084
2 10 2.052177
2 21 8.251719
2 22 7.858144
2 23 9.919536
2 28 3.272667
2 37 6.896569
2 38 1.209466
2 43 2.236380
2 48 2.567768
2 52 4.485979
3 20 2.851249
3 22 3.617833
3 23 6.039660
3 26 7.913569
3 27 8.967093
3 43 1.851643
3 48 3.437747
4 8 3.458169
4 16 7.129888
4 19 2.255028
4 20 8.503101
4 28 2.049141
4 35 9.029081
4 39 6.031086
4 43 8.953945
5 11 1.246719
5 13 1.574893
5 14 1.439278
5 20 7.668908
5 21 8.318578
5 25 5.763984
5 28 5.065715
5 33 2.699778
5 34 4.561143
5 38 3.643512
5 40 1.008404
5 41 9.454983
5 51 2.224675
6 7 5.603402
6 10 3.139540
6 12 3.771189
6 13 9.835509
6 15 8.344535
6 21 2.406000
6 23 5.179242
6 25 5.083691
6 34 6.088499
6 39 4.659971
6 40 4.161934
6 43 4.729057
6 50 4.938509
7 9 2.722358
7 14 5.741069
7 23 2.405362
7 25 6.448416
7 26 4.631777
7 30 1.106733
7 33 9.540083
7 34 9.036181
7 39 4.106127
7 46 3.437033
8 15 4.509358
8 19 2.348937
8 22 7.468463
8 29 6.422721
8 30 8.360779
8 34 9.457846
8 45 6.692213
8 50 7.926457
9 10 5.044368
9 18 4.988441
9 23 9.980316
9 25 6.756215
9 29 9.151540
9 31 7.031959
9 32 2.043013
9 37 3.598807
9 44 1.323501
10 25 3.466872
10 27 4.633530
10 29 9.888719
10 30 6.460252
10 36 9.942754
10 45 2.665664
11 15 3.794615
11 25 7.066836
11 30 3.747604
11 36 1.277626
11 47 4.194050
11 50 1.108641
12 16 1.340173
12 24 9.616283
12 26 6.802585
12 29 9.681957
12 32 3.284485
12 35 2.880436
12 40 1.963780
12 47 9.000262
12 52 7.365348
13 20 1.115631
13 30 8.876603
13 35 5.413184
13 50 9.907165
14 23 9.446974
14 29 8.092280
14 31 3.179118
14 36 5.260430
14 37 6.077657
14 40 2.012857
15 16 1.854255
15 18 4.179673
15 23 4.222240
15 24 1.429985
15 34 1.886305
15 35 4.865504
15 36 3.455536
15 41 5.343974
15 45 9.221453
16 28 3.065232
16 35 4.052429
16 38 8.092826
16 41 5.443710
16 43 5.347852
16 47 6.910508
17 25 2.831421
17 39 6.741196
17 51 6.872460
18 21 4.314380
18 32 7.013400
18 34 4.762605
18 36 8.297641
18 37 7.434541
18 51 9.887033
19 21 8.557799
19 26 8.169972
19 33 3.071238
19 38 5.282411
19 43 1.526724
20 21 3.792048
20 33 6.797704
20 51 8.684742
21 43 6.581012
21 45 2.179839
22 27 4.306547
22 39 4.459362
23 24 7.989070
23 25 6.679342
23 37 8.417387
23 44 4.613794
23 47 1.412450
23 48 7.158988
23 49 6.359656
24 29 5.565428
24 30 3.078633
24 32 1.098585
24 36 6.473035
24 52 9.810429
25 29 6.158985
25 35 3.213620
25 39 7.854951
25 48 2.576818
25 50 7.589577
25 51 1.009174
26 29 2.096865
26 32 8.644939
26 40 3.971621
26 41 2.131162
26 49 3.690688
26 51 5.749306
27 36 9.197461
27 37 8.430634
27 42 9.972026
27 44 2.481333
27 48 8.622864
28 31 6.968958
28 45 7.340644
28 48 8.045968
28 52 1.547744
29 34 3.156459
29 47 8.142749
29 49 9.824251
29 50 3.196441
30 42 2.622292
30 45 1.062804
30 52 4.554371
31 40 1.744870
31 47 3.168059
31 51 7.358721
32 33 1.899810
32 40 6.278125
32 41 4.153866
32 45 1.740842
32 51 5.011036
33 36 1.435110
33 42 5.308989
33 44 3.103175
34 47 2.836495
35 36 2.945688
35 39 4.353170
35 42 9.295453
36 38 5.757102
36 45 2.494643
36 48 4.962074
36 52 6.681112
37 51 5.569267
38 42 8.619958
38 43 4.256100
38 46 5.936239
38 48 3.846173
38 49 4.580760
38 51 9.585627
39 47 7.396579
39 52 4.091636
40 41 2.981675
40 48 5.968150
41 42 5.801231
42 44 2.474836
42 47 4.516047
44 47 4.317886
45 47 5.017385
45 48 3.706546
46 50 2.571660
46 52 2.073566
47 49 1.493510
49 51 5.580264
50 51 3.924814
351.661679 337.722489 390.035761 308.773311 239.268714 480.789849 365.138686 227.754789 308.134075 466.465076 313.931585 242.909951 317.030315 342.820564 253.076002 239.174052 462.380980 457.391924 301.950881 479.532122 329.582801 447.477913 229.686058 253.145274 279.073967 386.267409 247.506343 462.770648 233.140810 466.264105 489.828805 272.871387 493.213277 319.743016 495.813945 433.440136 241.535437 281.415945 481.877657 473.629464 353.955032 261.449711 427.104161 469.174816 337.733512 400.100490 398.103257 506.329060 386.053808 363.512140 473.599465 473.432793 322.713352
