800
1597
0 1 1.002179
0 2 16.735822
0 3 1.684869
0 4 1.000863
0 5 12.521032
0 10 19.999424
0 13 18.148797
0 40 13.975381
0 82 3.947838
0 85 19.748906
0 91 17.736848
0 108 15.407136
0 129 15.698976
0 137 10.495656
0 205 16.630028
0 244 10.362219
0 245 1.892015
0 290 4.285524
0 294 11.192158
0 320 13.299446
0 330 8.315737
0 344 6.750379
0 383 15.828397
0 524 16.463259
0 585 11.190273
0 685 5.493197
1 2 12.634370
1 3 16.879239
1 6 16.270405
1 12 13.142121
1 14 16.860429
1 17 5.380610
1 21 14.996775
1 39 2.366387
1 42 17.060411
1 45 6.614378
1 80 3.216915
1 84 16.207134
1 106 13.015227
1 137 2.901357
1 168 18.129924
1 194 17.577143
1 202 12.026846
1 257 10.074713
1 295 3.883610
1 369 3.667891
1 398 11.037397
1 423 4.228457
1 477 8.053854
1 497 18.022570
1 501 3.987955
1 510 2.485710
1 531 2.291141
1 532 4.008079
1 699 13.730702
1 793 12.482459
2 8 14.950471
2 19 12.134561
2 37 14.031767
2 63 8.748843
2 99 14.154906
2 123 2.058241
2 176 7.341115
2 179 1.436907
2 221 17.798247
2 227 7.883813
2 253 11.252992
2 286 6.016148
2 293 11.180066
2 310 16.753828
2 314 19.825365
2 369 6.646093
2 427 19.032883
2 438 13.048856
2 453 12.670945
2 489 17.845225
2 492 15.846006
2 644 12.159624
2 647 12.466870
2 697 10.290088
2 709 15.747207
2 761 19.075372
3 4 15.180119
3 6 6.785980
3 7 2.504598
3 14 15.518989
3 15 10.825799
3 17 11.852302
3 19 15.130042
3 24 19.426152
3 31 7.360651
3 52 15.273021
3 56 9.699451
3 57 19.577076
3 62 9.390732
3 79 18.230538
3 109 10.890396
3 134 12.894274
3 150 15.220307
3 165 14.634889
3 191 13.935393
3 203 14.747214
3 211 9.836700
3 213 5.851272
3 222 6.510970
3 231 17.694767
3 236 13.634464
3 250 9.188046
3 257 18.111342
3 261 5.497512
3 267 12.250399
3 348 3.511410
3 359 14.157635
3 367 13.561771
3 440 18.961519
3 496 11.073801
3 519 11.957556
3 535 4.215734
3 619 5.672710
3 624 17.604885
4 5 14.214907
4 11 13.195205
4 22 1.193492
4 26 5.908724
4 30 12.702999
4 34 1.570670
4 39 8.269256
4 47 19.183820
4 54 6.273438
4 55 16.789213
4 68 5.942067
4 78 12.421761
4 112 18.344889
4 127 16.633482
4 128 5.918158
4 154 1.739148
4 210 1.747870
4 264 13.135208
4 270 3.108562
4 307 8.021916
4 435 19.126785
4 436 10.707261
4 439 7.350106
4 509 12.457777
4 535 3.302474
4 553 10.022591
4 616 7.905899
4 635 15.595908
4 663 2.637517
4 666 8.742658
4 714 16.201468
4 736 9.430577
5 9 15.988146
5 28 4.176093
5 44 14.928759
5 62 10.783914
5 66 18.742060
5 68 10.873140
5 71 13.237409
5 74 16.918614
5 87 10.148559
5 105 16.761820
5 116 11.790146
5 120 9.401279
5 127 13.266394
5 141 9.162925
5 144 12.372501
5 147 12.949851
5 155 4.265649
5 236 7.313523
5 280 5.885251
5 285 1.943224
5 329 8.267535
5 366 13.054452
5 380 6.993568
5 394 12.160092
5 463 17.535685
5 472 12.370725
5 474 5.572117
5 548 4.631076
5 692 7.253005
5 707 13.257223
5 723 2.933529
5 726 1.179805
5 794 16.351095
6 7 11.491994
6 13 7.080498
6 18 10.010013
6 31 19.434610
6 38 2.458597
6 63 6.686458
6 83 13.575432
6 92 2.940952
6 94 3.304807
6 97 2.148056
6 145 9.641633
6 152 6.152464
6 153 15.818424
6 169 18.458248
6 186 2.333845
6 300 11.556528
6 306 9.119198
6 315 18.255548
6 342 10.092587
6 374 16.173752
6 376 3.707241
6 405 1.949965
6 441 3.763551
6 472 6.659079
6 500 14.194931
6 527 16.702527
6 547 8.822450
6 565 16.357159
6 675 15.238915
7 8 13.657051
7 10 17.951422
7 29 11.490974
7 37 15.558877
7 50 15.924260
7 52 19.000146
7 97 18.329003
7 102 4.977315
7 130 10.816192
7 206 12.960018
7 281 18.011344
7 371 8.665369
7 396 11.486459
7 718 16.347893
7 750 7.148995
8 9 2.879970
8 21 4.044263
8 27 18.932256
8 32 1.403527
8 90 19.335664
8 110 8.838715
8 146 3.960942
8 249 16.645194
8 282 11.374348
8 354 9.651805
8 391 12.083526
8 414 18.737235
8 446 14.902437
8 605 17.554511
8 713 10.312445
8 766 4.912988
8 782 5.356776
9 11 18.281884
9 12 11.563091
9 16 16.338185
9 20 19.971968
9 33 1.271432
9 36 7.589817
9 55 3.095479
9 60 12.890594
9 73 19.843570
9 92 3.419214
9 118 6.328722
9 166 5.782231
9 196 14.594161
9 221 16.797585
9 223 1.902223
9 225 2.717158
9 235 17.125656
9 245 16.396259
9 309 13.387722
9 334 18.580642
9 339 4.805058
9 341 16.919277
9 361 7.538217
9 407 12.104214
9 438 14.655402
9 530 1.146484
9 638 5.544468
9 659 6.201673
9 662 12.128272
9 669 11.988038
9 729 11.293526
10 16 1.256906
10 25 11.722169
10 35 16.055387
10 165 12.117188
10 254 14.618666
10 356 19.866059
10 522 19.043896
10 704 14.331091
11 18 4.889800
11 46 14.014864
11 86 11.953825
11 124 15.197733
11 125 7.188704
11 143 8.761646
11 346 19.396317
11 651 7.328411
11 682 13.618890
12 167 4.403894
12 213 17.374733
12 266 2.138190
12 504 16.812005
12 545 17.055818
12 575 13.905963
12 584 15.506763
12 791 18.036103
13 424 18.470850
13 477 2.686958
14 15 1.632980
14 46 2.781014
14 48 6.992159
14 67 4.281016
14 72 8.146858
14 76 17.785081
14 111 11.254515
14 114 12.005137
14 118 3.194009
14 121 13.466856
14 122 11.390945
14 163 11.181361
14 188 11.957794
14 250 5.496006
14 270 10.604050
14 294 15.974936
14 302 13.655853
14 376 12.723562
14 417 3.291748
14 439 8.443415
14 444 18.829687
14 463 6.891250
14 474 19.179341
14 498 15.680169
14 686 16.170347
14 690 10.694003
14 722 15.193164
14 741 6.299362
14 764 10.176032
14 775 5.899052
15 58 19.708621
15 105 3.919225
15 175 18.254574
15 177 11.658365
15 182 15.064351
15 326 4.004033
15 400 19.773693
15 432 15.997568
15 586 11.139253
15 708 5.879350
16 23 14.129191
16 26 15.989656
16 27 14.983269
16 28 12.094953
16 29 11.026224
16 36 13.216744
16 43 14.209867
16 77 15.989539
16 133 1.854314
16 135 7.836771
16 157 16.437008
16 162 10.512553
16 237 6.892488
16 239 14.876065
16 259 11.563449
16 278 16.616501
16 357 9.598477
16 371 17.260310
16 462 7.801551
16 543 18.727543
16 664 8.934614
16 752 4.176513
16 788 16.732354
17 38 18.465913
17 136 18.805969
17 140 6.345624
17 179 13.769962
17 183 7.709539
17 283 9.047916
17 295 11.301015
17 306 18.969813
17 317 6.237894
17 515 4.330521
17 523 14.381098
17 557 9.121992
17 568 16.249787
17 587 18.187201
17 597 2.424701
18 56 12.189524
18 318 19.289078
18 506 2.520466
19 20 6.235818
19 22 9.206378
19 23 5.550985
19 32 19.775388
19 33 15.139521
19 61 5.657678
19 102 9.539491
19 104 8.603711
19 131 4.862870
19 170 6.340273
19 171 17.137117
19 174 9.995789
19 204 5.189815
19 266 8.302362
19 330 7.126527
19 424 12.405701
19 593 19.765484
19 760 9.510785
19 773 10.887994
19 786 18.512504
20 486 3.403243
21 25 13.503978
21 41 12.340163
21 49 8.691661
21 101 19.887016
21 117 8.693959
21 151 2.685224
21 242 17.825595
21 274 1.609736
21 286 14.220839
21 324 6.421041
21 350 6.792322
21 370 2.462489
21 390 11.764788
21 411 9.413671
21 468 16.518791
21 545 13.048766
21 550 6.215484
21 653 15.375023
21 753 8.624870
22 35 8.675331
22 42 13.125682
22 78 13.529351
22 82 18.127112
22 115 4.524053
22 139 11.936463
22 148 7.788373
22 150 7.471563
22 156 10.021089
22 238 9.380471
22 254 11.892693
22 272 4.709434
22 302 15.625741
22 335 7.238702
22 346 9.091329
22 349 1.995600
22 389 10.912819
22 433 17.756899
22 475 19.446599
22 652 7.635713
22 663 8.411086
22 691 12.435480
22 739 10.665751
23 24 4.184817
23 30 13.751775
23 43 14.936883
23 51 2.494158
23 61 9.937034
23 72 15.082053
23 83 15.008638
23 128 14.561915
23 206 6.179484
23 209 11.648840
23 316 4.828729
23 357 10.130690
23 360 10.941292
23 461 3.419960
23 591 14.397975
23 620 3.286570
23 635 18.299900
23 641 3.045759
23 650 12.763205
23 791 18.420675
24 57 18.175262
24 119 15.579838
24 185 2.621029
24 247 1.905346
24 268 19.215962
24 387 17.415458
24 451 13.654140
24 534 6.890526
24 537 11.662258
24 660 11.756651
24 716 18.433863
24 730 18.289821
25 40 11.763867
25 94 1.986120
25 119 9.621036
25 419 12.009219
25 518 15.629918
26 47 7.464544
26 59 17.869644
26 139 10.883985
26 147 7.253610
26 365 8.696724
26 514 6.004143
26 742 2.079982
27 67 18.578677
27 138 6.533853
28 96 2.604110
28 217 18.635921
28 337 6.217794
28 630 11.575842
29 396 6.866616
29 455 11.394242
30 111 2.065010
30 540 1.142652
30 698 19.601401
31 41 13.099599
31 54 18.856512
31 86 19.329805
31 101 10.352473
31 114 13.293030
31 126 1.897809
31 249 12.089092
31 263 4.890446
31 341 2.504430
31 402 19.681581
31 514 13.376996
31 546 2.299222
31 596 8.406606
31 678 19.824469
32 122 17.191736
32 233 8.666606
32 269 18.263752
32 468 7.865121
32 538 17.606564
33 34 6.089147
33 45 9.208535
33 48 1.043735
33 53 9.993372
33 69 19.087445
33 75 12.494113
33 89 14.535769
33 91 13.109608
33 98 7.578448
33 120 10.689673
33 124 2.053019
33 153 19.842129
33 197 5.050787
33 235 18.676318
33 283 4.679211
33 284 5.249107
33 457 15.005005
33 502 19.928077
33 503 11.748999
33 633 12.281147
33 702 8.330070
34 75 12.066374
34 76 9.662601
34 303 11.682251
34 393 13.083555
35 51 3.182598
35 160 2.097840
35 193 18.171073
35 216 16.104404
35 434 11.618021
35 496 2.576502
36 133 3.513345
36 351 5.576989
36 567 18.951252
37 131 14.899103
37 174 1.229386
37 184 5.435419
37 591 5.570195
37 701 16.659816
38 207 2.592171
39 50 11.179137
39 278 1.874678
39 451 2.429768
39 671 6.526738
40 53 8.555272
40 70 6.741274
40 79 16.007960
40 198 11.613014
40 224 2.647282
40 239 14.174071
40 241 15.013980
40 375 5.873325
40 400 3.255134
40 574 17.330081
40 581 17.005115
40 613 12.427216
41 44 4.371704
41 49 5.272192
41 58 4.133148
41 104 18.571785
41 152 19.325132
41 229 16.037386
41 322 5.802238
41 380 14.205956
41 507 13.767889
41 570 14.447120
42 162 3.955693
42 170 3.816534
42 199 1.831506
43 59 15.120920
43 60 4.567098
43 81 9.869585
43 291 14.829099
43 299 10.149970
43 446 2.564407
43 459 3.076105
44 95 16.364064
44 155 10.621049
44 521 16.595329
44 603 16.417395
45 310 13.197100
45 456 3.119710
46 65 1.240429
46 161 4.705326
46 181 2.226198
46 288 19.835268
46 321 3.947612
46 434 10.939761
46 615 6.582305
47 85 8.719451
47 98 19.546304
47 107 3.921036
47 177 13.957154
47 218 10.123018
47 503 9.518153
48 163 11.957640
48 193 6.916023
48 212 3.497804
48 274 9.615783
48 356 13.693843
48 360 15.121100
48 494 10.994407
49 65 14.236454
49 80 16.141869
49 126 15.396446
49 173 5.592419
49 200 10.222493
49 215 10.288936
49 311 18.916966
49 323 3.430429
49 352 18.707281
49 407 2.346935
49 413 19.110909
49 495 13.056376
49 561 2.176788
49 579 2.234657
49 656 18.897991
49 683 4.359939
50 108 4.567956
50 149 10.360649
50 168 11.530655
50 464 5.536461
51 93 15.164837
51 100 8.885796
51 109 19.678924
51 200 5.443825
51 313 8.566102
51 460 2.765209
51 595 14.908111
51 762 18.204997
52 187 10.402573
52 192 7.752025
52 256 13.049640
52 544 10.395347
52 562 2.701407
52 721 19.728836
53 185 6.468228
53 196 16.213512
53 210 15.108746
53 358 8.181093
53 541 13.660343
54 64 2.328970
54 69 1.575436
54 224 12.916092
54 237 6.336389
54 293 16.120684
54 361 12.508729
54 368 2.982390
54 409 2.863519
54 436 16.755923
54 440 5.201976
54 536 5.245077
54 582 2.411860
55 397 18.495098
55 556 15.988815
56 88 4.133335
56 90 2.510463
56 132 5.063802
57 66 12.139136
57 70 6.584561
57 74 4.192367
57 87 8.229645
57 159 17.091303
57 164 6.324801
57 225 3.375304
57 272 9.543468
57 301 11.294684
57 399 17.937134
57 485 15.827123
57 670 6.071357
57 760 18.882662
58 113 9.591652
58 365 14.622919
58 373 17.067824
58 388 8.836727
59 64 14.838475
59 81 7.736490
59 84 18.388736
59 106 8.388228
59 183 16.026529
59 222 14.926213
59 327 10.368958
59 381 12.070088
59 687 9.723294
59 712 11.932919
59 771 3.703502
60 243 19.271990
60 264 4.830751
60 318 11.381538
60 367 5.165853
60 510 10.619992
60 513 9.449739
60 640 13.431436
60 785 19.714263
60 792 3.384693
61 115 18.588569
61 116 13.283713
61 148 18.236216
61 186 8.444115
61 273 6.191294
61 289 14.183750
61 445 3.379538
61 533 15.703060
61 586 5.952323
62 230 17.140154
63 145 10.448790
63 158 14.676302
63 211 10.414418
63 490 11.776984
64 110 19.207364
64 480 16.011158
64 616 12.909656
65 73 9.357116
65 378 17.757254
65 626 15.802900
66 88 16.573707
66 107 10.097685
66 296 3.174511
66 313 5.979986
66 539 4.179990
66 677 12.387791
67 167 3.969847
67 201 1.252635
67 397 11.338130
67 570 13.638689
68 327 1.011181
69 77 10.608635
69 268 17.929532
69 525 18.976547
70 71 17.646902
70 95 19.050945
70 100 5.703662
70 125 6.069385
70 146 12.852738
70 311 2.756966
71 255 4.919682
71 309 13.401279
72 140 7.188615
72 160 18.595688
72 277 14.265590
72 417 5.320735
72 458 7.396157
72 523 11.578516
73 220 17.395711
73 680 11.465615
74 112 19.265052
74 198 16.480590
74 374 2.412764
74 781 19.384959
75 192 17.239565
75 212 6.462207
75 531 2.463338
75 631 12.064619
75 751 5.090471
75 793 1.889059
76 93 9.802562
76 96 14.494056
76 113 1.852611
76 182 4.749422
76 233 17.948436
76 317 19.494707
76 319 4.132793
76 392 5.766249
76 482 3.628752
76 495 6.451986
76 599 7.824358
76 650 15.989362
76 666 11.384510
76 700 15.849414
77 279 4.470059
77 499 19.492209
78 348 11.842005
79 134 1.736528
79 203 4.472976
79 398 3.697591
79 452 7.706491
80 512 5.896473
80 578 1.514362
80 637 2.685615
80 737 12.148098
81 103 2.957198
81 493 5.710329
81 534 13.615430
81 637 2.254579
82 426 18.170964
82 537 19.835512
83 173 11.324951
83 202 16.761199
83 265 15.381790
83 287 3.350591
83 297 12.436610
83 431 14.027324
83 583 11.478879
84 331 10.382339
85 89 2.818318
85 123 4.444026
85 130 16.861566
85 276 11.062964
85 408 7.906603
85 448 6.580222
85 563 11.428689
85 693 14.927945
86 129 2.217508
86 151 15.609720
86 405 14.293315
86 646 2.757984
86 790 11.504376
87 117 3.403186
87 171 13.362488
87 172 14.911993
87 217 3.331011
87 219 12.708549
87 437 4.387675
87 466 13.807798
87 558 19.408173
88 132 4.708697
88 143 9.473539
88 275 10.523496
88 465 4.873349
88 572 17.944751
88 665 2.737635
88 754 1.259861
89 103 17.592424
89 180 10.865444
89 352 2.084068
90 176 5.471320
90 471 1.707741
90 476 11.382439
90 676 13.091294
90 725 4.271123
91 99 11.032735
91 227 3.930278
91 410 8.999617
91 491 10.016287
91 497 18.510175
91 528 3.382773
91 661 4.529093
92 263 2.013821
93 228 5.482412
93 375 15.363707
93 711 7.984480
94 172 7.042237
94 742 14.112992
95 135 14.376073
95 267 15.985254
95 427 10.842618
96 136 17.451368
96 142 12.244144
96 226 13.752562
96 260 19.782927
96 441 1.422460
96 469 13.454777
96 541 11.161162
96 653 3.947446
99 333 3.622656
99 532 6.437070
100 166 19.986130
100 219 6.714317
100 325 10.297174
100 350 17.301175
100 557 2.959695
100 651 1.130306
100 710 2.669217
102 138 12.042890
102 149 11.628532
102 255 14.495313
102 504 7.175105
102 555 18.686163
104 187 13.137546
104 345 12.421829
104 652 7.080699
105 465 12.420937
105 555 8.310085
105 756 6.264159
106 214 17.974301
106 234 19.457457
106 285 13.093722
106 296 1.970401
107 144 5.639472
107 527 3.545819
108 169 17.379129
108 190 8.557307
108 344 5.026214
108 445 9.658925
109 486 11.691039
111 141 6.406324
111 232 16.749906
111 429 11.392990
111 539 4.562581
111 588 19.051822
111 658 14.395168
111 709 18.190625
111 764 8.860279
111 787 12.302172
112 189 9.403638
112 260 1.309952
112 404 7.414383
112 480 7.989733
112 630 9.719538
113 232 11.505033
114 421 18.380676
114 790 15.240362
116 447 17.559799
116 597 7.364341
116 745 11.196845
117 156 10.151765
117 473 10.082406
117 478 13.047385
117 516 6.933754
117 672 4.868555
118 157 3.770492
118 190 1.659108
118 328 12.305404
118 345 11.700198
118 395 13.049281
118 452 12.744481
118 559 14.261513
118 576 12.759897
119 121 4.514488
119 154 3.309464
119 284 13.137385
119 422 12.014220
119 449 14.031962
119 487 5.733484
119 662 5.660886
120 258 17.083856
121 566 2.171995
123 373 10.551318
123 642 13.813066
126 188 10.070624
126 390 17.011765
126 470 16.775234
126 758 8.707058
127 164 17.246863
127 289 8.559970
127 607 13.820654
128 158 14.282129
128 253 10.021203
128 399 14.332589
129 384 17.673467
131 229 14.504936
131 279 19.723719
131 362 2.955950
131 425 15.507516
131 602 15.806410
131 703 11.181826
132 181 6.568536
132 223 15.406240
132 749 8.958217
133 305 3.564782
133 775 4.370861
134 419 8.180010
134 469 3.235147
134 571 19.407324
134 588 10.374090
135 208 19.427628
135 215 14.751586
135 420 14.073354
135 462 10.284215
135 488 19.577370
135 772 2.200786
136 189 9.231290
136 218 12.537545
137 241 2.857153
137 669 16.787048
137 747 3.628921
138 216 18.119649
138 429 15.974343
138 735 5.855547
139 454 17.236001
140 142 15.532322
140 248 9.432943
140 594 2.713768
140 617 7.179661
140 645 11.895667
141 191 2.144286
141 340 8.594549
142 197 8.721390
143 385 13.799272
144 449 1.731325
144 587 18.879841
145 287 15.288638
146 220 7.596096
146 382 3.844528
146 385 14.853966
146 533 2.156963
146 566 12.882834
146 727 6.174750
147 184 8.816085
147 391 6.170798
148 175 2.380440
150 207 18.757549
150 363 6.298597
150 560 6.302576
150 585 3.033557
151 159 18.158012
151 228 7.258269
151 280 11.266657
151 319 3.456242
151 338 1.340720
151 403 8.884881
151 483 8.568096
152 720 19.616640
154 161 7.098590
154 583 16.732701
154 593 14.554097
155 277 12.545449
155 368 1.655339
155 780 7.237491
158 195 1.363974
158 747 14.249845
159 364 10.265418
159 404 12.150896
160 298 18.303892
160 490 4.365625
161 178 2.566864
161 580 12.796591
161 783 14.407233
164 209 19.252021
164 231 17.241363
164 300 1.942282
164 773 15.364813
164 796 6.386789
165 178 3.767809
165 520 9.485998
166 409 9.680685
167 788 17.195972
167 789 16.920057
168 728 8.206657
169 240 4.281266
169 466 2.631071
169 590 5.091750
169 738 17.717647
170 238 13.348568
170 320 14.205567
171 180 1.575642
171 347 2.910643
171 488 2.150003
171 676 17.102048
172 291 15.738813
172 483 5.298827
173 199 1.527873
173 684 16.945268
173 741 15.894665
174 194 9.352485
174 269 16.391864
174 276 11.914213
174 299 2.079495
174 437 14.140680
174 442 13.581766
174 734 7.598465
175 226 14.069169
175 633 4.269161
175 757 3.445789
176 251 6.609343
176 271 17.766867
176 770 12.845245
177 201 15.644737
177 456 17.687672
177 481 19.503067
177 654 18.529811
178 208 6.667960
179 307 1.345947
179 797 4.287359
180 343 6.179218
181 214 13.285271
181 273 3.314729
181 410 5.331930
181 426 15.535201
181 596 4.760697
182 258 7.024927
184 204 10.767468
185 799 4.191754
186 475 13.038385
187 338 17.110534
188 601 10.763624
189 353 12.529805
189 476 15.105794
189 526 13.656937
190 333 2.583655
190 443 17.279667
190 455 4.011755
190 605 14.192063
190 606 19.129677
191 247 9.558943
191 331 4.001831
191 567 19.810811
192 195 18.230718
192 246 5.011267
192 288 4.662322
192 323 1.970549
192 332 19.508714
192 479 5.986520
193 251 14.087923
193 343 1.294832
193 347 19.160663
194 240 8.059861
196 234 8.498862
196 321 15.162261
197 392 18.383152
197 604 16.423047
197 620 3.006088
198 262 2.786903
198 328 15.896001
198 354 12.878186
198 447 15.283615
198 590 3.109816
198 647 5.352369
198 697 17.137573
199 205 19.314799
199 304 17.913218
199 772 15.506301
200 569 5.042374
203 252 2.723172
203 342 5.898531
203 403 7.838564
203 406 8.853538
203 554 7.785486
203 795 4.511977
204 432 15.508605
204 530 10.216066
206 244 15.769080
206 298 13.767768
207 271 11.142433
207 308 8.908188
207 326 18.588598
207 552 8.747807
209 282 12.402113
210 246 14.662547
210 529 4.388946
210 779 3.138706
211 301 7.980240
211 308 19.447380
211 322 9.685945
211 339 1.345565
211 355 11.008046
211 364 6.163900
211 418 14.731470
211 547 15.095736
211 600 14.852699
211 621 15.950247
211 627 17.640895
211 752 7.997691
211 778 16.666174
213 315 8.752614
213 381 18.365727
213 412 19.693315
213 705 8.877776
214 336 17.173117
214 522 17.512525
214 717 16.806662
215 621 18.420425
217 511 2.765555
217 628 19.170119
217 668 6.936463
218 577 4.131004
218 602 6.828537
219 389 10.280159
220 259 2.796597
220 304 11.990974
221 265 6.503842
221 359 14.717162
221 414 13.128283
221 418 1.834969
222 242 17.864864
222 425 14.355043
222 467 2.043405
222 665 12.528041
223 230 12.371099
225 386 3.437811
225 658 14.115989
226 623 9.923128
227 261 9.088794
227 696 4.452608
228 256 3.124983
228 686 10.042505
229 560 15.115827
229 755 17.325088
230 243 10.001386
234 248 8.917560
234 292 4.842574
234 334 11.933325
234 574 11.314717
234 796 18.254211
236 394 4.001166
236 506 15.028715
236 661 18.412465
236 677 14.365874
237 431 11.592003
237 499 6.324528
237 648 19.923169
238 388 2.748727
238 443 9.703046
238 750 10.241716
241 275 4.414040
241 297 12.922136
241 401 12.457157
241 561 3.204084
241 695 7.544996
242 378 5.739726
242 386 8.911114
243 428 11.090514
243 744 19.597940
244 312 10.154633
244 314 19.937993
244 598 16.241670
244 601 17.496111
245 592 16.659866
246 611 13.646298
247 252 19.215010
247 281 8.479534
248 292 8.658196
248 408 17.309334
248 771 1.660235
249 565 8.788872
251 316 17.023581
252 262 7.887716
252 435 1.218490
252 501 9.988396
252 558 14.245384
252 758 11.695996
253 550 18.882619
255 618 1.788895
256 340 9.384786
256 484 12.685671
256 684 2.841630
256 728 15.638626
258 377 10.616654
258 454 9.742213
258 479 4.668918
258 517 18.328964
259 458 13.912101
259 505 4.630298
259 612 12.800609
259 777 17.713711
260 395 12.778953
261 401 5.216277
261 739 18.402299
261 768 8.184330
262 387 4.025267
264 290 12.646005
265 325 16.774394
265 420 4.881148
265 509 1.313033
266 528 17.219187
266 763 3.948391
268 649 11.590968
269 572 1.042178
270 303 4.223001
270 349 7.576225
270 584 19.269687
271 422 9.090730
271 759 16.498674
272 305 16.662299
273 353 12.332522
274 464 18.958275
275 636 19.016037
276 421 1.755714
277 337 10.158456
277 494 14.417744
277 562 13.232423
277 592 8.174610
277 611 4.199062
277 627 17.704046
277 641 3.720859
277 691 12.945851
280 336 3.625231
280 577 15.471163
280 639 19.965392
281 615 16.726724
282 379 3.607389
282 498 18.137330
283 646 4.010780
285 710 19.421810
285 757 2.454468
286 667 6.433060
288 753 1.169014
290 695 8.856597
291 329 14.336235
291 536 12.318642
291 618 16.940399
292 659 19.166284
293 502 9.781537
293 674 6.639955
295 372 7.687360
295 763 12.719366
298 485 6.310634
298 487 7.106542
300 377 11.914426
300 521 17.022365
301 416 6.072134
301 575 15.455096
303 379 4.265445
303 416 5.091085
303 444 16.441571
303 571 4.135291
303 643 19.045153
305 657 15.417675
306 312 9.717179
306 324 15.141416
306 332 8.585755
310 335 8.164996
310 402 2.032066
311 798 5.389548
312 694 19.354292
314 358 14.271595
314 362 3.564025
314 363 11.370828
314 406 6.235051
314 515 5.566650
314 542 6.663077
314 556 4.976582
314 582 11.387077
314 636 10.744738
315 552 16.606811
316 351 16.485077
316 690 6.297679
317 720 10.353455
319 512 14.328390
319 543 14.590205
321 471 17.369478
321 484 6.762374
323 470 18.797839
323 706 8.257017
324 372 11.110583
324 382 2.156400
326 393 14.494959
326 731 13.320237
329 706 2.745929
332 640 18.302084
333 549 12.792012
334 625 14.671504
334 634 19.612426
335 610 17.026576
336 453 15.645833
336 492 1.150662
337 355 9.391265
337 366 9.674125
337 460 1.213000
337 654 4.607479
337 688 13.501239
340 415 1.822310
340 481 15.191830
340 520 9.505863
340 674 4.842254
343 430 10.049901
346 598 13.617964
346 735 18.771363
350 700 15.125792
351 491 10.341239
351 505 11.840662
351 548 4.918174
353 413 10.370669
354 383 6.645297
358 384 5.834008
358 643 3.764395
358 765 15.987131
359 467 18.958888
360 579 8.351468
361 489 14.755381
362 370 18.716597
362 542 16.088083
362 740 11.124333
363 594 14.970792
365 459 5.512991
366 732 7.632908
367 511 16.803196
367 655 17.952054
368 603 2.770067
369 768 15.122909
371 595 16.210585
373 559 3.773591
373 581 17.683564
374 433 15.908520
374 525 13.630667
377 473 14.106814
377 500 19.718730
378 540 11.152365
379 673 12.047423
382 519 1.331281
383 608 15.653606
383 642 16.637408
384 450 4.935632
384 508 15.584090
384 517 11.391808
386 715 9.965378
389 723 8.707583
393 412 1.564556
395 411 10.416072
396 507 13.372152
396 563 18.539024
396 589 7.799906
397 569 10.904588
397 726 6.933341
398 415 7.813351
398 682 8.749883
399 457 13.246286
399 622 14.588688
404 423 4.101946
406 478 10.014911
406 625 9.756900
407 450 10.046942
407 629 3.758044
408 493 14.013473
409 795 14.036271
413 448 19.148701
413 589 19.668300
413 708 5.527524
413 736 4.132394
414 442 3.365682
414 578 8.433959
417 610 19.876156
417 679 6.172375
418 774 13.359877
421 461 12.627595
423 428 2.664280
426 430 1.334614
427 546 13.022742
427 632 6.139131
427 656 1.182709
427 688 3.086289
427 779 7.678185
428 551 12.684442
428 612 1.401033
429 513 9.911202
429 667 2.245374
431 756 15.017634
434 746 3.950039
435 681 18.675392
436 529 14.898063
440 681 19.073329
441 526 7.809173
441 711 15.032520
443 482 14.884074
447 606 10.721679
449 551 6.169840
449 754 7.518582
452 705 11.118354
453 745 14.629309
454 762 15.479216
455 568 10.458102
455 765 4.545639
456 538 15.373306
460 774 3.994138
461 619 12.881057
461 649 19.628711
466 733 15.031582
471 622 15.396714
473 623 18.437811
475 766 17.424711
476 549 12.078199
476 730 14.489252
477 632 16.244661
478 704 7.475178
480 626 16.198328
480 727 8.122241
480 738 8.652342
480 786 7.346695
482 748 8.154311
483 660 4.251103
485 524 19.489086
485 564 15.782839
485 599 13.595987
485 743 17.533229
486 638 13.467917
486 722 19.302561
487 794 19.549601
488 702 4.403195
489 508 7.943770
489 724 17.650173
490 798 1.786446
491 721 17.738454
493 648 7.700852
494 617 12.205371
494 624 11.606846
496 769 15.131905
497 657 1.708328
499 609 7.175875
507 518 17.472283
507 573 4.812550
507 576 14.115740
509 516 16.454132
509 554 6.558057
509 678 19.301819
511 609 2.879917
512 600 6.835034
514 573 13.647219
514 683 12.287123
516 580 3.909042
517 553 16.758782
520 613 16.032676
520 614 12.046939
521 719 11.050679
523 687 13.256631
525 713 3.562252
526 693 10.186271
531 689 18.442755
541 544 10.099248
541 664 14.771668
542 707 9.276038
544 634 1.519005
545 631 9.576064
546 564 14.663440
547 699 7.511072
548 731 8.844425
548 759 14.789358
548 767 3.410253
551 672 15.934352
552 671 14.456346
552 698 16.435580
558 799 2.718236
566 734 6.768741
567 744 14.531018
568 639 6.606463
569 608 1.404053
575 607 7.058949
576 694 12.196085
579 792 11.943129
582 655 19.516479
583 614 10.594420
585 717 14.793760
585 780 17.007576
592 675 7.172047
592 679 10.782951
594 629 2.102012
595 729 14.667629
597 604 15.041142
602 767 11.421574
604 712 12.505252
604 725 14.666990
605 719 18.683273
615 645 9.132254
616 718 19.292645
617 784 11.095645
619 628 9.306857
628 692 9.083142
629 673 13.248092
632 689 18.566626
633 755 18.261393
634 733 14.155923
634 785 3.360029
635 778 15.906860
638 644 15.063203
638 781 16.211660
640 685 10.720785
641 751 11.778927
642 680 15.761700
649 670 13.137397
651 746 15.986659
653 701 1.510772
657 668 9.950838
660 743 13.828293
661 714 13.883363
662 740 13.891279
667 737 17.644949
667 784 8.106780
670 696 19.136964
670 703 16.972594
673 715 12.505119
678 748 11.615403
683 716 13.027061
683 724 17.622838
720 782 9.885132
724 749 6.798210
724 787 13.505152
725 732 19.693281
729 797 9.485579
741 761 10.349505
746 776 16.377657
748 783 7.135728
753 789 7.817053
759 769 8.680621
761 776 8.871655
762 770 5.623265
770 777 8.952801
22.499419 16.614973 15.512285 10.074083 15.051759 6.140072 13.729884 11.785957 24.146728 20.151883 5.392543 20.220063 20.924797 24.124180 15.003212 21.003412 8.974624 16.515903 8.391840 12.600206 10.295392 21.968901 9.382896 22.946004 19.084627 10.229393 12.594003 17.899432 14.781084 12.277963 5.165572 20.626664 18.151163 12.231053 22.482556 19.236433 13.961398 13.264626 6.813211 20.215362 7.282650 7.759750 12.640640 20.808036 24.849318 22.961675 18.181273 23.883896 21.574619 14.227297 10.672936 16.463479 15.545763 5.866253 7.314375 7.427117 15.910007 21.501497 9.085431 23.979681 19.363234 6.724927 14.357284 15.638128 11.008585 22.083083 5.396718 13.074660 20.180963 10.012227 7.426331 15.448305 6.249440 21.527241 15.660998 21.619578 12.321868 10.484059 24.899758 22.482587 15.621906 20.369563 22.681766 17.310273 8.480861 6.887818 19.863139 9.457156 22.661438 9.973685 16.417375 19.544323 14.259979 13.623464 20.051624 23.662649 11.590502 21.644713 7.037154 10.004594 5.255865 19.753875 10.853867 16.975708 7.106780 16.578192 7.913846 15.613074 24.441417 18.921423 9.906672 18.200438 13.981266 10.357365 16.539489 14.893501 7.900941 14.163108 19.351264 20.039359 21.539869 23.200677 10.642769 18.617156 19.290123 12.737905 22.349909 22.194958 14.219386 6.671195 6.386022 23.242048 6.660056 16.584643 11.010634 15.214088 5.085787 6.006016 22.420293 9.407618 5.764978 7.338816 24.980916 24.343060 16.977021 8.701726 9.855000 10.190618 7.330699 8.675997 13.815484 11.856364 23.204988 7.033800 17.570893 23.257308 19.205126 14.950394 21.828629 17.825465 5.993089 17.650001 21.466152 23.352273 14.676619 6.744625 23.994737 21.576848 8.654543 12.309209 11.931219 8.025392 22.822583 17.057763 22.577421 14.613703 7.787841 5.423193 22.862439 17.714102 7.790755 15.983648 11.511739 15.154762 18.582564 16.188156 22.671021 20.003671 12.272757 8.060598 16.719806 8.500192 12.102950 15.954522 24.370558 10.402712 17.648968 8.584018 24.660876 21.279682 24.604334 9.218603 16.740543 19.009752 8.057236 15.078084 14.988315 22.907751 23.003802 24.915603 10.055458 14.277942 13.879593 14.477199 23.683827 20.708601 5.766540 5.562628 24.987214 20.981189 12.039642 8.025514 22.039728 13.161581 24.755141 12.567777 11.412457 15.488883 19.042416 11.990524 14.229885 14.014495 7.807646 14.185201 11.823801 24.904826 21.275663 8.956440 5.975513 7.505065 23.983485 9.300951 16.275052 24.060055 9.194899 16.975375 8.382815 5.762629 8.894106 18.307803 19.330576 19.957072 21.394180 13.367373 7.799565 21.966427 21.517466 7.561409 22.502186 11.668770 22.289208 20.674106 9.287236 16.303107 23.220916 19.290320 15.982935 20.593250 13.790450 17.941729 11.583690 9.072944 7.079569 21.067655 6.353557 5.297573 21.508595 19.239238 16.120256 22.889188 19.468442 18.251855 18.449659 13.711210 8.123720 19.831708 14.870100 16.228569 16.984024 17.163306 18.662470 13.640098 8.317923 6.135292 21.736203 11.991648 24.212958 13.312980 19.954726 10.749966 15.249587 6.212706 22.825103 10.286618 19.024604 18.940711 21.272935 14.228219 23.457440 19.283094 10.263687 8.707379 13.509581 10.931807 23.958978 13.780905 15.770386 19.360300 5.724928 9.009957 13.579219 15.932557 21.718964 10.308641 13.092005 7.051162 5.446850 5.081912 6.213411 5.028152 5.399530 24.091334 21.215340 5.803961 6.984945 18.276091 20.713685 24.002742 13.997914 8.528401 10.616859 12.135637 11.555992 12.971197 9.360085 14.579096 8.268656 22.675863 6.726740 23.266019 9.534157 15.298627 12.141886 8.224835 7.273998 14.133526 7.073510 15.968565 14.407649 17.107078 14.383994 10.566091 13.937144 24.052824 14.392689 21.740802 20.499910 12.491597 16.510895 8.693331 21.519652 15.611906 21.734160 23.351880 12.447224 22.685308 7.736263 18.967994 18.950338 5.959503 15.564133 19.431628 21.496209 9.877156 19.132800 15.949841 6.278078 17.764512 22.146131 17.964179 9.905732 7.332192 20.143531 9.454988 21.278947 17.146361 23.650694 11.801351 5.110810 9.945049 19.991399 15.097494 10.351831 23.640103 5.505394 20.032128 17.069093 14.384504 8.387156 18.514894 14.627716 11.318049 8.777921 6.855225 21.140862 6.683822 10.129369 9.828908 8.565815 15.017388 5.340497 19.325009 22.134823 16.545101 6.735351 21.183006 14.342892 24.275692 8.214535 6.923410 19.818705 20.134113 22.561230 12.571373 5.999964 16.987589 17.025084 16.124157 23.907747 17.075077 10.568776 19.811995 15.184592 5.024382 23.498754 14.859279 19.419830 16.645377 11.658136 14.799065 11.851820 14.804470 8.283324 19.959992 7.112495 20.080457 7.581728 14.612752 24.398957 21.451244 14.479584 17.329410 11.862572 23.181062 19.824987 10.899420 5.188064 7.605300 11.154477 14.734353 19.915679 14.913724 19.109874 15.530552 22.664386 20.967474 10.456952 22.864903 9.536663 14.264305 14.740700 12.845957 12.924202 16.857674 14.615843 13.713393 14.679813 7.049642 16.838532 15.195121 12.231963 17.435473 8.188996 17.121952 10.677277 12.367205 7.920583 7.556991 5.731510 19.262375 24.788967 12.025043 19.169813 16.387861 9.591265 10.210882 17.429819 12.670108 14.140719 17.369871 23.364111 14.015218 18.133801 19.486955 24.565380 17.695905 21.075275 20.528214 21.519091 16.038847 19.155790 14.038005 20.700856 8.502148 9.486792 5.921024 19.084748 10.763909 7.436106 9.619543 11.083468 15.979097 10.041201 20.442204 8.079000 16.211025 14.441143 21.661338 15.300412 13.124642 19.693375 22.979360 13.264616 11.844680 23.137621 19.753428 10.074850 9.465450 18.636203 8.018794 6.199390 18.813588 19.179050 14.960400 9.734947 22.238236 15.756043 17.960885 22.800237 21.908881 19.108222 9.419732 7.875573 16.426979 17.970311 15.689235 19.522181 15.523749 15.390438 18.120327 15.363732 16.438340 10.482952 12.370965 6.917835 8.116780 9.786657 15.672029 12.272206 13.905967 15.794039 24.321923 23.500112 10.144373 17.656257 10.702435 19.005435 11.516628 6.285920 22.194532 16.409347 24.082832 11.891675 10.769886 8.726302 12.192042 23.521188 11.990653 5.974453 5.473906 6.959054 7.532677 24.516256 10.399898 10.538768 20.543675 17.479049 18.753547 6.205290 19.490375 18.655013 22.775518 22.762999 13.632653 13.674267 18.612885 23.067345 7.230333 17.799471 22.702877 24.994181 11.421755 24.317148 20.495358 12.429994 10.020184 24.282061 22.060454 18.337060 13.322134 6.520414 8.476329 6.471176 12.900778 5.722168 13.139644 9.527856 14.894313 23.593144 10.302618 12.322157 9.068110 15.413675 19.563350 10.716500 13.673411 23.288319 6.923797 16.017601 5.528254 22.624312 7.176635 23.743561 22.593229 17.991040 24.097288 12.089864 19.353795 7.212436 12.764215 5.327869 15.452841 14.313966 13.701335 8.485891 21.073814 15.510606 7.832949 14.272573 14.739646 24.709856 7.073049 21.463253 20.070006 16.496594 20.688527 19.942582 18.043053 12.954995 8.746904 12.368821 8.110153 8.345800 20.829080 23.150351 16.674052 8.491199 5.165242 23.190063 15.419573 24.268113 24.869998 5.696507 5.211934 5.230713 20.704216 10.304830 14.988856 23.410029 15.362832 14.588250 17.525939 14.216377 9.220791 8.392795 17.126985 15.605545 22.184181 16.517650 6.882007 23.848597 23.971205 22.403549 15.641955 24.088365 11.070675 24.972038 24.328803 23.105989 22.445839 19.655705 20.911205 5.282000 20.743496 17.781585 23.776583 19.843516 8.558394 14.962735 7.189191 19.066013 10.232413 9.817692 12.987380 10.811526 11.250650 23.754248 23.288059 10.030856 24.238443 18.169069 19.985185 19.742266 7.008056 14.813343 9.325238 21.970501 12.512054 13.962600 15.346972 18.676373 15.741501 24.423856 9.616204 16.495725 5.682436 7.875799 8.170972 24.804491 9.837993 19.674574 8.371804 7.664530 8.670125 19.525740 10.191879 9.967670 10.777558 21.961969 6.507367 24.983013 21.142800 17.407250 14.408771 15.518424 7.114218 5.131580 20.623461 7.653045 12.071589 6.815519 18.112406 8.757418 19.394907 12.061291 17.717949 11.345402 18.753664 12.341840 15.563482 14.202172 10.732468 17.107738 24.979065 11.535318 20.877941 11.484065 8.496405 24.773078 9.564357
53
218
0 4 2.458806
0 15 5.410460
0 18 6.621767
0 27 7.663030
0 30 2.947150
0 43 8.922466
1 2 8.398136
1 3 7.434478
1 21 3.608601
1 31 1.961703
1 36 4.107683
1 46 8.387192
1 50 2.782040
2 10 6.606841
2 17 2.299842
2 25 2.613296
2 32 9.463792
2 34 4.527099
2 38 5.984277
3 8 5.541058
3 9 8.532949
3 10 4.748141
3 19 6.204044
3 24 5.311832
3 36 5.372931
3 38 1.504134
4 9 8.030080
4 12 7.246767
4 18 7.754788
4 20 5.038102
4 23 7.381294
4 42 3.499039
4 44 4.602034
4 45 4.075605
4 51 9.678115
5 30 3.876313
5 32 4.516698
5 33 7.824605
5 42 2.291249
5 46 3.671596
5 47 8.546803
5 48 6.833459
6 17 7.568560
6 45 6.928371
6 50 6.944882
6 52 2.446224
7 18 4.676817
7 26 6.338591
7 29 9.108553
7 31 3.847975
7 52 6.932661
8 15 6.500556
8 25 7.832992
8 26 1.698544
8 28 1.478949
8 35 2.107608
8 40 9.257844
8 46 8.567608
8 47 9.502772
8 50 3.239069
9 22 2.458553
9 29 4.550258
9 36 2.954672
9 42 3.584082
9 47 7.219086
10 12 7.667454
10 15 8.188127
10 19 5.290022
10 21 1.191998
10 22 7.475512
10 23 9.118428
10 31 2.055322
10 35 4.470791
10 44 8.380365
10 48 7.018024
11 18 9.936625
11 24 6.010283
11 25 9.932315
11 26 7.089370
11 27 2.430511
11 28 4.579721
11 32 9.589661
11 41 5.932791
11 43 1.765694
12 39 8.021113
12 45 7.699363
13 20 1.469745
13 21 5.120062
13 31 8.359825
13 36 4.942231
13 38 1.704333
13 40 3.091583
13 41 9.583937
13 46 1.631882
13 50 7.499733
14 25 1.709876
14 27 6.704426
14 32 4.374674
14 33 5.138175
14 40 8.636892
14 49 4.372008
15 23 2.478915
15 32 1.893931
15 33 6.171742
15 40 6.614456
15 44 1.534021
15 45 1.869063
16 17 4.498265
16 23 8.851897
16 29 5.396263
16 30 8.483070
16 32 6.628982
16 38 9.050493
16 45 1.294057
16 47 4.351929
16 50 5.978664
16 52 8.458997
17 19 2.147893
17 31 9.208868
17 32 9.018257
17 36 9.878970
18 21 1.011806
18 23 1.849161
18 31 6.309490
18 32 8.381120
18 36 4.997940
18 43 2.805996
19 21 2.583696
19 22 9.552553
19 26 3.742461
19 27 1.972037
19 44 3.361429
19 45 4.995007
19 46 8.941077
20 29 7.462375
20 38 5.390447
20 39 6.716961
21 23 6.321052
21 34 1.324121
21 39 1.627299
21 40 9.675768
21 44 5.223222
22 25 7.336334
22 39 6.298467
22 40 8.372018
22 41 7.297579
22 44 4.732582
22 50 9.125963
23 40 1.771754
23 41 2.758330
24 28 1.782338
24 31 8.610098
24 39 5.693325
24 42 9.911261
24 45 3.053593
24 48 7.805174
25 38 9.624407
25 42 7.260525
25 51 4.700896
26 30 9.454178
26 32 4.617949
26 35 4.672071
26 50 7.809975
26 51 9.765593
27 41 9.164153
27 44 4.835770
27 45 8.620683
27 52 1.356360
28 33 5.006671
28 38 3.063839
28 40 9.699547
28 41 1.851156
28 46 1.782354
29 30 7.760892
29 34 5.313367
29 40 9.700126
29 44 6.734773
29 46 4.092582
30 49 3.654796
31 33 2.811405
31 35 5.464670
31 37 3.187798
31 39 4.627995
31 52 7.650244
32 33 5.525150
32 37 6.495063
32 51 2.798468
33 34 1.422533
33 40 6.806196
33 41 7.645653
34 37 5.803932
34 45 5.754905
34 46 7.490718
34 50 7.209675
35 38 2.261502
35 52 3.835809
36 37 7.183247
36 46 7.376493
37 40 4.436811
37 43 9.673261
38 42 2.975245
38 47 4.747136
38 48 9.078201
39 43 3.331784
39 49 2.518637
41 50 9.742459
42 48 2.945610
42 52 6.977546
43 44 3.337028
43 46 4.721089
43 47 5.411136
45 46 2.120843
45 47 4.883358
46 52 5.400338
47 49 3.403641
48 49 9.050660
49 51 5.217636
51 52 8.483758
274.391633 404.653425 420.006510 281.543777 301.693357 383.156295 329.608384 262.830928 381.520220 262.904696 366.054769 339.631049 299.677316 404.233391 504.722514 401.194027 384.541084 377.127198 398.188200 379.943578 374.261560 247.043392 412.358828 362.774455 262.154962 475.544909 343.300796 507.763679 244.210584 360.559101 255.823749 420.957260 288.672116 290.488200 506.318090 426.532500 294.331884 267.222651 298.358103 227.530654 351.210041 269.997185 323.747313 297.642270 382.747279 444.212340 353.758613 274.412873 327.915042 375.675169 326.420279 306.878581 287.299311
