900
1797
0 1 6.212243
0 2 11.973256
0 3 16.370650
0 4 19.507562
0 6 11.801734
0 10 2.338272
0 11 11.438186
0 13 3.577375
0 16 8.370489
0 17 16.878993
0 29 14.529265
0 32 2.929047
0 49 11.671073
0 50 17.844119
0 62 3.685918
0 65 16.335859
0 72 19.095729
0 76 10.419314
0 78 8.875841
0 120 5.664738
0 124 14.512786
0 155 1.344695
0 166 14.232563
0 168 10.114368
0 212 11.270706
0 228 16.682269
0 232 12.214751
0 253 10.153430
0 258 15.549576
0 283 14.435483
0 302 13.890805
0 306 8.560265
0 375 1.944498
0 418 10.297228
0 487 19.136945
0 509 17.064983
0 576 10.119248
0 609 1.527009
0 614 3.383020
0 674 14.461955
0 704 3.813162
0 706 15.497654
0 722 9.860586
0 725 8.888911
0 793 7.983161
0 849 2.645517
0 862 2.638776
1 2 6.282947
1 3 19.162100
1 10 3.031119
1 18 5.347605
1 28 3.687221
1 31 2.893579
1 56 8.357724
1 76 17.113990
1 105 14.903569
1 155 7.549689
1 198 15.927284
1 210 17.709966
1 225 17.008239
1 246 19.776180
1 247 10.565658
1 268 13.258945
1 288 2.717155
1 334 8.271869
1 539 13.228847
1 595 13.670520
1 612 5.136354
2 4 14.894409
2 6 4.476891
2 8 4.387391
2 16 17.673600
2 23 15.815259
2 25 7.924721
2 34 2.933406
2 35 17.975781
2 38 3.338831
2 42 8.458816
2 44 4.526806
2 48 1.855230
2 74 13.227983
2 78 6.354759
2 98 7.531812
2 107 13.960701
2 170 11.829409
2 191 10.931610
2 214 3.245256
2 216 16.434531
2 357 7.543745
2 400 8.439011
2 462 18.624151
2 562 3.430344
2 597 10.718437
2 635 17.546263
2 640 6.031002
2 662 2.932393
2 705 17.944250
2 813 11.727854
2 852 15.760610
3 5 13.335612
3 7 19.939205
3 12 14.064968
3 22 15.128332
3 57 7.720056
3 71 6.992931
3 88 17.503981
3 106 1.093381
3 126 5.396791
3 165 18.777954
3 175 7.137718
3 182 15.252933
3 195 10.853838
3 301 7.235795
3 318 16.191638
3 347 14.431817
3 364 9.023005
3 397 2.563306
3 406 1.435969
3 427 2.806273
3 434 16.757369
3 454 1.888830
3 455 11.110884
3 472 11.547151
3 473 11.864202
3 489 19.868018
3 576 11.291040
3 583 18.710222
3 585 16.812802
3 692 5.647343
3 721 19.267579
3 753 5.227793
3 764 10.473534
3 783 11.139244
3 796 3.957314
3 801 15.081574
3 816 16.476291
3 818 3.088236
3 887 13.282269
4 5 8.129883
4 9 5.182357
4 26 6.485760
4 33 3.140352
4 38 2.653995
4 47 10.198870
4 61 17.290048
4 106 17.344623
4 115 10.242551
4 157 7.551865
4 233 11.361556
4 322 19.794217
4 338 18.512859
4 373 7.630033
4 437 17.125148
4 697 14.913338
4 744 10.159857
5 7 8.947349
5 8 3.743131
5 22 12.621246
5 33 14.383720
5 36 13.098975
5 43 12.991741
5 48 17.705507
5 55 16.178945
5 63 19.582532
5 64 12.725279
5 75 17.247211
5 82 8.281229
5 105 8.838955
5 117 14.478287
5 169 18.234933
5 179 5.182269
5 213 14.140553
5 217 16.026550
5 260 12.282341
5 282 19.364139
5 295 4.681140
5 313 14.239009
5 320 17.161367
5 322 13.779675
5 327 18.831903
5 346 16.687169
5 372 11.938531
5 429 1.791636
5 435 17.844168
5 457 5.547452
5 596 1.576715
5 621 5.076519
5 628 18.891862
5 725 8.048427
5 769 16.660531
5 802 3.245801
5 805 14.233120
5 858 3.779125
5 867 14.436230
5 896 16.094160
6 14 10.821467
6 21 7.460783
6 67 11.737833
6 83 15.779537
6 99 2.385622
6 184 1.452134
6 450 3.548315
6 709 8.024019
6 719 6.195630
6 761 16.046625
6 791 6.184355
6 830 15.484711
7 11 19.447702
7 17 8.678602
7 19 10.920130
7 25 15.016836
7 134 1.234612
7 150 8.818870
7 237 5.881892
7 249 4.799860
7 280 13.835468
7 295 13.425221
7 336 8.514162
7 390 12.618378
7 449 9.852386
7 495 19.888747
7 512 10.378848
7 563 14.422898
7 688 19.206997
7 743 18.669524
8 9 18.665767
8 15 14.133940
8 20 15.457343
8 31 1.065719
8 50 17.818910
8 66 18.855123
8 80 2.453756
8 102 3.530265
8 126 12.194768
8 147 9.430423
8 151 2.551448
8 154 17.490254
8 177 7.061075
8 257 12.359944
8 315 6.182452
8 321 9.874022
8 363 9.603656
8 369 2.435978
8 380 19.552189
8 449 13.550267
8 451 8.642230
8 460 10.382725
8 511 14.843222
8 551 10.039781
8 617 15.772412
8 631 4.965452
8 657 16.658644
8 693 11.247855
9 12 12.336441
9 20 9.007728
9 24 17.977343
9 35 19.814479
9 54 14.314434
9 55 10.093889
9 69 14.313379
9 90 18.734058
9 104 6.302495
9 114 2.584352
9 125 8.636888
9 161 3.019067
9 173 1.115144
9 202 5.880176
9 238 18.814610
9 249 2.472813
9 261 2.804277
9 290 6.644514
9 320 12.931786
9 343 9.472065
9 396 5.332069
9 507 3.561108
9 520 3.506781
9 527 13.786893
9 556 11.097027
9 633 13.994378
9 665 6.778281
9 728 1.716515
9 772 4.492925
9 773 3.146151
9 819 3.010498
9 821 9.330724
9 824 15.134862
10 13 5.542938
10 133 5.056261
10 180 16.237323
10 233 5.790864
10 303 17.845094
10 429 2.679255
10 480 4.546783
10 509 5.288508
10 511 13.767185
10 513 1.580627
10 630 5.765697
10 653 14.812820
10 669 8.466939
11 14 13.998963
11 15 5.157885
11 18 4.125758
11 21 18.755162
11 37 7.908464
11 44 10.186907
11 108 13.815597
11 152 18.671917
11 193 3.457001
11 225 8.141764
11 264 3.931406
11 306 10.646494
11 309 17.513682
11 323 10.646380
11 370 10.901153
11 393 6.857821
11 464 15.117488
11 507 3.511517
11 618 12.182959
11 658 15.534108
11 683 18.234003
11 795 16.268638
11 804 3.639240
11 810 10.182510
12 64 18.225061
12 114 10.401744
12 182 5.424043
12 195 5.105559
12 282 9.225124
12 348 1.154503
12 838 10.947289
12 850 19.311473
13 30 9.604256
13 36 3.354547
13 52 14.096429
13 79 4.197267
13 172 4.458494
13 199 17.426246
13 252 16.602685
13 381 15.743309
13 567 14.242499
13 594 8.678504
13 626 5.775824
13 788 14.590605
13 879 6.532240
14 32 1.787770
14 53 4.293980
14 95 14.167840
14 104 18.073020
14 143 16.563525
14 425 8.437932
14 587 17.456099
15 19 7.835060
15 27 10.711960
15 43 6.801467
15 45 11.938234
15 54 19.458571
15 85 1.119795
15 92 6.374926
15 96 10.057550
15 113 15.460642
15 120 10.869877
15 142 1.846608
15 275 15.185156
15 304 4.205337
15 332 7.198587
15 340 19.523190
15 342 4.423166
15 344 19.169259
15 418 7.920545
15 520 13.319067
15 700 13.738490
15 703 17.081735
15 710 1.566191
15 824 19.623561
16 65 3.765807
16 99 4.534242
16 145 18.852801
16 310 7.975224
16 329 18.962730
16 402 16.430657
16 403 5.187700
16 419 2.492465
16 420 15.791518
16 426 12.637580
16 625 11.992038
17 52 6.846761
17 214 6.861721
17 259 4.194110
17 594 14.541738
18 27 14.669956
18 49 17.086622
18 89 12.733288
18 245 2.607446
18 348 14.649457
18 544 9.581027
18 655 11.004737
19 238 8.017116
19 269 18.967108
19 286 10.221754
19 325 7.476822
19 500 7.730204
19 848 13.825097
19 858 5.620028
19 878 2.267318
20 73 6.103847
20 464 15.221838
20 502 12.029818
20 732 5.802130
21 24 15.554948
21 26 19.737258
21 41 10.230723
21 68 10.398458
21 86 13.971167
21 92 10.494804
21 148 10.023901
21 183 17.715304
21 248 14.718616
21 266 16.505050
21 280 8.292903
21 305 3.090271
21 390 10.313844
21 401 12.061680
21 405 16.031790
21 580 4.904302
21 633 14.880038
21 862 3.064568
22 23 2.877367
22 30 11.396023
22 51 19.693110
22 61 1.318111
22 70 19.231915
22 80 13.173520
22 135 18.197777
22 147 4.727666
22 202 11.634165
22 340 14.651112
22 839 17.186698
23 115 18.307891
23 337 2.895356
23 869 13.505422
24 28 13.354659
24 29 9.792396
24 34 1.147270
24 41 14.832296
24 45 16.195482
24 46 1.693446
24 69 17.194895
24 77 13.613838
24 91 14.811282
24 108 6.548713
24 112 6.940093
24 122 8.913643
24 124 14.362471
24 172 11.171749
24 286 13.729388
24 394 6.785020
24 444 2.164222
24 481 8.066947
24 502 14.814770
24 537 10.636612
24 632 10.463006
24 748 1.637513
24 792 2.449969
24 817 15.757581
24 886 6.232769
25 40 7.279097
25 171 3.040553
25 197 5.588668
25 215 16.998946
25 292 8.830867
25 470 12.660990
25 474 19.808124
25 475 10.523979
25 530 3.514429
25 801 17.434059
26 42 1.246288
26 59 3.187866
26 83 11.950258
26 121 17.113739
26 139 7.416075
26 171 16.481911
26 179 6.436792
26 222 4.603472
26 259 3.897678
26 298 1.632615
26 301 9.520476
26 355 4.465701
26 387 1.040463
26 453 5.162037
26 708 19.759076
26 774 4.429838
26 832 9.801044
27 60 17.491473
27 176 1.427015
27 188 12.435377
27 242 17.978494
27 296 9.328309
27 593 4.286434
27 833 4.477533
28 101 9.138239
28 236 5.371497
28 559 17.091955
28 720 9.487256
29 40 5.189957
29 47 16.522112
29 58 2.356084
29 77 7.215872
29 224 14.057340
29 236 6.825521
29 294 2.648145
29 379 16.157344
29 404 18.190224
29 552 7.171585
29 574 19.959106
29 714 10.916644
30 53 16.323118
30 86 9.293128
30 103 16.271534
30 130 14.933343
30 160 7.292643
30 166 3.350101
30 185 8.636831
30 281 6.119287
30 317 12.413901
30 350 8.108986
30 384 11.418570
30 465 14.988658
30 531 4.748062
30 549 18.364334
30 589 10.411480
30 668 9.300626
30 712 8.825119
30 796 4.485607
30 803 4.655206
31 68 7.567461
31 284 5.822949
31 428 1.926850
31 440 9.780114
32 51 13.826374
32 153 7.978645
32 806 6.858968
33 46 6.098547
33 174 1.167720
33 366 5.739419
33 381 1.447530
33 642 10.049952
33 765 12.800801
34 74 13.621966
34 79 10.446974
34 110 18.071351
34 113 4.012984
34 201 2.623103
34 240 15.888207
34 290 10.735508
34 303 4.779228
34 346 6.090368
34 359 18.600213
34 393 18.171292
34 412 16.028082
34 420 2.321426
34 525 8.532933
34 567 18.026807
34 749 5.735618
34 752 17.928279
34 775 15.248535
34 869 5.434480
35 37 16.257035
35 39 19.290026
35 56 15.023091
35 73 16.373921
35 129 9.791048
35 184 9.239152
35 463 3.316247
36 39 11.808085
36 180 1.224410
36 260 5.009943
36 590 14.375324
36 652 4.698576
38 149 6.958031
38 197 11.482862
38 779 15.147064
40 59 11.760429
40 60 17.938018
40 66 9.930661
40 94 6.016017
40 843 12.399065
41 506 15.233898
42 118 15.514038
42 188 17.471509
42 192 10.591082
42 265 3.588116
42 321 13.080935
42 430 16.335168
42 519 10.342603
42 579 7.387585
42 731 13.646002
43 62 19.472796
43 138 5.829375
43 250 10.992736
43 275 9.836118
43 285 5.115637
43 362 10.531933
43 664 17.442725
43 666 4.567238
43 692 6.246874
44 67 10.980735
44 97 6.541700
44 98 7.058415
44 227 2.135973
44 315 6.504329
44 518 11.712540
44 592 5.679570
44 764 1.409554
44 787 9.684047
45 220 11.728528
45 263 14.494737
45 285 3.963103
45 897 7.150920
46 273 2.568758
46 514 17.460712
48 109 4.704425
48 165 13.050891
48 216 4.064379
48 279 12.752813
48 313 18.723381
48 333 12.530047
48 345 8.333254
48 351 8.264000
48 356 19.518581
48 452 9.893424
48 547 15.359855
48 573 17.059577
48 615 16.572032
48 619 16.840157
48 850 16.527810
49 111 8.248459
49 192 12.769224
49 205 3.930235
49 230 13.368301
49 235 11.761231
49 456 18.065425
49 745 5.860798
50 131 7.656963
50 271 13.789535
50 739 17.771940
50 868 8.313826
51 94 12.325376
51 141 10.299370
51 154 19.706610
51 158 18.865268
51 221 3.957186
51 262 3.170771
51 289 18.316323
51 314 5.686436
51 374 19.346434
51 568 1.996186
51 770 8.124893
51 861 16.246637
52 57 1.056917
52 58 6.335601
52 81 15.260616
52 84 1.752367
52 87 19.263089
52 88 10.156173
52 96 2.997696
52 219 8.158864
52 338 10.134572
52 388 2.587084
52 469 17.263010
52 536 11.057185
52 596 16.384523
52 618 4.809112
52 844 9.551013
52 898 12.684197
53 75 14.391975
53 93 12.556517
53 141 10.183424
53 143 13.000516
53 337 14.148579
53 547 14.183794
53 721 7.291660
53 748 14.158573
53 889 8.713760
54 140 3.723250
54 162 17.283439
54 226 13.951337
54 620 8.917402
54 690 10.464804
55 152 16.230656
55 221 10.696014
55 251 8.366239
55 385 4.367157
55 638 18.862424
56 63 7.116832
56 110 1.711442
56 116 15.431592
56 121 7.591090
56 123 9.833262
56 201 5.703594
56 267 2.932988
56 360 1.307872
56 387 7.732552
56 399 5.222449
56 469 15.425360
56 488 6.089092
56 541 13.310402
56 624 12.581151
56 800 4.522932
58 103 13.440623
58 119 5.212338
58 608 9.671179
58 782 10.361495
59 70 17.918144
59 95 13.496689
59 251 9.243733
59 377 5.553176
60 71 16.257226
60 107 19.997486
60 157 10.201442
60 170 18.927808
60 237 6.120151
60 272 14.795619
60 483 13.715780
60 727 14.792226
60 881 1.077956
61 102 4.866290
61 127 4.740423
61 158 15.517794
61 255 11.257103
61 284 7.342901
61 419 14.070863
61 597 17.361109
62 161 12.848805
62 178 2.114090
62 368 17.202913
63 89 13.754914
63 187 4.797866
64 131 19.029452
64 754 8.954038
65 90 14.595280
65 93 13.322949
65 232 2.065433
65 767 8.896788
65 883 7.031594
65 899 7.564133
67 72 3.994449
67 148 18.443986
67 199 10.386962
67 325 9.927135
67 434 8.188393
67 687 19.276620
68 311 16.189391
68 402 17.671919
68 564 6.965406
69 167 15.717635
70 84 15.344321
70 130 3.887297
70 211 15.826774
70 294 13.274879
71 100 3.326683
71 194 12.644075
71 224 18.387666
71 247 11.874812
71 353 2.565320
71 693 9.571987
72 123 3.261766
72 132 3.593959
72 142 3.935215
72 167 17.197381
72 186 5.589457
72 220 1.749941
72 235 18.141785
72 241 11.951056
72 372 16.830001
72 408 3.455598
72 572 8.628878
72 647 4.325513
72 732 14.738026
72 811 6.101258
73 82 13.979463
73 316 19.199659
73 476 5.435829
74 101 4.259547
74 168 10.193025
74 289 10.513812
74 571 5.572623
75 87 3.685647
75 206 3.366658
75 808 10.791116
76 194 17.696085
76 276 3.715564
76 542 8.119709
76 645 14.194854
76 860 18.858808
76 876 5.446481
77 185 13.794220
77 248 9.733753
77 305 14.881554
77 328 3.381216
77 610 15.061419
77 751 18.932150
78 81 5.408098
78 97 2.619631
78 112 7.426600
78 163 13.349008
78 332 8.127383
78 384 1.439586
78 413 7.951372
78 826 16.365387
79 91 2.834081
79 163 1.592104
79 186 2.996653
79 187 1.760104
80 85 13.454810
80 119 14.343615
80 183 2.264526
80 357 3.800446
80 465 14.440027
80 482 8.048158
80 616 1.747034
80 624 8.270781
80 730 19.029773
80 834 16.747804
80 847 8.267744
81 145 8.402375
81 159 18.569727
81 542 11.416856
81 643 19.003539
82 127 8.124394
82 128 5.104196
82 136 16.195530
82 211 13.910370
82 234 15.474752
82 291 16.643127
82 312 19.405175
82 319 3.241333
82 371 11.621283
82 441 18.991554
82 467 3.332349
82 541 17.373797
82 553 18.156395
82 601 12.981950
82 699 3.901010
82 754 4.566024
83 226 5.230340
83 379 2.056887
83 563 16.582308
83 606 10.803675
83 688 3.665373
84 136 6.943638
84 244 15.313397
84 262 14.594264
84 347 17.912546
85 150 5.432565
85 307 18.071144
85 308 7.123752
85 385 2.310606
85 476 14.840101
85 486 9.419609
85 532 11.213244
85 620 19.705736
85 762 7.139407
85 775 12.845747
86 253 12.918344
86 371 4.444141
86 423 12.395872
87 117 14.255836
88 350 2.178925
88 416 18.820115
88 484 18.956569
88 750 17.971253
89 326 13.707339
89 334 16.592976
91 100 6.685023
91 140 17.129936
91 164 14.133095
91 735 12.875984
91 861 6.228313
92 297 9.285720
92 729 11.140900
93 144 15.383167
93 156 11.651720
93 210 12.203835
93 330 4.537520
93 395 2.423982
93 678 6.651422
93 729 17.454826
93 840 15.380444
94 266 6.942747
94 355 7.814230
94 426 7.126082
94 470 15.258465
94 604 15.857943
94 868 1.348856
95 109 3.803373
95 173 5.405109
95 278 19.059766
95 503 2.422893
95 644 16.386051
96 208 19.886623
96 769 5.995409
96 848 11.650341
97 128 8.594433
97 175 4.902349
97 206 3.972261
97 370 12.092775
97 432 17.154914
97 586 8.533118
97 646 14.407632
98 176 1.473504
98 331 2.581729
98 414 16.629139
98 533 14.899738
98 562 6.573956
99 352 15.272736
99 456 7.493117
99 513 9.485068
99 712 10.845637
100 118 10.161817
100 162 3.671372
100 261 18.033759
100 361 18.473098
100 438 1.448358
100 681 3.190226
100 789 6.385244
100 841 14.710518
101 111 4.892598
101 125 4.982335
101 380 19.600818
101 442 19.670944
101 496 9.673605
101 560 8.805822
101 686 1.372594
101 778 15.242722
102 190 12.947569
103 129 2.022584
103 169 1.019019
103 219 12.025155
103 227 10.324412
103 240 11.161741
103 277 11.862402
103 354 16.120762
103 459 7.779781
103 607 4.345950
103 660 9.638066
103 791 13.338898
103 857 2.992718
104 239 17.875357
104 271 13.956150
104 317 9.119948
104 373 18.576563
104 599 2.256506
104 637 11.973630
105 447 16.870090
105 461 1.991948
105 825 19.054877
106 518 12.764655
107 263 15.759282
107 440 12.246981
108 448 10.800657
108 634 11.740055
108 829 19.797138
109 116 9.737267
109 137 12.197400
109 149 12.154306
109 396 5.633190
109 667 1.432349
109 698 17.470348
109 766 15.564626
109 873 15.156435
110 134 4.238828
110 146 15.225996
110 160 19.563916
110 207 16.777342
111 178 1.000928
111 190 13.716377
111 212 6.037069
111 258 9.058126
111 378 4.955434
112 193 12.446094
112 267 5.863874
112 666 2.184658
112 885 17.817527
112 889 16.042134
113 422 15.796977
113 613 7.716975
113 777 8.531902
114 230 2.551550
114 611 4.709877
114 828 11.075041
115 573 2.143280
115 577 1.859148
115 704 6.006890
116 135 7.531851
116 451 11.839904
117 196 2.743417
117 845 4.345245
117 887 11.382099
118 122 12.707200
118 137 8.803153
118 156 17.047377
118 203 9.681222
118 242 2.392418
118 368 10.570912
118 394 4.076749
119 153 13.253287
119 213 2.159596
119 229 6.763150
119 495 14.417989
119 554 16.233582
119 565 4.644843
120 552 2.235651
120 842 15.954215
121 265 8.491119
121 448 17.166745
121 715 10.453686
121 823 15.725408
122 138 10.285981
122 241 9.918528
122 243 14.234178
122 304 18.060172
122 359 4.723693
122 717 5.499701
122 776 6.985583
122 841 12.857327
123 209 19.485692
123 218 5.077381
123 228 19.147989
123 404 5.679473
123 669 15.944892
123 836 15.528445
124 281 1.124005
124 318 4.959290
124 600 16.863742
124 635 10.273267
125 343 1.823408
127 204 2.155606
127 215 13.166835
127 288 9.714555
128 349 15.188503
128 409 1.286066
128 455 2.746250
128 782 3.743966
129 133 14.099753
129 181 2.653350
129 636 7.878528
129 684 8.107963
129 757 10.562481
129 842 4.278523
129 866 4.047152
130 132 12.304691
130 139 3.658477
130 675 10.215197
130 838 1.674201
131 203 12.474307
131 378 8.328967
131 406 1.028893
131 417 15.839383
131 663 4.547909
131 682 2.888785
132 277 15.971965
132 452 19.018786
133 270 7.561365
133 639 14.714027
133 730 12.888843
133 778 6.407272
134 307 1.250858
134 543 16.511501
134 724 11.950391
135 164 5.500645
135 365 10.776800
135 853 16.016602
136 711 17.864390
136 806 17.629554
137 498 7.080581
137 723 7.558204
137 872 3.371092
138 146 14.604644
138 198 19.868257
138 254 12.648210
138 391 9.035972
138 510 18.324203
139 144 5.188646
139 159 16.529908
139 181 14.963007
139 351 5.091680
139 401 2.662272
139 446 17.951374
139 758 8.392897
139 785 15.800459
139 865 14.566914
140 436 13.615018
140 524 15.111431
140 558 1.225507
140 649 9.934549
141 410 16.930396
142 257 5.089542
143 467 11.036125
143 731 8.687143
144 442 12.511412
144 504 2.177006
144 584 14.399307
145 245 9.983002
145 314 8.270621
145 326 7.074917
145 335 13.686882
146 229 4.750420
146 741 15.207429
146 856 11.562297
146 877 14.338457
147 268 1.267085
147 395 7.501944
147 569 11.245166
147 671 4.215616
147 870 17.266803
147 893 10.208092
148 174 14.069617
148 287 2.022985
148 417 18.916382
148 473 6.868632
148 480 9.253043
148 609 16.109892
148 639 4.033199
148 855 18.002501
148 892 15.369451
149 151 18.781735
149 492 6.245746
150 293 14.784846
150 812 16.313158
151 591 15.638716
151 829 2.368022
152 204 13.374622
152 474 19.142786
153 274 18.410899
153 506 3.866571
153 510 13.702406
153 586 5.630217
153 587 17.848703
153 713 9.768845
154 244 13.241132
154 255 6.464755
154 354 7.367066
154 736 5.581174
154 871 10.585628
155 177 12.144682
155 208 10.879141
155 545 13.115492
155 560 5.968968
155 578 11.331614
155 759 6.768117
156 723 18.794088
156 854 8.887988
156 885 9.568678
157 492 8.286265
158 392 16.042296
158 564 17.004973
158 733 7.411452
158 810 3.448712
159 837 8.577376
160 302 11.537886
160 329 18.433433
160 382 15.321231
160 676 16.386535
160 797 1.115155
161 287 15.990090
161 443 2.271334
161 844 16.735156
162 243 16.099804
162 345 2.291479
162 407 8.591330
162 605 4.138736
162 691 7.756570
163 483 14.281357
163 595 7.109420
164 408 9.295188
164 545 8.780457
164 579 17.421159
165 200 18.895516
165 231 7.384126
165 250 6.249858
165 254 5.180835
165 365 4.943517
165 430 15.423088
165 437 9.427322
165 526 10.850794
165 678 3.480153
165 709 19.995559
168 205 2.592285
168 814 15.041338
168 899 19.113038
169 398 1.359847
170 222 14.871199
170 234 10.062066
170 300 9.924563
170 410 5.945535
170 424 6.499634
170 490 15.505425
170 533 19.759480
170 781 4.778690
170 859 9.983197
171 200 3.786499
172 298 11.900841
172 598 9.196915
173 789 9.770639
174 189 19.659653
174 218 13.020009
174 312 12.658694
174 333 6.959740
174 716 14.949043
175 656 19.853484
176 499 3.488953
176 581 18.550032
176 648 9.489131
176 672 17.503929
177 497 7.646418
179 252 12.608289
179 590 3.684720
179 718 1.263469
179 785 5.538058
180 223 15.800192
181 382 14.109003
181 409 13.553555
182 413 13.892379
182 591 16.522121
183 191 7.343662
183 328 6.034451
183 675 11.022530
184 627 13.863184
184 655 5.507696
185 264 4.294436
185 515 17.803349
185 647 8.505812
186 189 8.236813
186 344 1.686207
187 521 4.203414
187 738 8.397540
188 479 6.443671
188 548 18.211474
188 653 9.308639
188 864 8.643572
189 339 5.632576
189 445 14.265322
189 605 6.380667
189 629 10.390983
190 534 1.735155
191 207 17.623739
191 466 15.097941
191 644 6.666235
192 383 7.718567
192 407 15.808722
192 501 9.201894
192 623 10.252366
192 777 11.081550
192 779 14.642620
193 292 14.588211
193 728 11.926182
194 274 10.947330
194 797 12.824703
195 196 14.050408
195 239 19.731595
195 450 1.709948
195 676 8.906320
195 891 11.443260
196 256 13.758452
197 246 4.984859
197 269 12.726150
197 780 18.908225
197 781 1.903181
197 851 16.879842
198 209 2.883031
198 293 3.979411
198 296 8.345244
198 431 3.690780
199 472 5.082951
201 297 16.127533
201 432 15.816264
201 696 19.979011
202 439 10.254484
203 272 14.925304
203 583 6.152682
203 851 4.601855
204 308 7.618564
204 523 2.407006
204 555 3.127890
205 217 6.331290
205 231 1.293662
205 360 11.418988
205 397 15.572964
205 574 9.475880
206 273 10.188937
206 319 3.415849
206 398 11.084511
206 516 3.389100
207 299 2.721928
207 316 10.582403
207 389 15.202109
208 383 10.456392
209 493 8.664246
209 500 1.258697
209 828 8.476360
210 358 12.969800
210 444 18.238001
210 488 6.215592
210 746 13.818319
211 279 13.988318
211 771 8.760574
212 223 3.885661
212 299 2.318390
212 459 1.389420
212 508 18.965004
212 550 2.584300
213 757 18.988754
214 702 17.807576
215 463 16.968821
215 763 6.460991
218 369 15.312407
218 714 15.368035
218 895 10.387265
220 703 7.314891
221 431 12.225240
222 342 19.164226
222 512 11.781243
222 681 15.380310
222 856 7.234167
223 446 6.052792
223 460 3.761312
224 735 14.977940
224 863 12.425026
225 546 18.814403
226 532 1.272636
226 815 15.376814
227 424 10.353021
227 546 5.570598
227 646 1.303443
228 643 17.079224
228 680 18.326339
229 751 7.398887
231 529 4.792486
231 654 10.396026
233 612 12.793955
234 374 8.684751
234 581 12.703347
235 300 14.023513
235 477 9.076672
235 687 14.568000
235 823 2.322552
236 763 4.267533
237 389 6.528802
237 487 11.065083
237 494 5.578159
237 600 19.176057
237 613 8.690703
237 616 7.978136
237 707 16.675123
237 837 10.184244
238 310 17.432771
239 766 9.955941
239 768 19.074282
240 831 4.677691
241 514 10.795559
241 670 17.982998
242 475 12.913512
242 726 7.210462
244 663 5.669373
244 747 9.225372
247 840 18.164453
248 411 5.711917
249 270 1.959108
250 784 1.260503
251 256 16.764334
251 276 2.209095
251 327 8.973757
251 421 5.486623
251 479 11.208403
251 707 8.748087
251 745 2.647654
253 549 11.865709
255 466 1.514289
255 505 17.982993
256 324 1.298300
257 324 15.362733
258 336 18.147676
259 278 9.531701
259 283 9.483282
259 362 1.613745
259 674 1.374004
259 877 15.984943
260 461 11.162181
260 602 13.830746
262 363 4.087433
263 435 1.935858
263 577 4.042349
264 515 1.254862
264 710 2.445351
264 798 15.662821
267 698 2.266218
268 339 1.505654
269 291 6.825492
269 556 14.717480
270 335 5.176162
270 505 18.362645
271 530 15.014179
271 588 4.046476
275 323 4.098507
278 522 17.521848
278 529 19.148882
278 660 10.540719
279 566 5.989424
280 715 8.644050
280 795 14.223075
281 496 11.447702
281 540 8.860527
283 684 1.938099
284 376 9.170549
284 425 1.268188
285 462 2.561510
286 629 13.012871
287 571 7.689362
288 617 17.768610
288 636 15.677398
289 341 4.164824
289 358 18.237172
290 309 7.567259
290 377 2.728996
290 415 18.326295
290 453 16.124329
290 538 9.103283
292 330 8.878291
295 598 15.119725
295 697 10.306458
296 516 11.335756
296 521 14.102471
296 705 10.690316
297 498 19.405404
297 531 1.858138
297 539 18.064169
297 740 19.960372
297 773 7.849769
298 367 7.575170
298 436 14.908191
298 592 12.741314
300 412 2.436661
300 543 11.310924
300 634 12.398328
300 685 18.587411
301 388 9.466425
301 427 6.615164
301 554 9.040922
301 671 13.260000
302 364 19.299637
303 544 18.583494
306 886 2.052799
307 399 16.556700
307 742 6.813239
308 441 10.010883
308 534 10.905311
308 593 16.708417
308 784 10.699612
309 311 18.503042
309 367 12.783915
309 540 3.150258
309 670 11.056801
309 817 19.929183
312 405 6.112698
312 489 11.720537
312 491 17.368838
312 794 4.231796
313 701 12.228289
313 734 17.893847
314 386 2.662658
314 403 18.791275
314 611 2.047685
314 701 6.602175
314 739 11.859308
315 423 14.764104
315 458 10.957567
316 352 2.920370
316 585 15.230456
316 641 15.825572
317 331 13.238219
317 753 8.669611
318 706 12.710075
318 890 6.693794
319 353 5.964240
319 800 9.527914
320 768 2.694643
324 366 3.602254
324 454 3.558312
324 742 16.983751
324 755 10.544496
325 376 12.531388
325 526 18.304378
325 679 15.237555
325 780 18.568975
325 835 13.914637
326 375 11.336125
326 386 13.507512
327 391 4.548613
328 414 15.224819
330 799 4.424745
331 341 16.240591
331 356 8.659953
331 422 15.440121
331 835 18.682029
333 468 8.425440
333 524 16.421012
333 679 15.413020
334 349 19.720251
334 482 13.094093
336 415 19.152948
338 471 10.630017
338 478 2.850633
338 499 17.210980
339 392 2.061962
339 439 18.050739
339 447 12.778602
339 561 10.490299
339 659 12.898387
339 792 18.310017
340 400 11.572112
344 626 5.706522
344 631 19.940522
348 568 2.176796
349 608 15.460780
349 621 16.954362
350 527 7.857256
352 762 16.173044
354 555 2.554026
354 569 13.082132
354 839 1.298151
355 741 18.083904
356 607 18.812356
357 535 7.761050
358 584 15.855616
360 361 19.961235
360 416 19.664666
361 421 6.390079
361 433 9.450235
361 603 1.515047
361 878 3.359026
364 648 14.673905
367 433 15.251055
367 486 7.993075
367 610 4.725799
367 641 14.236732
368 504 9.496808
372 811 10.357508
372 895 7.690664
374 651 16.669834
375 711 2.817096
376 550 12.847623
376 716 6.683696
377 538 5.078593
377 642 13.368307
379 497 18.567539
379 771 6.089668
379 847 14.625905
380 767 5.857027
381 522 6.810223
381 690 7.501627
381 695 13.053074
381 875 3.079455
382 411 8.309425
382 438 11.168128
382 818 19.962303
382 849 18.934205
384 471 1.387184
384 536 6.559650
384 578 16.471508
384 689 16.749235
387 761 6.394121
388 525 14.582087
388 570 19.141514
388 604 11.501658
388 667 1.233906
389 892 16.772818
391 517 13.197853
392 879 8.081564
393 558 4.916597
393 659 3.991659
394 490 18.931475
394 565 16.314241
394 825 16.582311
396 894 16.311511
397 814 14.583202
400 589 5.800219
402 654 17.568989
402 859 18.944755
405 445 5.360419
407 457 3.936579
408 517 10.813337
408 537 19.288171
410 758 17.040250
412 843 12.722274
413 575 18.314207
413 727 10.172667
416 651 17.192466
417 649 12.380352
418 477 6.902950
418 677 7.474710
420 860 16.658290
421 428 14.384880
421 686 14.739840
422 493 3.286388
422 677 15.178050
423 582 2.875973
423 804 10.063877
425 478 9.676435
426 535 13.477177
427 501 11.466854
427 820 4.672031
429 519 8.254508
429 864 16.711740
430 630 4.544405
430 726 19.573788
430 787 10.222709
432 700 10.666195
433 601 7.985830
434 468 7.495214
435 770 6.618321
437 443 11.331451
438 737 3.800768
439 485 18.955713
441 523 3.106436
444 672 17.643865
444 765 6.183066
447 680 9.522459
447 691 12.327505
448 756 16.819375
449 559 4.586136
451 485 9.518637
451 665 9.809215
454 548 2.397793
456 888 1.733687
457 458 9.930105
457 503 19.036609
457 744 11.988675
459 481 9.372347
459 865 17.917290
461 650 9.437851
462 628 18.032985
464 561 9.104400
464 866 2.829191
468 491 10.728660
468 619 17.741370
469 484 1.921631
469 702 17.379887
469 724 9.050089
470 575 12.500898
472 603 13.517522
473 627 17.989590
475 783 17.202686
475 790 10.355162
476 528 14.487289
478 640 2.761562
481 553 16.371358
482 508 2.838181
482 696 6.870387
483 750 4.320701
483 820 14.599533
484 528 12.231545
484 614 10.802961
488 794 14.250792
488 821 13.301169
489 813 7.246978
492 494 19.432679
492 708 17.633701
494 805 11.420334
496 602 14.886806
496 668 15.840809
496 827 6.333628
498 733 4.513580
499 873 10.141234
500 632 4.667131
501 788 2.869855
501 790 3.346534
502 645 6.833969
503 582 3.177102
507 572 2.525377
512 615 16.168745
514 812 1.154532
516 827 17.653090
521 557 15.395144
522 566 5.676695
522 661 19.148736
523 637 4.033808
527 599 2.686251
527 752 19.932146
527 786 18.890031
531 625 16.862089
531 694 8.926255
532 807 9.928813
534 551 7.076051
534 874 5.628698
536 808 5.681098
536 881 15.907831
539 852 3.521656
540 720 12.812872
541 570 6.339689
542 694 4.049227
542 699 14.378208
542 822 8.576563
543 557 12.786288
547 875 2.714730
551 682 16.025748
551 685 15.361332
556 588 8.775656
556 622 17.707929
556 803 19.615464
557 867 16.599269
558 898 6.623156
561 880 12.070306
561 894 3.194848
562 580 18.569131
562 743 6.234210
563 874 2.976803
565 638 12.787218
569 749 16.651172
571 622 1.834399
574 664 12.462111
577 890 11.839053
578 807 6.713306
579 623 19.449666
579 662 19.150844
580 717 3.332574
583 734 13.418654
584 897 14.804527
588 893 8.434928
595 606 7.492956
597 719 12.285384
597 884 13.499800
602 689 5.388820
606 755 4.934940
606 882 4.558127
611 737 12.982184
613 652 5.783677
621 657 3.057654
621 658 15.912908
622 656 12.631844
622 673 15.512793
625 826 13.503370
627 738 2.043120
628 863 13.060103
629 833 4.599099
631 650 18.353687
631 888 8.515201
632 799 14.930613
638 774 7.609570
638 798 12.768089
642 736 15.550416
645 713 9.245413
647 718 6.710326
649 661 16.346886
655 683 17.554029
660 830 18.326688
665 673 17.823944
665 740 16.403028
665 876 14.594743
667 855 18.460500
673 760 18.942443
673 872 5.173107
675 815 13.259645
675 896 14.102862
677 846 16.329574
678 786 19.054822
679 772 4.852391
681 695 4.367017
683 756 3.079864
685 834 5.070362
686 845 19.359657
687 822 14.163062
688 819 15.169750
692 722 11.096262
697 746 5.337022
704 760 3.163776
707 854 7.896858
711 857 12.965897
716 832 5.888439
720 793 17.673098
720 809 8.258167
726 776 14.593023
731 880 5.344678
732 853 17.941711
740 747 12.398011
740 831 4.870584
740 891 1.399280
749 846 7.107783
755 759 9.567326
758 884 17.386890
763 809 6.711848
764 870 18.986649
771 802 14.573588
778 882 13.785806
805 816 13.345994
813 836 9.026501
816 883 12.177285
850 871 11.229510
11.826989 24.756794 16.282118 10.794903 16.185330 18.675404 7.548943 20.218273 8.279194 12.844873 22.308328 13.605781 5.617824 11.814596 5.371569 24.408471 11.084263 22.301139 7.571448 14.634297 9.879344 7.221243 23.560389 19.046546 16.058737 7.137757 20.314842 22.410468 9.451411 11.702350 21.685680 8.341579 11.556766 6.384867 8.633050 23.724025 8.160851 21.410773 6.582762 19.741731 23.942582 7.719137 10.897663 14.686560 22.340868 12.239000 12.092101 19.511520 12.059551 7.591523 19.858335 13.405411 14.421050 10.846617 18.283047 10.205064 24.013821 24.444480 9.117849 17.221337 17.380670 15.463827 18.374086 8.974340 6.548955 11.968732 14.049700 8.634980 7.976702 21.638843 5.364069 11.109270 13.107069 10.002720 13.832366 14.069431 17.591906 11.731794 20.847487 14.136951 18.673967 13.541470 10.944344 10.335085 20.044920 17.420321 6.006997 14.194652 21.005600 16.819935 14.058594 17.101238 20.212669 19.431495 16.725870 20.779886 18.378814 19.402024 6.210503 24.616241 21.660855 17.698706 6.982706 8.276320 14.923440 17.564582 20.200786 15.093773 6.535281 12.112311 6.172395 7.650847 11.755490 16.601226 6.485312 16.444964 15.104648 6.174728 19.616754 8.507211 11.377700 18.116008 18.404170 20.281237 15.722123 22.080434 22.305449 17.634255 13.983616 21.263765 24.757362 23.397872 19.860037 5.855489 22.174183 17.516081 21.521813 12.405023 9.158099 11.126704 8.205259 18.537136 20.401125 17.451539 24.526291 20.452021 16.762634 21.453281 10.206562 22.756768 21.289224 19.769656 19.134415 13.531179 15.309260 22.802838 6.135649 16.390539 17.921500 13.495616 6.849119 10.862508 12.399842 24.155083 19.032744 20.808351 15.329737 19.063735 15.954678 11.903922 18.167805 12.220954 20.039963 20.252171 17.121272 8.175448 18.794422 18.664502 16.712514 20.045773 23.588752 19.309716 5.821934 16.553505 23.036887 16.693991 9.482953 19.996725 5.623902 11.450897 15.504056 11.619949 7.488630 21.384431 12.307217 19.193419 11.660960 20.878892 24.934432 6.185334 9.617791 23.548277 13.085295 7.128801 7.406381 21.947627 17.954681 15.438218 17.160884 6.963457 24.893546 7.794554 13.711419 15.525157 21.782196 11.615818 7.210957 9.015194 23.459154 6.564414 9.708965 21.013098 13.195105 6.254852 5.275515 14.073446 9.402380 17.583552 5.889302 16.107854 9.848190 21.372255 22.253753 7.240156 24.668694 17.571482 21.011611 23.671780 24.496437 23.469628 18.911458 24.276283 9.674030 6.089764 7.223549 18.693987 23.066981 24.341102 10.553250 20.160538 8.124477 22.387657 17.582943 14.420049 5.526646 18.543858 17.010219 16.765717 23.931992 16.608441 23.958254 23.515280 16.528783 20.470684 24.245643 8.630024 13.458775 14.047182 9.876695 13.338715 14.084263 23.134609 7.684827 12.209907 18.701679 8.053724 11.621505 9.110697 9.397909 8.871441 9.949387 7.559897 13.144420 15.937624 22.123188 21.204106 6.363093 23.763670 13.068638 23.060258 19.811206 7.494940 13.420648 5.884962 8.619967 23.601362 5.320868 9.863885 12.605394 10.447302 12.367555 10.624579 12.225409 6.089113 6.634142 24.442400 17.513803 18.336889 5.919402 10.170682 8.335953 18.440227 14.667135 18.399895 24.084854 21.648989 6.680207 10.384784 12.102046 18.230469 22.520895 9.438695 16.725586 11.016586 13.439364 12.746621 11.568303 6.786662 12.150949 10.612146 14.746354 8.648373 19.004894 13.237689 23.732151 9.902153 10.366245 12.809535 12.409272 6.097901 9.193868 16.230986 24.109713 20.582865 13.145312 5.293344 20.448718 7.704058 9.628584 23.875907 7.459623 17.938254 13.798841 16.778942 10.434081 14.459607 8.471379 23.020605 6.417121 6.515634 20.046627 16.000324 8.748383 12.615422 9.171821 19.287164 14.779744 6.959215 22.351747 15.414362 20.721340 22.721415 21.589497 23.564004 14.569393 9.883149 23.641187 24.500171 16.217895 21.278027 22.889934 15.639728 22.248195 23.096930 17.851939 16.042364 6.757947 23.561339 22.368843 11.924347 21.843126 20.637591 11.515406 14.995661 22.252578 19.688032 21.352998 15.130984 17.499151 8.607795 7.343775 22.463083 11.701156 13.738016 19.535188 17.743063 15.640382 7.833660 20.632489 12.954099 23.289770 23.008932 22.758943 5.695009 11.894965 9.105555 8.079950 10.644924 19.893454 16.245811 23.506412 11.831395 8.881386 24.536344 20.568830 24.009261 15.178791 8.498753 5.825657 19.750178 6.007958 5.384084 22.863547 18.372977 10.434823 7.718334 11.364802 22.784933 16.025905 8.187580 11.033795 21.587965 21.093759 15.204560 6.672220 18.521836 6.303040 7.463144 21.976580 17.641154 11.938702 6.774177 12.008973 17.196816 22.430837 7.301175 22.555021 17.715760 9.776147 17.934099 6.602884 19.552632 7.713127 12.643116 7.259807 12.049353 5.970699 8.456474 24.102988 9.944011 12.177911 9.820161 23.943474 23.161785 9.591134 15.311035 22.643204 19.789686 11.248532 7.340621 22.705252 21.585489 7.529000 8.718641 9.868492 11.898968 19.262035 21.464423 13.686415 21.963379 9.580148 9.844754 7.259582 20.701995 10.987404 8.725506 11.263556 13.555326 6.413027 14.511544 13.890820 17.090574 7.233459 15.996557 12.000554 24.370072 20.925566 23.754754 14.687545 10.371731 7.641813 10.593680 12.910125 11.142569 23.169329 20.311570 6.475252 17.245435 15.991741 5.365642 5.098243 5.684233 6.960957 20.755598 14.842412 17.633382 24.274875 17.274126 21.535510 21.190008 22.390737 19.360502 13.282095 14.062270 10.997612 24.712036 6.691489 12.279490 24.249381 11.832322 5.362810 19.227128 16.339857 13.553181 13.241822 20.671703 21.177690 6.092465 9.819610 16.531770 14.298990 15.921957 12.711508 5.211959 21.085039 16.544854 10.348120 6.469053 12.263214 10.992960 14.743114 21.513414 22.263958 14.424678 9.132964 19.388637 14.451583 23.420155 21.528682 22.829439 24.576971 18.592773 13.764563 17.977480 7.684852 20.801593 23.224062 23.697324 23.000639 13.339846 13.376481 22.313882 24.450583 12.224457 8.901313 22.560802 8.160016 24.941514 21.688673 19.162888 13.976985 12.360578 8.715427 24.717203 10.587417 16.784428 20.923144 15.095772 13.795569 8.348638 9.637070 19.360068 8.518330 5.348596 5.946299 5.148015 12.694053 20.623683 20.145435 22.418691 11.785558 10.991639 11.158693 16.526450 10.896449 15.081068 12.731111 10.932662 8.252173 9.673553 15.117005 22.332974 9.351797 20.321069 16.818659 24.032781 18.007778 10.434796 19.909706 24.248044 21.973514 9.533493 19.901175 13.718911 13.100326 8.495209 21.977207 18.193017 23.671583 15.741149 20.133005 11.520761 20.493229 6.256002 6.806394 15.360969 6.166703 17.034643 14.519493 13.580090 23.026067 14.687005 13.518020 19.525302 17.943145 12.331039 5.131113 23.257327 16.108740 17.252373 9.520878 11.266347 13.495161 5.630957 14.249081 18.653157 20.342101 16.863524 19.949019 9.975998 13.335638 10.892960 20.605729 8.373664 18.903574 7.553386 15.338970 18.994320 15.725911 19.023954 14.150462 20.208223 8.669922 10.768276 22.748926 9.754741 17.213510 16.830556 13.334644 23.225007 24.375117 19.301420 24.207886 10.195800 13.294421 6.416738 7.849035 24.093416 12.972000 13.554777 22.991444 22.905468 7.347945 8.172129 24.609562 21.194105 22.491657 21.984503 16.680477 17.876243 16.007414 9.990873 23.086721 6.614171 6.852835 15.928829 5.599390 7.434192 21.224742 9.426160 21.380643 13.346481 14.062639 8.095465 20.668012 16.481846 13.767854 11.092782 23.398695 20.326966 7.114658 17.441423 13.267613 14.229779 15.081057 20.498658 23.354952 15.747259 12.662081 10.491250 22.821854 8.451278 10.991512 15.907981 7.018847 11.652719 22.059234 18.804976 18.947330 8.575429 18.402388 21.966355 23.801878 9.138727 13.390529 11.212103 10.018157 15.424205 19.287514 12.067780 13.292819 23.037862 14.811843 12.091678 5.383569 5.663765 7.190490 19.767082 10.603818 11.373346 17.249084 12.390170 5.374402 19.413317 21.477394 17.943049 19.395078 9.075451 7.797582 8.136555 7.373317 13.741126 24.438388 6.454426 21.674776 15.507106 15.798901 15.363466 9.276328 19.636775 15.504933 5.062437 17.252245 8.995068 10.585516 17.386933 17.935260 17.477570 5.664832 12.481636 21.654929 13.161965 17.687461 15.353898 6.420900 6.799652 8.987868 8.764719 15.696247 8.224216 20.642983 21.339211 6.606129 10.599983 8.621943 16.317882 16.443318 16.480712 8.140112 22.139883 10.538460 5.852108 8.526241 6.834617 19.353645 6.855888 19.137759 23.567726 23.853515 5.166711 16.937022 14.929419 22.554078 24.342160 22.584187 17.455688 18.232792 16.595146 22.294861 15.518735 14.092366 19.781233 19.260104 19.719775 12.178993 17.181524 10.310030 11.838626 7.423718 11.302432 24.290322 10.859752 16.812978 11.846278 17.196229 13.459671 20.048584 9.561027 15.330360 11.496619 14.576584 22.328277 13.234080 15.146222 18.699844 22.399994 17.596071 17.210368 11.015542 19.994932 22.086509 17.716050 16.676819 15.015106 19.244833 19.141037 24.311413 13.085062 19.636555 12.839420 24.331236 18.226612 13.054362 12.698590 12.867245 16.921087 7.051891 23.331167 20.753772 10.497416 20.527300 15.326307 16.031084 20.518931 24.712283 15.400785 5.647881 19.372687 13.551227 10.335819
60
335
0 1 5.718660
0 5 9.657084
0 8 5.899649
0 11 8.110836
0 12 2.252503
0 14 4.659490
0 16 2.912140
0 25 8.395632
0 33 9.353537
0 51 7.821749
0 55 3.832491
0 59 3.358921
1 4 1.695713
1 7 3.585624
1 8 9.425893
1 18 6.569845
1 28 6.663506
1 36 4.789266
1 37 6.201418
1 52 6.428575
1 54 4.922601
1 59 1.891883
2 14 5.533056
2 23 8.005053
2 36 5.327972
2 37 2.164042
2 38 2.192738
2 45 7.117770
2 52 4.144045
2 59 9.088746
3 5 8.140252
3 8 3.647968
3 13 1.691302
3 14 4.827936
3 23 1.160459
3 31 5.270422
3 35 3.847762
3 36 2.662064
3 43 4.407135
3 52 6.594377
4 10 5.953665
4 21 9.877968
4 23 5.328363
4 25 4.568325
4 31 1.191375
4 42 3.534969
4 48 6.310041
4 49 8.639655
4 52 8.897378
4 55 4.874280
4 57 4.451621
5 8 9.010594
5 10 4.660582
5 11 2.881527
5 14 3.602861
5 18 9.201690
5 24 4.204980
5 25 6.901157
5 37 9.444762
5 56 5.952116
5 58 7.792855
6 7 2.302213
6 10 8.994579
6 11 6.342832
6 16 2.733526
6 20 5.355108
6 29 2.741503
6 37 7.953184
6 55 5.865293
6 56 7.313210
7 12 7.528378
7 25 7.636279
7 28 9.029893
7 29 5.303549
7 40 3.943802
7 42 4.799211
8 19 4.339927
8 21 6.782358
8 22 6.467208
8 24 9.941935
8 26 1.159151
8 27 6.705300
8 31 7.594087
8 50 1.223036
8 54 2.534137
9 15 1.306503
9 20 8.881023
9 21 9.129090
9 29 1.908704
9 32 9.395357
9 41 1.346811
9 43 5.332438
9 46 9.002697
9 47 9.928869
9 51 5.823012
9 56 7.638006
10 12 1.673379
10 40 1.202776
10 43 8.974850
10 44 6.432400
10 47 5.258018
11 16 6.249956
11 25 8.607457
11 26 7.718418
11 40 9.352068
11 41 8.727229
11 43 8.327391
11 54 1.964690
12 13 8.300977
12 19 5.356289
12 24 2.199888
12 30 3.895702
12 37 5.662199
12 39 4.254003
12 45 1.938659
12 52 7.798483
12 55 5.484582
13 14 3.534772
13 17 5.411994
13 22 2.629350
13 26 6.918422
13 34 2.152983
13 35 9.105774
13 36 3.002507
13 37 4.420308
13 46 9.715664
13 51 5.761966
13 55 4.050503
14 21 8.722732
14 22 2.665447
14 25 9.707851
14 26 1.546773
14 29 6.536684
14 30 4.927729
14 35 8.880991
14 39 1.514028
14 50 4.879780
14 55 6.655638
15 18 7.228310
15 22 8.993421
15 26 9.894566
15 29 8.221536
15 31 9.912590
15 35 7.361172
15 38 6.086611
15 42 3.955253
15 43 2.066516
15 47 5.410832
15 49 4.752508
15 54 6.516666
16 24 5.026250
16 29 9.726080
16 37 9.676032
16 47 9.292660
16 51 4.193185
16 54 2.300961
17 27 2.678364
17 29 8.685255
17 31 9.709414
17 34 2.078221
17 36 6.956181
17 38 3.844812
17 39 5.331296
17 50 4.602135
17 56 5.179802
18 23 4.631201
18 39 7.794994
18 41 8.827522
18 43 8.503705
18 48 4.660156
18 54 4.173733
19 25 1.100668
19 30 6.429443
19 34 9.893732
19 38 6.195428
19 56 1.308502
20 22 5.511622
20 31 9.190673
20 47 5.240041
20 50 5.940375
20 55 9.992217
20 58 7.626655
21 26 3.877087
21 27 3.306246
21 34 1.615655
21 35 3.106182
21 36 3.413786
21 37 2.749316
21 40 6.363493
21 44 5.348798
21 45 3.696924
21 58 1.629898
21 59 4.475102
22 26 5.802068
22 28 2.780866
22 34 6.838765
22 36 7.887087
22 40 6.248285
22 45 8.979855
23 29 1.118198
23 37 1.965661
23 41 3.792181
23 42 2.911305
23 57 7.703632
24 25 7.730466
24 28 2.907667
24 30 3.142128
24 37 5.722332
24 38 2.044295
24 40 7.937662
24 49 1.469573
24 56 8.700199
25 33 1.528298
25 41 7.376908
25 43 7.895938
25 47 7.663337
25 49 4.153511
25 53 1.529713
25 55 9.567386
26 28 8.993533
26 39 4.733560
26 46 1.189723
26 56 4.568548
27 28 5.334988
27 35 7.910307
27 36 5.742521
27 37 4.487513
27 43 8.864230
27 44 3.391597
27 52 5.548279
27 53 6.287436
27 56 5.892857
28 29 7.389160
28 30 9.435673
28 34 4.134641
28 38 1.650044
28 40 2.930698
28 44 7.973490
29 32 9.217985
29 34 2.950029
29 40 7.671385
29 41 7.302645
29 42 2.698475
29 44 5.656227
29 45 9.320697
29 59 1.057154
30 37 8.173595
30 41 8.806392
30 42 1.483663
30 44 3.251261
30 45 6.233938
30 47 4.724818
30 58 9.759030
30 59 1.915264
31 35 9.212546
31 43 3.733769
31 44 6.771230
31 48 9.187360
31 59 6.333783
32 35 3.724951
32 41 3.179375
32 48 8.227115
32 51 8.693086
33 36 1.013456
33 41 1.473941
33 42 1.966328
33 44 2.782959
33 49 3.804453
33 50 7.331085
33 51 9.351047
33 55 6.224412
34 35 8.935693
34 42 9.290878
34 51 7.776753
34 55 2.223597
35 36 7.292021
35 39 5.426293
35 58 7.870621
36 46 6.232866
36 52 6.062975
36 53 9.374929
37 39 6.831381
37 40 9.761036
37 41 1.933337
37 46 8.244418
38 48 1.536365
38 50 1.089207
38 52 6.238872
38 59 3.095600
39 44 2.839051
39 55 5.217201
40 42 6.208403
40 45 1.239968
40 50 4.327850
40 51 9.040782
40 56 5.670612
40 57 9.506234
40 59 2.022821
41 46 9.280560
41 55 9.944072
41 59 8.174854
42 45 3.916848
42 50 6.678239
42 54 6.828542
42 55 7.418520
43 44 1.471039
43 45 5.309303
43 52 7.067406
44 50 6.580200
44 52 9.683938
45 49 2.230578
45 51 7.143237
45 54 5.448069
46 48 7.941677
46 49 3.424632
46 54 2.010172
46 59 5.966144
47 53 3.967003
47 54 2.252921
48 51 5.923422
48 52 5.102001
48 55 5.636217
48 58 6.025871
49 50 2.070189
49 51 6.824127
49 54 5.646429
49 56 6.035887
50 57 2.459273
51 52 2.089864
51 55 1.726696
51 58 3.243803
52 58 6.011431
53 59 6.593329
54 55 8.760506
56 59 8.476691
298.892887 249.332298 462.338930 478.753546 464.851487 302.339579 312.327176 408.293203 429.759403 306.991022 407.287917 468.192952 497.942252 442.961355 439.754552 363.066478 348.399681 410.665190 377.659547 501.612219 263.506675 235.974590 255.103728 453.514449 244.911703 405.996353 251.607997 483.687230 236.510766 445.835378 390.829210 317.771194 282.930515 358.288399 488.356594 228.470377 468.587228 349.849612 309.808544 351.261681 397.417351 297.739865 283.751340 392.092538 368.738200 229.157281 248.619023 309.885007 434.355896 402.562550 327.511195 371.472803 263.470930 380.949887 410.582975 308.234286 330.083002 452.961843 349.659159 477.233409
