900
1797
0 1 2.321868
0 2 9.945329
0 6 5.131577
0 7 18.357529
0 11 18.808375
0 17 1.204623
0 23 12.570003
0 24 13.391347
0 29 11.346339
0 33 8.653991
0 35 2.779229
0 42 16.844822
0 49 4.174096
0 52 18.209913
0 69 13.213075
0 72 5.803575
0 110 18.405764
0 160 5.416435
0 204 5.491024
0 209 3.551287
0 257 17.016616
0 263 2.324827
0 358 3.337622
0 363 7.046816
0 375 18.078358
0 388 9.825895
0 407 14.943326
0 527 12.927023
0 577 2.811329
0 647 2.940721
0 702 1.241777
0 778 12.901586
1 2 14.624878
1 3 17.920497
1 6 5.935436
1 8 8.867218
1 15 10.343015
1 20 4.310474
1 22 12.755299
1 29 2.165043
1 37 19.319798
1 61 8.058811
1 62 18.637965
1 98 6.143699
1 100 11.979826
1 124 11.414481
1 144 15.163669
1 173 9.677061
1 241 7.534349
1 258 5.377316
1 330 5.627171
1 373 3.441972
1 557 15.951118
1 574 2.197597
1 612 8.846225
1 627 3.640868
1 642 11.628162
1 748 1.467690
1 752 2.954672
1 852 7.959510
1 890 2.486435
1 898 8.376932
2 3 4.684312
2 4 13.954005
2 5 15.491216
2 7 9.856006
2 8 18.461889
2 9 16.642181
2 11 9.532936
2 15 2.888778
2 18 19.955903
2 25 8.293004
2 32 7.300907
2 40 6.045122
2 50 16.096693
2 60 1.699229
2 65 11.225619
2 68 7.381456
2 85 16.020881
2 102 15.551284
2 105 4.277572
2 128 10.655909
2 129 18.444215
2 133 12.545836
2 146 13.396860
2 195 14.402739
2 207 6.212253
2 236 3.243986
2 240 15.413328
2 281 10.217396
2 290 4.073005
2 322 19.290778
2 341 9.374180
2 367 14.342344
2 404 8.018191
2 471 18.967208
2 480 14.591113
2 493 4.780313
2 494 11.354621
2 525 4.748462
2 545 8.968970
2 568 18.152068
2 589 15.215805
2 609 16.059748
2 622 6.657139
2 651 1.105936
2 694 8.649889
2 768 3.932831
2 779 6.244848
2 848 10.774100
3 4 13.086842
3 5 13.083822
3 13 16.287543
3 16 18.795213
3 21 9.546545
3 30 16.556210
3 36 10.393211
3 67 4.728275
3 69 18.666508
3 71 5.429140
3 101 7.976475
3 102 5.808804
3 104 16.862321
3 141 14.698788
3 180 11.809596
3 190 19.417884
3 205 10.269133
3 208 17.172887
3 225 18.841864
3 261 8.324064
3 284 8.231797
3 295 19.781273
3 438 9.249770
3 449 15.593115
3 522 17.015850
3 542 16.438169
3 554 4.353087
3 590 4.871085
3 814 19.257918
3 895 15.430950
4 9 18.875624
4 13 2.076886
4 22 11.728437
4 90 6.223454
4 117 7.289886
4 128 17.634273
4 138 10.516713
4 206 4.895056
4 374 1.400657
4 377 7.314925
4 382 3.686603
4 391 15.148038
4 552 2.333100
4 741 13.624778
4 745 5.560320
4 810 8.314731
4 812 19.344982
4 848 1.959853
5 10 6.537237
5 12 12.543641
5 17 2.778749
5 20 12.694164
5 24 15.186894
5 26 6.292808
5 46 11.856403
5 63 17.235032
5 64 18.075514
5 89 1.982046
5 98 16.101973
5 107 6.986631
5 125 16.113618
5 127 8.439417
5 132 15.830934
5 142 10.879365
5 189 19.653938
5 222 11.524987
5 290 16.991039
5 299 6.057980
5 335 18.885509
5 345 5.483221
5 362 10.016832
5 447 15.233316
5 480 14.423498
5 504 4.586523
5 516 4.492348
5 578 19.487880
5 839 6.427467
6 10 11.261825
6 30 19.578546
6 41 17.692765
6 44 11.274377
6 56 12.262838
6 79 12.782097
6 94 15.944840
6 125 2.841995
6 131 14.005749
6 137 16.036455
6 139 2.142389
6 170 10.068306
6 174 9.171316
6 175 16.677854
6 218 15.213320
6 239 13.208156
6 282 1.597266
6 359 3.567932
6 361 9.167058
6 460 16.916096
6 565 15.853608
6 712 9.566886
6 721 19.026987
6 741 16.513515
6 791 14.082146
6 808 10.134715
6 826 3.721446
7 12 3.258558
7 14 4.614523
7 43 3.181155
7 107 18.383458
7 479 18.493186
7 634 14.955735
8 50 4.696293
8 97 8.065183
8 116 12.897045
8 539 18.975341
8 599 12.730326
8 740 11.787188
9 21 1.286615
9 41 4.970131
9 57 5.347067
9 82 6.820117
9 90 8.745278
9 182 18.864935
9 360 4.963820
9 459 2.575774
9 485 15.801271
9 487 8.101062
9 532 4.503544
9 594 10.233154
9 680 8.597188
9 760 15.917563
9 797 4.635217
9 805 14.161439
10 66 6.525393
10 155 3.907882
10 183 3.880073
10 197 12.875217
10 212 8.174407
10 215 8.845914
10 229 15.171381
10 249 13.192857
10 274 11.601948
10 275 4.702435
10 312 18.899867
10 317 6.136680
10 337 1.399910
10 394 16.373888
10 457 3.924912
10 472 15.714734
10 543 10.067565
10 614 17.495311
10 635 2.164829
10 678 11.891086
10 794 3.161982
11 14 13.963843
11 25 16.987594
11 27 4.921747
11 36 12.860453
11 38 15.884092
11 39 5.136833
11 57 19.280809
11 58 12.926860
11 76 18.726406
11 124 15.716122
11 134 13.932842
11 154 17.393432
11 161 2.215448
11 234 2.097508
11 271 11.454932
11 279 10.747246
11 286 14.264896
11 306 2.487199
11 325 9.959399
11 410 11.808020
11 417 17.042563
11 439 15.469675
11 518 2.642275
11 631 5.879830
11 646 12.482742
11 858 18.886609
12 43 6.692252
12 133 7.247058
12 494 17.488724
13 45 11.156821
13 53 16.373811
13 221 14.210995
13 269 3.462046
14 16 8.886994
14 18 10.194236
14 32 19.245339
14 34 19.429633
14 40 2.954931
14 51 10.469591
14 60 4.139836
14 67 16.963194
14 83 10.616098
14 86 11.834527
14 115 18.933124
14 145 17.474141
14 155 7.774081
14 195 2.459384
14 202 9.633695
14 219 1.747622
14 227 5.351246
14 228 9.870763
14 231 8.271946
14 246 17.331108
14 426 13.448907
14 430 8.267505
14 466 11.601682
14 636 15.724848
14 726 8.276229
14 742 1.404615
14 757 2.108193
14 798 11.028651
14 803 4.378769
14 833 2.170894
14 851 12.742128
14 883 4.211501
15 19 2.874043
15 84 16.018867
15 96 19.376434
15 109 18.570485
15 283 13.943322
15 670 9.550303
15 754 11.595880
16 19 3.049545
16 37 15.835346
16 81 4.738430
16 120 14.071753
16 122 1.825899
16 233 9.407828
16 278 15.910560
16 458 9.654350
16 693 13.033325
16 760 10.762902
17 31 5.296335
17 38 17.195929
17 106 16.444315
17 401 5.330628
17 515 4.327751
17 539 17.982430
17 719 8.943728
17 759 10.205684
18 34 2.974536
18 49 6.676600
18 119 7.515042
18 138 10.886924
18 169 12.277770
18 172 4.732638
18 187 17.170190
18 196 17.620866
18 203 17.676121
18 277 13.164047
18 305 15.162720
18 450 7.291456
18 465 14.866814
18 687 17.535233
18 738 7.861879
18 788 1.611780
18 795 4.464966
18 833 14.712953
18 880 11.979065
19 33 11.640029
19 72 8.624513
19 110 13.630018
19 181 12.378439
19 226 2.431589
19 254 4.824787
19 281 8.922684
19 348 15.184435
19 376 11.818952
19 379 17.999565
19 410 12.670807
19 492 13.917276
19 569 1.999004
19 581 14.606037
19 586 15.977512
19 588 13.854984
19 736 19.079147
19 756 17.643911
20 28 8.150657
20 177 2.533331
20 232 15.657871
20 253 3.036162
20 278 4.685925
20 536 12.315413
20 592 8.018929
20 799 19.893835
21 58 9.412109
21 82 6.493069
21 242 18.591804
21 244 2.700226
21 324 18.884743
21 349 3.680461
21 442 3.987098
21 459 17.114041
22 23 8.496631
22 134 3.978535
22 203 16.526289
22 205 18.241567
22 327 12.638459
22 343 10.062967
22 403 17.018422
22 559 5.902500
22 593 10.728743
22 597 18.368216
22 665 9.052257
22 745 19.653768
23 45 18.745579
23 63 7.135886
23 71 14.830138
23 74 13.396871
23 80 12.802546
23 88 19.333815
23 100 3.275215
23 126 6.198475
23 136 1.239521
23 163 8.413357
23 174 1.486324
23 320 13.776447
23 458 15.362260
23 535 15.144062
23 684 5.516650
23 699 10.619830
23 784 17.210714
24 26 5.526502
24 35 6.413291
24 44 3.015263
24 78 1.213737
24 199 17.438730
24 219 3.778908
24 223 18.512939
24 262 9.489332
24 309 13.889699
24 332 14.400525
24 360 15.906793
24 414 14.492730
24 430 12.948868
24 440 7.354713
24 456 12.590170
24 718 17.462479
24 731 14.993907
24 751 18.966320
25 28 18.738831
25 53 5.518431
25 61 15.440012
25 109 10.822503
25 156 12.419501
25 164 9.858522
25 192 2.976037
25 294 9.370598
25 366 1.341614
25 416 17.356095
25 445 19.761624
25 462 6.817697
25 669 4.214974
25 723 18.824669
25 789 6.449268
26 27 2.568379
26 31 1.346005
26 55 11.842746
26 105 19.525686
26 108 16.026938
26 111 3.049639
26 276 10.779002
26 308 2.568933
26 345 6.901031
26 618 15.690760
26 656 6.998500
27 47 5.705195
27 97 15.655437
27 135 2.315159
27 165 19.475288
27 199 5.307011
27 238 12.136275
27 254 15.097671
27 292 19.583317
27 347 2.763426
27 353 17.412320
27 405 15.323880
27 429 5.904374
27 523 4.382926
27 582 16.510857
27 642 12.916433
27 704 11.502071
28 235 8.240079
28 248 1.356956
28 329 10.023223
28 386 17.373745
29 73 18.147394
29 313 7.718138
30 48 19.417795
30 64 13.946200
30 249 16.463134
30 654 14.782347
30 656 15.291552
30 780 19.975828
30 802 15.520014
30 879 10.506512
31 103 10.156758
31 119 7.064934
31 211 3.052223
31 306 16.084081
31 388 11.882992
31 416 18.210093
31 762 19.878555
32 68 5.189325
32 325 13.223189
33 455 14.125152
33 509 10.855834
33 744 2.057506
34 75 15.587921
34 91 19.579189
34 104 11.856902
34 191 8.395050
34 302 2.405685
34 677 4.959261
34 695 4.692398
34 771 17.766856
35 42 18.857565
35 52 19.702272
35 56 15.773817
35 78 3.501052
35 86 3.579360
35 92 14.914791
35 117 1.128805
35 120 15.423694
35 270 1.741404
35 321 3.478083
35 337 3.442288
35 386 5.220256
35 413 13.061707
35 451 5.533518
35 672 13.874711
35 716 15.662479
36 472 3.136409
36 521 5.684398
36 621 16.962935
36 829 4.046108
37 314 6.551827
37 344 4.776109
38 39 15.296983
38 47 16.110446
38 51 6.326001
38 54 16.231223
38 66 7.572255
38 70 9.604689
38 75 9.046282
38 99 11.308242
38 158 17.959710
38 159 4.726627
38 169 14.493267
38 271 15.444114
38 272 13.723097
38 293 10.213056
38 358 13.919048
38 378 5.196987
38 383 6.111832
38 392 1.428289
38 429 14.991290
38 446 5.554310
38 467 4.021799
38 512 19.439761
38 533 6.847932
38 583 3.216251
38 596 19.874985
38 616 13.804690
38 625 2.992537
38 780 9.460931
38 831 11.756419
38 841 6.378105
39 114 18.696925
39 143 1.867323
39 223 14.005568
39 371 14.592858
39 463 9.114322
39 524 3.197342
39 595 5.345397
39 626 9.045265
40 59 6.652862
40 77 2.310010
40 147 18.928376
40 242 5.154410
40 269 13.040005
40 311 3.941099
40 387 13.476541
40 439 17.766794
40 625 17.415977
40 627 15.927943
40 659 16.479107
40 771 14.775085
40 816 18.086906
40 853 15.576272
41 81 12.949648
41 126 5.822239
41 175 6.334772
41 315 18.503788
41 551 13.559538
41 713 1.627368
41 742 9.770069
42 48 19.629979
42 54 13.820965
42 55 3.060797
42 59 15.650520
42 62 2.147160
42 79 4.026578
42 88 4.689063
42 91 18.811560
42 118 18.608846
42 182 17.102166
42 613 18.811806
42 679 1.920139
42 724 4.096743
43 46 4.891070
43 74 12.269358
43 103 16.571270
43 193 3.867156
43 232 13.620527
43 380 3.944743
43 645 5.954392
43 716 11.374730
44 351 1.714787
44 461 2.950672
45 116 13.071951
45 178 16.550477
45 318 15.148050
45 402 15.029914
45 440 8.105704
45 825 9.819970
46 495 5.381962
47 106 16.446166
47 127 1.080531
47 356 4.907060
47 413 12.659138
47 663 4.736324
47 820 18.114765
47 837 3.071740
48 667 2.619459
48 830 10.384747
48 859 10.609592
49 89 15.813954
49 145 14.893770
49 152 1.248316
49 243 19.669686
49 245 19.416173
49 510 11.570847
50 324 14.493410
50 336 9.804540
51 130 4.783218
51 186 8.019367
51 288 14.649985
51 835 19.441898
52 167 9.292324
52 172 15.266953
52 200 15.071168
52 245 19.536395
52 250 1.214719
52 256 3.765702
52 257 6.080993
52 295 7.674497
52 431 9.531725
52 579 16.262691
52 638 10.613346
52 689 15.721221
52 788 11.910786
52 805 18.818427
54 132 9.872341
55 646 3.878593
56 94 10.947265
56 123 2.006958
56 153 19.569336
56 168 11.203965
56 369 6.329599
56 411 2.532706
56 449 11.245249
56 540 14.338583
56 714 5.000914
57 129 11.157057
57 419 1.566116
57 466 6.423436
57 518 10.164263
57 587 15.515737
58 70 7.312266
58 272 12.849826
58 444 6.940039
58 490 15.086125
58 526 11.444313
58 729 14.147595
59 65 5.162587
59 96 16.516566
59 259 5.271288
59 401 4.449052
60 130 12.419345
60 164 12.087803
60 235 1.059903
60 250 10.074669
60 486 16.151828
60 842 9.998951
60 844 11.725053
61 143 10.727966
61 184 12.550069
61 264 17.948538
61 309 9.775161
61 425 8.449104
61 503 1.014436
61 822 4.824493
62 83 19.508167
62 150 7.009794
62 189 13.958884
62 213 5.721553
62 280 13.654546
62 334 16.234186
62 415 2.723792
62 427 1.325485
62 547 19.518220
62 549 17.859195
62 635 14.576802
62 728 18.009177
63 262 2.505375
63 473 19.861176
63 878 19.572658
64 118 10.443323
64 157 16.132844
64 180 11.482304
64 233 12.348693
64 562 5.677734
64 643 14.358729
64 859 5.773481
65 73 1.394804
65 101 16.907970
65 266 5.923902
65 300 13.588684
65 829 18.172983
67 76 18.440711
67 77 8.374252
67 92 11.257435
67 207 14.688944
67 251 14.223234
67 289 13.428089
67 302 7.133880
67 330 4.858074
67 395 16.060723
67 398 19.722109
67 477 2.584558
67 520 17.805473
67 687 11.625239
67 753 3.316246
67 796 3.153806
67 867 8.388365
67 871 2.441252
68 123 14.226921
68 154 13.191603
68 167 14.060266
68 411 15.207139
68 581 14.914965
69 80 10.473954
69 114 1.833296
69 148 14.452475
69 161 13.694712
69 176 12.355646
69 491 15.110742
69 585 8.133522
69 774 4.509812
70 158 15.650973
71 85 4.862114
71 87 8.202529
71 95 12.927799
71 108 3.784415
71 452 5.916070
71 541 17.812393
71 555 11.130897
71 664 13.445149
71 727 15.137226
72 197 12.514986
72 247 4.843191
72 267 16.207469
72 575 14.070151
72 708 12.938540
72 782 17.262689
72 896 8.910801
73 87 4.143074
73 93 11.354140
73 140 6.470535
73 166 18.177617
73 200 2.129947
73 213 4.093820
73 255 14.798075
73 355 9.349409
73 523 6.453391
73 542 14.049009
73 544 13.226948
73 668 17.876148
73 785 5.826668
73 841 19.827133
73 865 4.497777
74 95 18.132005
74 113 6.497575
74 214 4.560922
74 558 10.247699
74 623 10.763025
76 113 11.167859
76 122 2.014485
76 322 7.119931
76 412 14.965565
76 535 2.378144
76 683 3.674028
77 208 6.364402
77 284 6.255561
77 288 13.480949
77 327 15.460145
77 368 18.072981
78 566 11.017863
78 870 17.104798
80 341 12.161712
80 550 13.972316
81 84 14.233577
81 136 16.639087
81 141 5.889675
81 287 3.786077
81 312 8.714712
81 432 14.381602
81 505 6.326240
81 707 4.329381
82 210 18.542127
82 216 3.290659
82 508 3.960856
83 112 7.343813
83 218 3.435706
83 795 19.992402
83 860 4.081580
84 135 2.985374
84 142 10.521658
84 280 1.285042
84 297 11.698865
84 308 4.347751
84 414 3.389372
84 446 4.785105
84 737 16.965892
84 770 10.693975
84 882 8.502836
85 179 13.970912
85 314 3.327088
85 489 2.715234
86 225 4.974935
86 409 17.892079
86 487 19.140560
87 185 18.868228
87 474 4.322223
88 93 15.256951
88 193 14.604821
88 503 11.893395
88 592 2.424112
88 668 7.613839
88 751 9.929282
88 837 1.421607
89 418 17.077472
89 441 5.822888
89 500 4.849315
89 690 16.075826
91 412 17.496980
91 601 18.544423
91 844 17.808417
92 112 19.790025
92 508 19.781366
92 763 14.214071
92 796 16.767514
93 162 2.746052
93 351 10.214171
93 374 14.112343
93 475 7.076894
93 481 14.658603
94 234 6.261560
94 289 2.749832
94 333 13.602167
94 551 10.967213
95 147 15.217795
95 160 15.616200
95 857 16.397439
96 300 2.302653
97 252 10.992763
97 276 5.140723
97 328 2.561346
97 364 11.374101
97 365 7.126216
97 395 4.576216
97 400 11.465068
97 425 2.865503
97 730 13.504263
97 879 18.578701
98 99 17.607058
98 131 2.234943
98 453 2.301787
98 624 3.165467
98 852 12.765191
99 150 15.858435
99 348 11.321590
99 447 8.173111
99 468 17.072935
100 224 18.974437
100 299 11.539788
100 303 11.131983
100 315 6.959981
100 637 8.899870
101 212 7.727244
102 206 15.331668
103 215 8.130782
103 463 6.552445
103 573 13.540652
104 230 19.924977
104 231 5.895187
104 252 5.547983
104 285 16.979084
104 397 14.704267
104 405 13.120186
105 424 12.296411
105 735 9.184775
106 340 9.297767
106 574 18.268129
107 148 17.152866
107 286 18.445786
107 310 7.768061
107 331 6.163999
107 361 17.046047
108 171 7.891263
108 194 10.559724
108 305 6.476583
108 338 9.286037
108 647 4.488969
108 655 13.318740
108 662 15.539049
108 849 11.064634
109 115 2.353781
109 157 3.598631
109 183 4.941207
109 237 1.490845
109 408 9.436866
109 479 2.983314
109 491 19.806589
109 538 3.432219
109 731 8.754211
109 818 10.510142
110 111 15.812520
110 121 13.278580
110 140 11.857562
110 277 1.483369
110 594 17.411064
110 649 9.528826
110 734 18.590997
110 735 2.198092
110 808 10.208847
111 151 16.815248
111 293 5.558095
112 221 10.172873
112 462 13.439093
113 137 5.606534
113 282 8.668641
113 316 3.090863
113 710 6.022633
114 500 9.442272
114 595 7.177805
114 765 1.615099
115 121 9.536563
115 165 6.622468
115 187 10.371797
116 237 4.247849
116 598 1.073282
116 641 1.254926
117 274 2.069560
117 307 10.224717
117 454 18.393922
117 499 18.491296
117 537 3.193897
117 660 19.271024
119 266 16.121792
119 321 7.898662
119 443 3.393661
119 467 8.045687
119 540 14.279502
119 623 18.760125
119 875 18.025595
120 166 17.263333
120 220 10.248903
120 428 9.407541
120 469 19.237130
120 717 17.784016
120 806 10.667113
122 384 7.642680
122 406 7.949885
123 146 10.312371
123 470 8.093726
123 567 1.575666
123 777 4.173987
124 151 13.095135
124 181 15.021578
124 228 6.731514
124 818 14.486337
125 689 4.328522
126 188 2.079538
126 238 18.764041
126 484 8.087632
126 582 9.825025
126 587 14.955906
126 610 12.705604
126 672 6.369390
126 778 13.756645
127 149 1.139044
127 152 4.913008
127 163 5.094276
127 171 5.001144
127 188 9.864368
127 210 2.313620
127 340 1.881673
127 649 2.479290
127 678 18.518027
127 754 10.217145
128 422 6.987335
128 605 11.626552
129 263 4.731610
129 469 15.525798
129 882 12.021492
130 291 15.092195
130 334 3.734887
130 357 14.973029
130 364 4.000410
130 370 17.290396
130 629 2.854854
130 769 9.168181
130 809 9.192112
130 858 10.766065
131 194 15.702061
131 256 5.741939
131 537 18.506533
132 216 1.394012
132 224 1.841664
132 436 16.655969
132 502 10.840489
133 144 12.348757
133 477 18.145534
134 153 17.902328
134 222 8.134764
134 380 7.897350
135 162 6.209065
135 362 17.105804
135 408 18.718375
135 553 13.967676
135 561 9.474230
135 644 18.250200
135 652 1.211704
136 236 19.573572
136 335 10.283141
136 367 4.029492
136 607 10.186954
136 691 10.488969
136 886 13.370952
137 139 11.503911
137 196 4.284901
137 304 8.790975
137 391 17.806912
137 427 17.309215
137 478 6.813956
137 819 18.624157
138 178 13.965752
138 381 2.663764
139 168 17.725276
139 433 15.400088
139 558 10.608417
139 633 18.833120
139 864 8.925232
140 375 4.566928
140 548 3.457058
141 185 6.667785
141 418 4.587337
141 498 2.661621
141 576 17.425946
141 580 8.469666
141 639 9.923766
141 752 9.864209
142 176 10.840307
142 283 5.691506
142 452 3.280186
143 437 6.437458
143 706 9.935588
144 149 4.409981
145 622 6.181507
145 807 18.136915
146 190 17.140920
146 399 9.722389
146 450 18.072834
147 159 16.735476
147 258 14.107928
147 260 16.805294
147 352 5.412020
147 661 14.194023
147 718 7.086134
147 834 9.305300
147 881 1.928202
148 170 13.193629
149 156 9.555212
149 599 9.284768
150 316 4.585732
151 319 10.263169
151 758 8.287957
153 227 8.456736
153 355 6.219069
153 572 19.207100
153 865 16.691742
154 191 8.917191
154 202 10.776798
154 370 17.510209
154 448 1.744313
154 516 16.645099
154 591 4.880259
154 817 6.938997
156 517 19.628324
156 578 16.803953
156 836 2.406955
157 192 14.868271
158 559 10.616889
158 870 14.079468
158 872 16.787773
159 435 9.032534
159 605 5.037529
159 730 16.819091
161 179 6.189100
161 214 10.637285
161 291 18.103426
161 298 10.666647
161 363 12.190019
161 538 2.413734
161 608 17.569338
161 701 2.261915
161 710 11.219723
162 279 6.940027
162 296 16.043868
162 724 15.499564
163 198 13.532570
163 690 19.121422
164 177 19.348869
164 435 16.990920
164 615 19.013583
164 773 18.712963
164 897 16.175527
165 201 9.627215
165 240 13.098613
165 317 13.637150
165 422 12.779993
165 781 12.045141
166 609 9.828293
167 173 17.465299
167 211 10.498951
167 229 2.374016
167 246 6.556344
167 344 19.376280
167 657 14.107835
167 839 13.685117
168 365 8.729263
168 384 9.451429
168 533 6.019649
168 565 17.898824
168 798 10.953924
172 209 14.714692
172 576 2.842114
172 899 17.843911
173 326 15.272181
173 406 10.921074
173 457 2.384868
173 497 2.820190
174 201 6.661044
174 525 17.961657
175 628 6.793985
176 184 13.834336
176 301 18.785204
177 434 3.708528
177 602 9.853564
178 441 4.883089
178 471 5.047646
179 198 17.288523
179 556 5.404331
179 571 14.775892
179 708 7.842394
179 826 4.404679
180 251 17.137599
180 437 5.676341
180 507 12.395395
181 268 19.731170
181 733 14.898262
182 385 19.111878
182 671 15.914181
182 868 7.745674
183 248 4.828070
183 259 19.682912
183 323 6.470271
183 353 11.693207
183 489 1.924564
183 588 15.702198
183 633 1.535693
183 824 3.745421
184 354 10.439144
184 454 16.221902
184 756 14.207999
184 791 9.708545
184 863 14.858707
185 186 15.487261
185 217 6.586938
186 220 18.773696
186 468 11.308059
186 563 14.159900
186 570 16.674887
187 432 19.530437
188 268 15.263902
188 397 6.350149
189 814 16.739653
190 265 3.168849
190 294 13.267793
190 319 15.311584
190 534 6.148883
190 885 16.355106
190 889 2.846891
191 298 1.240924
192 831 13.573968
193 342 11.841764
193 390 8.840133
193 577 15.167357
193 600 9.588893
193 620 2.467062
194 275 15.041051
194 399 18.869986
194 632 17.121053
195 230 15.420696
196 204 19.743252
196 239 19.975561
196 484 13.271617
196 775 16.173280
197 387 7.448940
197 546 3.996997
197 613 3.734426
197 654 14.895405
197 725 3.059699
199 217 2.830439
199 396 7.279659
199 443 12.985616
199 547 18.705735
199 583 17.564076
201 323 13.445593
201 822 7.933167
204 601 3.916026
204 740 15.920911
205 356 2.548775
205 485 15.709721
206 473 11.235015
207 512 3.649012
207 561 18.275855
207 584 1.678130
207 661 14.190584
208 253 15.429625
208 329 12.472010
208 346 18.820046
208 366 9.666433
209 273 13.394793
209 297 4.878458
209 331 19.490970
209 359 6.542523
209 396 2.749188
209 486 5.756474
209 638 17.009687
209 675 12.762251
210 226 18.833197
210 673 8.550951
211 436 10.468946
211 482 16.001693
212 349 4.888848
213 265 14.120586
213 373 5.622492
213 474 10.301222
213 493 11.041985
213 696 18.781294
214 332 6.727104
214 571 18.506434
215 304 7.662910
215 801 4.529772
216 378 15.978839
217 336 14.360133
217 390 7.224353
217 495 8.568057
217 611 19.351200
218 267 16.383433
218 342 9.150303
218 369 8.006427
219 381 19.030704
219 470 13.899480
219 531 16.191852
219 616 5.277390
219 702 3.753780
220 354 18.159325
220 681 19.569633
220 757 8.238065
224 591 7.402168
226 652 6.599612
227 243 18.739130
227 255 3.766467
227 264 15.567536
227 339 14.951599
227 772 4.172035
229 682 1.525691
231 749 15.097400
232 241 19.889007
232 333 14.997933
232 572 12.444591
232 704 11.831233
232 719 7.490878
233 247 15.371275
233 301 18.061021
233 347 7.656971
233 371 6.524725
233 465 12.798431
233 619 16.827848
233 713 5.411818
233 749 16.293118
234 606 1.167600
235 287 1.883292
235 464 6.863525
235 801 17.218207
236 453 16.668171
236 748 7.597782
237 310 16.515837
237 326 15.493633
237 758 13.561476
238 709 4.841520
238 881 3.261025
239 244 6.440855
239 673 1.939458
240 260 15.520871
240 421 2.850569
241 560 3.167279
242 273 16.226764
242 585 9.172665
242 586 1.923564
243 546 9.629543
243 705 18.106153
244 313 8.656603
245 445 6.881455
245 550 4.105709
245 658 1.546875
245 685 7.834897
246 376 15.006996
247 350 1.167375
247 393 5.817659
247 444 17.792402
247 669 2.937401
247 894 17.438371
249 270 4.450563
249 497 17.838855
249 895 4.172226
250 507 5.964447
250 893 11.444486
251 511 15.084557
252 832 1.154624
253 557 13.665769
255 307 7.246057
255 339 6.033916
256 296 1.427226
256 499 15.306860
256 674 17.972033
257 402 11.883046
257 799 12.573989
257 821 8.535260
257 877 3.694299
258 528 3.700263
259 261 3.175148
259 372 6.200158
259 637 10.597337
259 834 14.691441
260 464 4.959131
261 311 11.101008
261 606 9.427905
261 853 9.768126
262 688 14.834737
264 318 3.250746
264 590 12.025522
264 888 14.877705
265 338 14.613922
265 717 3.375165
267 285 11.925410
267 515 10.823536
267 871 19.237394
268 383 18.880232
270 564 14.743189
271 346 17.763133
272 838 15.298331
273 328 9.995356
273 684 2.423187
273 866 9.751251
276 393 12.208274
276 611 19.578812
276 715 17.043085
277 519 12.816367
278 521 17.407301
278 604 14.321001
278 847 3.995723
279 823 19.015804
280 350 8.601979
280 541 8.476852
280 703 14.858065
281 448 12.247708
281 532 10.742424
281 589 7.830367
281 874 18.713900
282 584 9.807141
282 851 4.329521
283 404 15.582562
283 514 6.355769
285 292 11.180227
285 372 16.413169
285 549 2.765850
285 691 1.516386
285 723 9.729246
286 303 10.747384
286 527 6.748829
288 320 19.600790
293 768 4.751706
294 764 1.412027
295 434 16.115269
296 460 3.923421
296 461 18.891070
296 786 7.490592
297 481 17.129015
301 403 19.993815
302 417 3.309232
303 433 15.068064
303 866 7.790229
304 475 19.311899
304 617 16.646846
304 794 4.216799
305 657 15.554001
305 855 11.088888
308 596 16.527365
311 843 1.265898
312 722 14.768779
313 502 9.302190
313 509 17.972667
313 514 17.553546
313 575 11.022437
313 720 1.952073
313 734 18.248854
313 761 18.127181
313 802 2.906829
313 819 10.280505
314 451 5.544759
315 423 9.168699
315 431 10.872358
315 548 16.573356
315 836 5.812377
316 737 9.522640
318 382 17.067832
318 421 15.749748
319 377 6.269766
319 385 1.686153
319 676 5.512450
320 476 6.608078
321 423 13.861173
322 626 6.567775
323 755 15.134051
325 563 17.561429
325 755 17.009287
326 343 10.214994
326 530 9.443927
326 793 7.557473
328 653 13.360104
328 887 2.022624
330 424 6.105379
330 733 5.235361
331 885 6.675503
333 419 18.799348
334 566 2.910792
334 698 19.965949
335 379 7.502966
335 420 2.003803
335 738 10.773236
335 809 9.100480
336 352 1.488185
337 389 4.346294
337 898 11.460965
338 498 10.701877
338 658 10.255388
338 747 1.765461
339 560 15.943703
339 570 5.746340
339 811 19.283036
341 438 15.295442
342 426 5.780673
342 482 1.820274
343 428 12.463435
344 624 17.454237
346 368 5.516483
346 510 6.765276
346 776 9.315893
346 789 12.813755
346 888 6.110495
347 603 1.428352
347 650 13.138365
347 667 8.042482
349 394 9.202700
349 398 8.072353
349 608 2.776659
351 522 16.493063
352 872 5.311983
353 483 19.779159
353 620 1.262744
353 727 14.385357
355 357 2.463732
356 629 16.232432
358 569 15.430689
362 519 4.794690
362 783 19.757049
362 860 11.856753
363 869 8.028983
364 762 5.334380
366 407 2.844939
366 505 12.367350
366 664 6.075786
367 400 7.210319
367 840 7.133312
368 389 19.132736
368 420 16.880148
368 639 10.334984
368 653 4.388218
368 894 4.259071
370 786 1.739053
372 709 4.361621
373 392 17.299398
373 545 1.641497
373 552 9.996907
373 640 2.672849
374 409 8.105469
375 415 4.037337
375 506 3.037036
375 536 19.003534
375 773 13.319711
376 488 5.212796
376 681 14.151807
376 790 19.932356
377 524 16.072703
380 615 2.635926
380 630 5.869107
384 492 18.821714
385 478 10.002438
388 501 7.376244
388 747 11.387417
391 506 12.555427
392 490 3.256330
393 442 16.849118
393 531 9.302388
393 850 10.176447
396 456 8.932025
396 743 12.013660
398 617 17.942544
399 884 10.129683
400 674 11.376697
401 621 6.490190
403 703 19.762600
406 476 19.121479
407 517 11.169172
407 753 13.538301
407 847 2.411870
408 783 9.616357
410 767 10.942673
412 520 11.316419
412 893 12.131383
413 631 7.518047
417 567 19.292839
418 496 12.201072
418 610 8.134710
418 648 10.904693
418 804 3.808772
419 534 13.409905
420 675 16.440881
420 856 12.252186
421 774 8.848972
422 529 4.804856
424 455 7.110389
424 488 16.185505
424 496 18.771537
424 648 18.513234
428 777 9.062645
429 763 13.767683
429 776 14.878765
430 543 1.068051
430 728 2.835244
431 726 6.009374
433 564 10.751069
433 604 19.070007
433 679 16.275125
433 707 2.890239
433 769 14.727627
435 886 18.517432
438 685 10.423893
440 553 8.059951
441 759 15.877525
441 825 14.123693
444 530 15.888080
444 686 4.360849
445 555 17.001775
446 529 14.178707
448 721 5.572723
449 513 19.193540
450 628 11.100585
451 856 9.497154
452 824 15.617398
454 483 14.753639
456 568 3.565683
460 580 5.221355
460 736 8.095319
461 797 4.222725
466 812 16.343217
467 511 9.800535
467 528 9.122893
467 781 15.724642
470 603 17.793393
471 501 14.419392
471 680 4.056504
471 869 12.286005
473 544 2.316534
473 686 18.105283
474 593 8.492210
475 645 14.942853
476 526 3.484757
476 614 14.415064
476 695 2.362958
479 556 16.933554
480 562 14.594632
481 597 5.635553
482 878 11.177993
483 641 7.854843
488 504 4.195183
489 803 10.454510
494 817 7.203378
495 715 1.953012
497 513 6.139022
497 676 2.422647
497 850 7.971001
500 698 16.227729
504 832 17.199498
506 746 9.149036
508 706 11.832024
511 636 18.936918
511 650 4.660497
512 632 11.320390
514 761 14.133294
516 787 15.138533
518 854 2.387871
520 790 6.375229
521 600 6.088145
521 630 2.465519
521 739 17.815852
521 813 19.275039
523 701 12.376134
525 854 15.054652
530 782 18.387065
530 897 7.119587
531 554 10.691396
532 725 12.125985
534 662 6.108522
534 820 13.045633
534 868 15.306363
535 845 10.417860
536 602 10.493867
537 655 8.831578
538 811 10.053446
541 612 8.354395
542 640 15.844687
542 700 8.153728
542 765 10.539647
542 804 1.617306
543 607 4.885779
543 644 11.584622
543 682 15.120685
545 830 14.699873
546 573 15.574741
546 665 10.986349
553 766 16.808073
554 579 19.804629
555 677 6.715213
555 750 5.231737
556 714 15.790535
558 883 2.631501
559 815 2.457668
560 618 19.233488
562 827 2.206804
564 692 8.088059
564 712 18.802818
564 722 1.092882
565 693 18.333465
567 720 5.708167
567 800 1.213752
568 643 7.182219
572 880 5.507408
572 884 18.205404
576 666 6.035549
577 619 13.635948
578 694 14.423613
579 659 17.033495
581 598 3.742884
582 835 13.518958
584 663 3.132121
588 744 9.766363
588 787 4.909495
591 692 12.725292
594 651 19.239845
596 634 14.697365
596 699 15.200172
596 792 11.415193
596 873 4.438844
603 697 14.156227
606 845 17.179240
606 864 16.609234
607 775 16.048773
607 849 18.331837
608 862 8.002870
614 887 11.450897
615 660 17.951787
616 772 7.931833
622 711 5.042150
625 666 10.491740
625 867 11.584039
627 743 18.627867
630 671 6.296101
631 890 12.865668
638 770 4.044349
642 688 6.720300
642 821 14.205613
646 670 16.246255
649 700 8.675205
650 746 14.176969
653 800 9.439044
653 838 17.276353
654 873 19.719323
655 876 13.724005
657 784 3.867181
658 696 14.387323
664 705 6.188888
664 861 5.604034
664 876 16.771808
665 683 1.063491
669 711 9.084925
669 875 11.931923
673 896 6.074593
674 862 7.332101
674 891 12.424584
676 785 14.891847
677 828 14.542570
678 697 17.607559
678 732 12.263479
679 892 8.771026
685 889 16.184190
690 843 7.857654
690 846 5.846289
696 828 4.392952
698 840 1.828605
699 877 15.549727
707 729 9.957171
711 874 3.915191
712 793 3.901983
720 861 19.709184
730 732 16.266764
735 816 2.858529
736 767 3.346967
738 739 3.232414
738 750 9.786393
747 842 17.647105
751 766 12.121669
752 806 17.194107
752 810 17.235588
752 815 12.510339
754 764 10.010927
757 792 18.340178
758 813 10.405669
759 779 3.352087
771 807 7.751797
801 827 18.218067
810 823 3.994468
812 892 8.372931
813 863 18.472626
818 891 9.408200
841 846 9.699256
849 857 18.046963
851 855 12.462727
858 899 15.889144
18.860490 12.771178 17.621718 22.103772 15.682269 11.420559 12.128452 24.323127 13.623323 11.258111 10.357514 11.934682 24.009730 12.489638 20.999432 6.648624 16.272410 8.874133 13.465880 9.822743 15.613562 7.595141 11.207408 9.928204 11.416143 10.869610 9.111649 24.273224 8.645253 22.564590 7.613468 10.273722 15.553846 16.244493 15.395345 18.340627 12.429908 7.235082 13.389392 8.320105 13.199874 15.924163 5.067093 9.052973 9.572328 17.403879 21.508098 10.301159 6.384750 6.010663 13.904313 15.006215 19.062668 12.027186 7.640213 24.377930 7.136726 14.865375 6.658392 12.927585 23.723956 5.821126 7.547020 24.346779 10.938390 17.502034 16.259516 17.785040 23.779774 19.755389 21.544871 24.017897 8.372118 12.522652 15.629341 23.986110 6.028422 21.302318 14.757287 19.943999 24.256519 6.951436 12.575788 21.858057 16.254562 11.023117 8.065586 13.508550 18.627908 13.458096 19.115784 13.787245 9.578978 14.783621 20.518716 16.563241 9.539104 17.294385 17.141984 13.019275 14.891058 12.196115 13.719063 15.020046 11.285880 12.180815 7.809170 11.133227 21.867981 24.788750 14.271237 22.409720 20.365862 6.982338 22.326796 5.166902 21.652096 12.627155 14.570213 22.530108 6.085229 10.681356 14.077779 17.523978 6.168728 23.652683 21.829638 13.091259 12.850067 17.471474 12.593304 7.091011 14.346201 14.341366 13.588581 17.142574 13.630722 12.626108 20.327205 19.104648 9.627963 9.102186 22.788543 16.072267 20.027019 24.938545 20.371924 17.379978 12.347549 20.799335 21.038927 7.993167 19.081738 21.564731 22.169766 21.793667 12.822385 5.270798 16.151717 12.417297 12.404660 24.523596 18.202518 16.409732 8.521402 5.899095 22.278299 22.965389 19.239475 24.202981 23.314863 18.268481 8.778290 24.736954 6.099073 14.646514 22.302583 14.489411 21.085861 5.902614 14.503599 13.178042 9.334168 16.384627 22.169586 8.020122 17.872592 7.758925 5.384535 24.812771 14.426097 15.124112 12.225231 6.556548 22.667522 15.319819 18.779765 22.693147 17.806758 7.296172 16.880317 13.930711 16.913606 11.629205 21.077040 7.926031 23.805617 15.713555 10.972981 8.980051 14.907817 8.535716 20.513533 7.362637 16.773330 6.448312 18.511714 9.213583 7.534298 24.019581 16.948568 23.781221 21.630125 10.102735 6.990822 15.766299 18.732266 14.154092 23.479056 13.801958 24.598429 20.190415 17.115236 12.650734 6.427001 17.386289 9.114292 21.164144 8.745147 20.068180 15.988385 8.709666 14.404392 7.347637 17.455967 16.516344 22.605972 9.318533 24.572304 12.100544 10.085311 10.874106 9.515196 19.666023 23.487035 22.329638 18.407017 19.640733 19.898624 22.316891 20.734745 24.473494 13.389302 15.276662 14.747976 14.014306 24.952943 14.525425 13.547669 7.492070 20.666501 22.958268 15.488337 20.231521 22.621127 6.147990 5.795216 17.480828 18.576152 9.598637 20.446408 21.681122 13.273767 6.716813 18.627712 22.210067 7.311184 13.721325 7.731853 15.094587 24.683271 16.754403 13.545661 20.789895 7.575556 22.397603 16.118073 16.247742 16.093456 19.926624 14.938266 6.745332 24.340954 13.057190 20.381947 9.446589 20.042498 14.715865 7.366558 15.641556 9.011559 17.547687 23.356829 15.989320 17.075024 6.734315 11.044507 21.868051 9.851743 17.506716 17.825417 16.810292 7.550599 8.191125 5.419025 21.632430 21.471712 14.361013 17.149168 5.379650 5.944782 21.959288 24.152451 18.985791 23.321196 21.223024 18.910029 11.781922 11.739982 16.583446 9.442873 5.242828 7.149922 19.714012 10.297564 5.622746 18.568719 8.732245 8.230966 7.785272 12.308193 24.058069 19.103283 13.625987 13.940111 13.192340 17.194705 17.436322 22.463395 23.621090 6.948846 11.189437 11.920095 21.276784 5.753007 23.940706 15.145836 7.673991 9.704922 11.622675 17.980039 5.705696 15.499892 20.556910 7.411533 9.626102 7.723116 11.702133 5.521879 24.008482 10.531366 13.518299 10.865610 24.995821 12.010373 11.712951 23.270189 21.727671 10.775488 5.992340 6.428994 15.719979 20.547217 14.277100 19.320590 20.064319 19.480931 6.911764 24.417065 20.878401 15.896742 17.578886 10.755561 19.000974 11.134702 23.662356 11.303079 15.633031 21.761193 21.418149 22.935088 22.340938 22.398767 5.935824 12.174981 12.259009 15.063061 16.100322 22.539770 14.450219 18.914267 8.402237 19.765131 7.867673 7.860293 13.827547 23.432397 22.814925 7.528050 7.433210 13.492503 7.639594 15.486180 6.705524 21.459331 21.652530 7.202139 10.904826 21.954328 21.586977 18.819778 9.352533 17.295301 17.120200 6.152134 8.822218 12.302707 16.756207 24.502247 8.326652 22.133304 12.418539 19.985581 16.091607 20.379838 19.854519 15.612541 16.285329 17.097051 18.369837 16.223713 14.621309 19.959813 23.901129 7.650579 11.104236 18.286699 9.046293 6.265228 20.301463 17.068545 23.210972 20.301067 17.669882 22.199511 10.498844 12.012867 21.879096 16.464125 7.736871 12.408486 10.813031 7.039063 12.552814 9.079161 22.185287 6.701358 10.875368 7.183301 12.573644 8.103236 16.155993 19.740772 12.743816 6.017921 7.896133 14.980591 7.576545 20.497206 22.098249 11.304065 15.156147 22.972796 5.452147 6.165912 8.852824 11.691678 15.088951 8.869556 14.282067 17.219117 17.111518 22.755028 14.263048 18.291882 9.601489 20.127623 5.682389 5.189621 10.460732 22.087191 11.985343 6.673704 6.083685 19.344638 17.324317 21.626184 22.705487 10.913887 8.085140 14.994271 24.666032 6.160391 15.912770 6.112559 22.844963 23.417650 5.725237 16.916132 11.476410 15.176014 21.148123 8.859193 18.093529 8.295084 5.433673 15.970924 14.960255 16.926786 17.813777 17.632666 16.928661 22.180377 10.493970 14.991277 13.034014 14.181893 19.087578 9.576413 10.911129 20.761447 12.048374 7.058456 24.290960 20.827794 22.620887 23.258677 22.486777 20.628997 13.451571 23.154881 11.325866 17.852194 21.947451 23.763695 23.588843 11.558899 22.357381 21.120277 12.055410 17.864093 18.990362 8.986836 9.498616 21.448911 12.929881 13.563467 13.648146 8.108445 17.214544 14.656660 11.951118 14.005346 17.283219 18.603294 11.188150 15.783292 7.731527 24.012015 10.486899 14.623139 19.077352 15.668685 14.162180 10.423062 7.830055 18.046021 15.051935 5.655990 17.282385 11.659547 19.821657 21.987271 14.786695 24.550765 21.942906 10.893093 19.588541 9.084942 20.747374 14.117819 7.409745 12.926395 12.941251 13.688700 19.730246 20.216505 10.860027 20.220188 8.911881 6.458617 20.270668 23.223209 10.289482 17.529243 18.927488 19.740484 15.962383 5.061042 6.673049 8.645063 22.956592 24.451294 13.374704 6.127685 15.997763 22.633952 19.954766 21.634154 5.415518 16.019591 17.335011 7.662886 13.998108 23.528957 7.042552 9.175054 22.539682 23.927494 16.458005 6.193994 23.992254 17.450108 16.967316 11.443422 21.219322 5.975699 9.898572 16.789934 10.001206 20.165253 16.417277 20.892176 19.434534 9.212130 20.666463 11.731980 18.170234 8.992307 23.802046 17.994954 19.379209 10.759121 21.043815 14.849805 20.275855 21.107514 24.947329 17.049094 14.587582 19.397266 13.121750 22.801751 20.515865 9.269595 23.642559 13.155429 23.578988 6.519111 18.808207 19.947436 8.514745 7.609970 12.758164 7.241825 11.656975 14.065653 19.682258 14.379767 21.407636 18.964695 19.832134 21.505345 11.398246 10.868753 5.322261 11.444687 24.487702 12.417584 6.774794 17.793579 8.059173 15.697455 19.529534 12.354663 23.087374 22.716456 24.301874 19.603086 20.041301 8.269271 18.827762 19.605329 24.395438 12.158257 23.216178 5.727695 9.752257 8.795180 8.836310 22.422374 21.726996 24.046504 6.067837 18.071019 23.785941 7.843805 18.279868 21.222974 20.696836 10.671415 6.924625 12.777437 17.410606 13.391189 12.140169 12.114858 10.689088 24.770245 10.609266 13.819666 5.331687 22.630229 11.363731 5.831583 20.844165 15.336943 12.876598 5.464482 12.900644 22.806052 7.522451 15.912722 13.483968 12.192183 19.915006 7.714484 24.314259 16.600097 7.900074 17.864859 13.325644 24.277046 23.987949 14.007625 23.300313 9.097340 19.365484 18.135111 11.349303 12.768316 21.827473 16.927007 18.373204 17.601608 17.688256 24.286967 6.602345 6.907239 12.909853 11.275719 9.971479 18.999809 20.646022 20.258545 22.591214 5.870741 22.446115 7.261522 9.274495 14.160250 11.443870 23.766815 22.351050 9.456828 11.502512 14.699251 12.043690 14.026791 20.125456 17.556458 13.863808 13.476523 21.461899 8.472269 5.703405 5.398885 15.230189 7.308456 8.321703 23.808206 21.553473 20.233836 15.146209 10.656175 9.787702 10.736988 13.184577 12.137853 15.945230 24.805864 12.673546 16.688892 6.804622 20.336474 16.782577 21.137199 15.114456 10.679159 6.322776 19.591843 11.160832 10.209408 12.833795 7.916892 11.417924 5.010521 15.151536 24.388229 10.311647 13.814129 15.819664 15.870302 9.957980 7.563112 6.957179 24.187990 13.605214 9.749343 21.429424 22.049247 21.953171 23.659193 19.453976 16.193932 14.201115 12.437634 23.140401 8.406563 22.910134 24.920097 16.574025 14.503598 20.011992 7.785385 13.018648 20.967715 21.386084 19.879649 20.455056 10.272570 16.437391 17.122110 6.211562 10.247767 21.785282 18.217851 16.118245 12.905151 11.407765
60
309
0 5 2.659886
0 6 9.130460
0 10 7.383958
0 19 3.680724
0 21 1.743741
0 32 4.033160
0 41 6.699348
0 49 6.540686
0 51 8.381085
0 54 1.378498
0 59 9.315851
1 7 7.216370
1 25 7.980784
1 31 2.923759
1 46 9.311414
1 52 1.007175
1 59 4.031023
2 3 1.906081
2 4 2.822475
2 10 2.686890
2 14 2.908884
2 24 2.852796
2 26 4.099612
2 28 2.221529
2 39 7.017363
2 43 6.690219
2 46 4.805705
2 48 5.208044
2 52 4.801628
2 54 5.121129
3 18 4.694702
3 25 3.561428
3 31 5.132922
3 45 2.153784
3 53 1.472096
3 55 6.222486
3 57 5.011343
4 5 9.879988
4 19 5.934115
4 24 7.416034
4 27 7.265063
4 37 8.474585
4 38 4.958317
4 40 2.622287
4 50 4.847989
4 54 6.058379
5 14 9.833173
5 34 9.880002
5 38 7.157043
5 42 2.674030
5 43 8.964388
5 56 1.517936
6 11 5.548367
6 14 5.808886
6 18 6.758998
6 20 7.776746
6 23 5.178989
6 24 3.038450
6 26 2.811893
6 32 8.746213
6 37 3.240022
6 43 7.547315
6 47 9.314227
6 56 4.836106
7 8 3.014827
7 10 1.943890
7 22 1.356090
7 30 2.836942
7 37 9.370968
7 41 8.807408
7 50 5.077392
7 58 4.572543
8 10 3.268308
8 14 9.459057
8 15 1.997408
8 16 4.529205
8 30 2.778619
8 33 7.703042
8 38 9.529621
8 41 1.812834
8 46 9.257234
8 56 2.385338
8 59 5.487875
9 16 6.481775
9 17 9.209042
9 21 8.946489
9 23 6.312420
9 26 3.278320
9 27 8.243083
9 29 4.590300
9 38 7.966651
9 43 5.443353
9 47 1.826866
9 54 9.419503
10 20 2.663065
10 26 6.097546
10 37 2.723096
10 38 9.427070
10 43 2.494260
10 47 9.355011
10 51 5.600708
10 54 7.369605
10 56 6.323681
10 58 9.122330
11 20 3.316989
11 23 4.518394
11 29 9.325055
11 31 9.279612
11 35 8.174993
11 36 3.953783
11 38 2.010064
11 47 9.294604
11 49 5.829514
11 52 9.250715
11 56 3.614978
11 59 8.540504
12 13 3.907525
12 19 2.165636
12 25 7.784116
12 28 7.238115
12 36 4.569356
12 41 1.660187
12 44 3.882233
12 59 1.867876
13 17 4.930011
13 25 2.338786
13 41 7.155063
13 44 6.836619
13 49 1.595820
13 59 5.383533
14 24 7.889295
14 32 8.800943
14 37 9.141040
14 43 3.651865
14 46 6.613333
14 48 4.515930
14 49 9.315874
14 55 6.546994
15 17 8.113729
15 18 6.467010
15 22 7.203640
15 27 4.802405
15 29 5.835309
15 46 5.505785
15 55 6.009086
16 23 1.293985
16 33 3.101988
16 41 4.300974
16 49 2.782062
16 53 9.672393
16 55 8.246612
17 18 8.129348
17 22 5.067906
17 30 3.011457
17 32 1.577250
17 33 5.247443
17 37 2.997479
17 43 9.110000
17 45 3.980822
17 53 6.580270
17 59 6.030360
18 26 9.997095
18 33 5.592632
18 42 9.404490
18 44 1.721852
18 51 6.044741
18 53 1.561899
19 27 1.361002
19 32 9.828471
19 35 4.425198
19 36 4.013066
19 37 6.997315
19 43 1.396598
19 44 9.021177
19 50 3.135007
19 55 5.664335
19 58 3.382217
20 24 5.913225
20 29 5.983151
20 34 4.030267
20 36 5.650352
20 46 3.594597
20 57 4.243670
21 24 3.339903
21 27 3.040098
21 30 6.668092
21 35 2.401968
21 36 8.082165
21 39 9.954933
21 40 1.882690
21 41 1.536978
21 49 6.074006
22 25 2.023533
22 26 4.895371
22 36 6.148565
22 42 5.034099
22 44 2.292563
22 52 1.133714
22 58 7.662996
23 28 1.243546
23 35 7.534198
23 36 6.027128
23 43 3.235036
24 26 5.111133
24 33 1.969437
24 46 6.940698
24 48 9.777951
24 49 6.884899
24 51 1.160384
24 54 8.066821
25 56 9.427753
26 33 7.285109
26 37 6.327803
26 49 9.158940
26 53 4.681271
26 56 4.609645
27 32 4.220949
27 35 7.690284
27 37 3.818676
27 42 6.544374
27 51 7.777852
27 59 1.171086
28 33 7.035662
28 35 4.076695
28 40 4.992992
28 41 5.369229
28 42 6.799508
28 45 7.914036
28 46 8.260481
28 57 5.263928
29 36 1.762613
29 54 3.476462
30 33 1.556725
30 48 3.309136
31 39 2.462040
31 44 6.710773
31 55 8.222689
32 55 9.626717
33 37 1.785259
33 39 2.936912
33 44 9.398847
33 46 5.447844
33 51 6.521289
33 58 5.965462
34 43 5.990441
34 44 9.204338
34 51 6.866069
34 55 5.720249
35 42 8.207942
35 44 9.751630
35 51 2.414589
36 43 3.377754
36 53 9.888854
36 58 4.103380
37 41 9.285487
37 51 3.903831
37 54 4.845818
37 58 3.479541
38 46 8.885705
38 49 9.324358
38 55 4.124353
38 58 1.908574
39 49 8.373419
39 50 3.881144
39 51 7.288962
39 53 9.088592
39 58 1.974168
40 48 8.610735
40 50 1.165779
40 57 6.137159
40 58 5.539754
41 54 4.886989
41 55 1.364616
41 57 6.699818
42 44 1.154538
42 45 6.062726
42 47 9.360719
42 49 4.983370
42 55 1.594509
43 49 1.509718
43 58 3.395337
44 46 1.916914
44 47 4.945000
44 48 2.771392
44 49 9.073962
44 51 4.252233
44 52 5.801150
44 57 8.697173
44 58 1.859529
45 52 4.993306
45 53 6.723560
45 57 6.752089
46 51 4.007256
46 53 1.888241
46 54 8.377818
46 55 8.635954
46 57 6.499069
46 58 8.829258
47 50 7.362399
48 52 3.682872
48 53 1.758285
51 59 2.869738
53 54 4.894528
53 56 9.731465
53 57 9.913603
54 55 5.659588
54 59 1.442447
56 57 4.360268
57 58 9.108432
221.281017 481.802189 489.286910 338.389378 248.546783 310.653025 480.334742 490.015893 406.489158 401.603551 282.603406 328.067110 442.467096 495.522589 316.052786 371.997368 292.018184 380.165353 341.597807 363.073312 289.118758 329.069921 380.321437 344.771515 281.072944 465.235685 243.330622 470.068670 499.039461 295.949890 260.061797 325.165985 344.113321 394.362928 336.945719 395.610130 237.957829 342.482548 346.883778 397.524831 238.242137 268.590978 376.280089 472.083428 276.388049 220.140937 281.356139 230.316838 359.652845 324.100983 393.725223 335.846810 277.988996 289.659013 274.152031 476.579484 285.709754 469.501258 403.138856 357.601961
