100
197
0 1 6.896150
0 2 15.770692
0 5 19.464702
0 6 10.514083
0 10 3.734053
0 15 1.264789
0 27 5.363465
0 35 3.504622
0 43 13.875515
0 68 3.314818
0 75 10.620269
1 2 14.190986
1 3 12.041216
1 9 4.795737
1 16 16.278366
1 19 14.592735
1 38 15.040696
1 63 3.490097
1 82 3.351322
1 88 18.623688
2 3 8.553986
2 4 6.718025
2 7 10.283097
2 14 13.594420
2 19 19.156842
2 20 6.442478
2 26 18.571360
2 30 1.472330
2 31 11.548763
2 43 13.045527
2 49 3.012051
2 50 3.666452
2 55 8.963172
2 62 19.358406
2 65 12.324809
2 70 18.727441
3 4 16.282857
3 9 9.880250
3 12 15.910506
3 26 1.338899
3 42 3.073736
3 45 16.759144
3 46 16.139525
3 64 5.420174
3 77 11.084622
3 80 12.514301
3 94 17.487040
4 5 12.459036
4 6 8.838860
4 8 8.109497
4 10 9.091760
4 18 13.386689
4 23 17.482322
4 25 9.624041
4 36 5.708952
4 37 5.496585
4 56 15.174271
4 58 16.514807
4 66 3.000284
4 76 2.264618
4 96 12.294240
5 11 3.777292
5 15 16.668620
5 34 6.896359
5 38 3.733567
5 87 18.498439
5 97 4.145103
6 7 6.409682
6 8 3.918655
6 20 3.194311
6 21 1.401812
6 24 2.052513
6 39 4.318188
6 52 2.014257
6 54 12.231733
6 98 13.933576
7 12 8.478979
7 18 7.041831
7 48 10.585999
7 81 17.625094
7 99 17.171501
8 11 1.826026
8 29 4.448470
8 57 5.498153
9 14 5.738364
9 16 11.853420
9 36 8.908986
9 73 1.935828
10 13 8.098669
10 17 10.951306
10 21 2.931766
10 32 16.835713
10 35 1.987275
10 41 18.571996
10 47 2.883150
10 49 17.027924
10 64 18.150410
10 78 19.611843
10 86 16.238492
10 95 15.810073
10 96 13.207182
11 85 15.800931
12 13 3.556492
12 22 11.185293
12 30 10.770235
12 44 17.293871
12 47 9.793188
12 67 8.316700
12 73 13.151702
12 84 6.062803
13 25 3.655600
13 32 10.079668
13 34 8.920898
13 92 5.418829
14 28 7.982724
14 45 7.961457
14 54 7.222416
14 56 8.209818
14 60 14.029124
14 62 6.640653
15 40 19.028301
15 83 18.410612
16 17 10.137298
16 22 7.238863
16 23 11.173261
16 24 17.122649
16 28 13.399159
16 31 16.283445
16 33 11.121723
17 27 13.025435
17 74 6.474957
17 93 14.962970
18 29 4.845687
18 39 14.201164
18 63 17.353662
19 41 3.509954
19 69 12.673215
19 72 2.806819
20 33 14.788597
20 48 2.605371
20 71 18.782857
20 88 3.610751
21 57 19.218725
24 46 16.216799
24 61 12.279958
24 74 15.869858
25 44 16.107182
26 40 18.974514
26 65 5.814284
26 67 12.211442
27 51 2.805935
27 60 12.707148
27 68 4.254535
27 72 11.734062
27 77 11.876180
27 86 9.853718
28 37 10.930004
29 42 15.514544
29 53 16.185650
29 61 10.350911
29 82 12.392275
29 91 18.693488
33 59 3.274938
34 53 3.224968
37 59 2.666471
38 79 13.499402
39 78 8.953558
42 98 15.712107
43 51 13.753397
45 58 7.339117
46 50 18.068964
46 55 15.488111
46 70 6.140164
46 79 7.919648
47 93 6.974360
49 52 3.994621
51 80 3.807884
54 75 18.786422
56 90 9.320177
57 66 8.283077
59 84 14.864028
59 94 11.506868
61 83 18.786660
61 92 15.825728
63 76 10.108022
64 69 8.150830
64 71 19.745999
69 81 14.637444
72 97 19.072699
73 89 3.251093
74 90 17.160140
76 91 13.104404
78 85 3.316512
78 87 12.176902
79 99 14.035831
85 95 1.233751
87 89 9.632041
21.507990 10.907181 14.170962 13.846283 11.038548 23.368838 20.625881 7.211768 24.940693 22.584000 10.678169 21.737932 7.128391 24.982095 18.313695 18.002500 6.808815 22.940668 5.579990 9.816561 7.860438 20.535359 8.964085 23.212765 18.125381 5.723254 5.108597 6.033158 17.118504 21.029636 9.771056 21.988177 6.144639 21.019277 23.555909 20.442168 18.962416 21.759604 5.803026 9.035642 7.498474 15.090620 19.903763 17.600237 22.022622 8.104260 19.692422 8.860830 10.415175 19.198094 24.604096 17.230872 6.090006 17.326179 5.847011 22.682914 19.191566 8.462557 6.834420 8.670665 24.600544 14.171213 20.681619 17.728167 16.448263 7.902605 23.920489 11.026853 16.560344 18.995519 17.984663 23.811888 7.968780 15.167055 13.080688 14.483375 7.384351 7.681892 10.561511 11.094092 13.558064 17.219751 17.692582 13.236218 13.175662 9.352571 16.766125 11.340818 5.721197 13.368001 14.482654 9.511857 16.449159 16.315438 19.040044 17.958970 18.048661 11.324283 20.748644 15.982888
6
6
0 1 2.042711
0 4 1.648532
1 2 8.577939
2 3 1.500111
3 5 3.525503
4 5 4.007170
292.652411 337.327014 473.285707 242.456798 500.071921 509.385679
