100
197
0 1 1.377588
0 2 9.815804
0 11 10.488131
0 12 4.772743
0 13 15.403019
0 20 5.525860
0 24 15.790684
0 48 4.788439
0 95 17.756433
1 2 3.365113
1 3 13.291781
1 12 9.980308
1 15 4.253806
1 16 5.011477
1 21 12.785013
1 32 12.979670
1 37 14.282064
2 3 16.130668
2 4 17.921043
2 5 19.735398
2 6 18.302183
2 17 18.905319
2 21 12.005219
2 23 9.394668
2 31 19.588813
2 34 5.014767
2 53 4.101762
2 54 13.265422
2 61 19.955881
2 79 13.517377
3 4 17.365707
3 5 12.839549
3 6 10.434596
3 7 2.047154
3 8 8.901544
3 9 9.693730
3 14 1.292755
3 15 16.206774
3 38 9.162295
3 42 15.596755
3 47 13.609766
3 56 12.272995
3 58 6.627967
3 67 19.813417
3 69 3.507123
3 91 12.846035
3 97 5.811773
3 99 9.768533
4 19 7.963950
4 22 14.947213
4 26 6.700049
4 28 18.963244
4 37 5.283674
4 39 1.388933
4 47 2.259439
4 52 16.293561
4 56 3.516778
4 60 1.676056
4 87 10.905673
5 7 10.188143
5 8 17.286868
5 11 10.125368
5 27 12.692349
5 29 11.263882
5 36 8.792124
5 45 5.510260
5 59 8.030210
5 63 13.084864
5 64 12.340034
5 65 4.125196
6 18 3.273291
6 43 19.640192
6 76 16.859286
7 10 6.047774
7 13 10.372196
7 20 1.032124
7 27 4.386255
7 31 3.309109
7 40 2.064093
7 49 2.331322
7 86 10.082230
8 9 5.208482
8 10 1.254619
8 14 15.714109
8 35 9.663511
8 38 9.547917
8 58 7.705888
9 17 16.560392
9 18 4.135859
9 66 10.143240
10 16 18.945547
10 30 19.723912
10 49 3.766249
10 71 1.044542
11 35 17.771243
11 84 19.277188
12 23 12.393762
12 46 13.706993
13 39 13.257455
13 50 11.850158
13 74 16.512337
13 94 7.372116
14 25 19.372807
14 30 18.452625
14 46 3.865399
14 54 11.526867
14 74 13.006524
14 92 7.172657
15 25 13.043162
15 44 10.827131
15 55 8.637515
15 65 15.677953
15 72 3.716510
17 19 10.665184
17 33 5.975711
17 36 6.759826
17 91 12.969551
18 29 6.315350
18 41 12.911698
18 59 18.361910
18 61 14.590959
18 62 5.870322
18 69 19.445055
18 82 5.335401
18 83 13.388399
19 26 2.499275
19 75 10.041090
19 85 1.996761
20 63 16.120939
20 73 12.019398
21 22 3.646816
21 90 1.332456
22 28 5.002121
22 41 4.954187
22 48 15.925145
22 53 7.196830
22 57 1.511747
22 88 11.181471
23 24 3.253472
23 33 10.132644
23 34 16.884855
24 44 6.353445
24 62 17.699854
26 32 5.458165
26 40 13.922514
26 42 10.724961
28 68 10.278886
28 89 6.473878
30 43 12.657188
30 57 4.210481
31 50 8.970262
32 76 10.781972
32 97 10.339176
32 98 1.734409
33 77 14.393989
34 60 11.162876
36 80 2.437176
37 81 17.685426
38 45 17.621068
38 51 3.968142
38 72 4.967908
38 96 11.951872
43 66 13.631814
43 82 17.527678
43 89 13.666278
44 51 15.979038
44 73 12.711022
44 94 19.810188
45 52 17.844606
48 67 14.699665
48 68 9.519032
48 71 2.138603
51 81 8.255834
51 84 3.163204
53 55 14.392211
53 78 2.765888
54 80 18.492144
56 85 6.571865
57 64 14.040863
57 70 2.483041
58 70 10.259307
59 88 1.991989
61 78 5.549862
63 75 9.881662
64 79 17.168987
65 86 13.838981
67 96 8.016340
68 77 3.195814
71 83 19.820265
75 92 15.949153
77 93 15.006996
85 95 15.077310
85 98 10.969921
86 87 6.091408
89 90 3.837141
92 93 15.305305
93 99 16.383829
5.055476 7.614401 23.398543 22.903973 14.788138 5.436965 21.966082 13.019575 16.161432 17.552970 13.084080 22.240774 11.690746 18.510241 22.873462 23.293720 6.058246 6.494631 5.796981 5.922280 21.093468 18.370073 23.916464 22.705145 16.184104 7.435468 14.592948 20.339016 7.295092 19.378776 9.086071 22.796785 8.814354 21.712349 7.159142 18.102695 5.760465 18.248050 18.993234 21.543090 19.745448 23.394441 9.016775 22.640192 16.561845 19.132470 13.100874 12.119229 20.384326 19.160852 11.951700 8.996411 19.998990 10.742220 7.996189 23.590757 15.170091 11.289303 5.233334 9.572427 9.921075 11.255703 21.258913 11.011546 15.919528 21.673713 18.018269 8.109604 16.878361 19.684186 13.764712 23.596657 17.859638 17.739834 20.522030 19.372724 19.031451 13.693459 17.102350 17.601179 6.555720 13.581618 19.469348 19.343535 10.402630 19.169068 15.659611 21.108166 22.646452 14.689934 16.785797 22.751984 17.330968 13.303804 20.092192 15.459826 20.205700 23.416185 19.652569 7.597304
6
7
0 1 6.862116
0 2 4.299220
1 3 2.871966
1 4 5.878397
2 3 7.500745
3 5 8.197879
4 5 1.117267
368.554034 501.618836 263.233526 564.228894 545.667320 545.183255
