100
197
0 1 13.541209
0 2 16.428655
0 3 8.107915
0 4 10.147868
0 5 7.567873
0 10 4.648579
0 13 18.418428
0 40 17.511465
0 82 11.687926
0 85 7.487961
0 91 6.544283
1 2 3.488447
1 3 14.351754
1 6 1.849020
1 12 12.498215
1 14 15.283376
1 17 1.104411
1 21 12.882016
1 39 12.953965
1 42 2.658254
1 45 14.764979
1 80 4.978066
1 84 9.459198
2 8 6.065920
2 19 3.043745
2 37 15.960654
2 63 13.796335
2 99 16.103622
3 4 9.557574
3 6 6.246754
3 7 14.101407
3 14 7.801238
3 15 14.051818
3 17 3.569140
3 19 7.642238
3 24 17.016570
3 31 5.974860
3 52 4.875792
3 56 8.345606
3 57 8.525879
3 62 3.429635
3 79 9.778152
4 5 5.810777
4 11 19.832730
4 22 9.387173
4 26 5.894547
4 30 1.965190
4 34 16.376506
4 39 9.473311
4 47 5.439116
4 54 5.374768
4 55 14.664041
4 68 11.744370
4 78 9.136129
5 9 3.403639
5 28 2.818815
5 44 7.964091
5 62 2.945048
5 66 1.137032
5 68 16.070131
5 71 4.211415
5 74 15.865763
5 87 7.005175
6 7 9.992820
6 13 16.153184
6 18 12.460392
6 31 9.797859
6 38 6.352016
6 63 2.094213
6 83 15.027208
6 92 16.577469
6 94 6.184247
6 97 6.432950
7 8 16.667109
7 10 1.264451
7 29 1.756889
7 37 17.006795
7 50 8.223423
7 52 8.102130
7 97 7.389270
8 9 6.341446
8 21 13.985794
8 27 3.279610
8 32 17.581354
8 90 19.879164
9 11 16.270893
9 12 5.126812
9 16 15.340148
9 20 17.038980
9 33 3.172068
9 36 12.629373
9 55 3.601267
9 60 13.365604
9 73 4.240111
9 92 3.072411
10 16 7.840403
10 25 7.095721
10 35 12.411907
11 18 10.961133
11 46 16.249326
11 86 7.009059
14 15 2.306432
14 46 14.674269
14 48 6.835799
14 67 9.820569
14 72 3.566346
14 76 3.625812
15 58 8.831391
16 23 17.342042
16 26 2.641268
16 27 10.114154
16 28 3.212102
16 29 7.057295
16 36 17.095485
16 43 17.109347
16 77 5.882201
17 38 17.806887
18 56 12.182277
19 20 11.454988
19 22 19.485096
19 23 12.945370
19 32 8.899012
19 33 10.088094
19 61 19.567532
21 25 9.625469
21 41 5.721869
21 49 10.273992
22 35 5.070042
22 42 11.198240
22 78 17.325940
22 82 1.966223
23 24 4.640524
23 30 15.150139
23 43 4.484472
23 51 4.906034
23 61 12.197268
23 72 10.399452
23 83 1.597505
24 57 3.377531
25 40 15.650211
25 94 9.428047
26 47 6.084134
26 59 6.031633
27 67 13.890110
28 96 13.812646
31 41 14.431342
31 54 13.365951
31 86 10.098113
33 34 8.735404
33 45 6.139637
33 48 5.232375
33 53 18.245076
33 69 1.701949
33 75 13.987151
33 89 5.301349
33 91 9.750890
33 98 18.962330
34 75 19.213973
34 76 5.706571
35 51 1.896835
39 50 19.448750
40 53 13.714504
40 70 16.772826
40 79 16.766376
41 44 9.511302
41 49 12.469873
41 58 5.211825
43 59 5.614367
43 60 10.926636
43 81 17.592376
44 95 8.495420
46 65 6.880802
47 85 10.137389
47 98 3.186116
49 65 11.025602
49 80 14.541517
51 93 10.013472
54 64 16.034510
54 69 4.872897
56 88 15.022923
56 90 16.664548
57 66 14.716025
57 70 15.331913
57 74 16.856958
57 87 1.904284
59 64 9.823553
59 81 11.976095
59 84 8.005229
65 73 9.334304
66 88 18.826860
69 77 1.549177
70 71 19.862874
70 95 17.761875
76 93 4.003749
76 96 9.846436
85 89 16.628851
91 99 7.472860
16.295799 12.707450 23.432626 12.978278 13.991634 13.652526 15.585121 23.546412 16.899856 5.369189 16.540454 6.032724 9.697306 23.797772 5.193262 24.668502 7.672204 10.482877 12.356446 21.495518 23.251363 20.434591 10.476096 22.261003 13.899771 6.321886 14.953188 5.940280 13.259967 15.911277 8.464254 6.110148 23.121938 18.269832 13.392374 20.105832 11.805134 20.274279 16.789780 10.960678 20.059049 13.056202 17.639393 16.755633 15.520352 20.621434 7.777109 5.827674 6.001083 14.294202 8.083120 19.635945 12.139824 13.722165 7.820190 13.995307 22.189456 17.218594 5.624867 16.799640 20.694551 16.941268 12.182089 19.335698 24.646362 14.362138 6.193640 21.283967 17.987142 18.106830 11.033135 15.416058 17.551155 23.041675 11.084333 7.966037 6.829996 5.911491 8.999842 13.375783 9.844714 21.379903 8.808022 11.871647 22.680849 21.218130 11.839837 19.300523 9.688056 24.027882 24.374710 13.903923 5.245575 23.077708 5.260334 7.798619 22.245412 23.210474 22.151682 10.179560
6
9
0 1 3.101625
0 3 2.347650
0 4 6.252658
0 5 5.297176
1 2 9.391946
1 4 4.530788
2 3 1.543995
3 5 1.214456
4 5 8.295506
435.657247 295.874598 520.961823 411.648335 427.071522 525.414851
