100
197
0 1 2.480248
0 2 5.945313
0 5 7.646856
0 8 9.150140
0 9 7.933809
0 11 2.759153
0 13 14.041940
0 19 11.925349
0 22 2.321909
0 32 18.996162
0 39 13.731516
0 58 5.894551
0 74 8.566832
1 2 6.787042
1 3 4.584338
1 4 15.250784
1 7 10.082895
1 17 4.661651
1 38 16.706319
1 39 1.599985
1 40 18.905232
1 42 6.411778
1 44 18.304703
1 49 14.076995
1 55 4.592469
1 64 1.986355
1 66 13.070814
1 71 18.227833
2 3 13.084016
2 6 16.210830
2 8 7.265036
2 13 12.991635
2 14 19.294947
2 19 1.154139
2 27 17.392803
2 53 8.603343
2 59 17.585587
2 60 19.055657
2 63 17.075320
2 70 5.592877
2 77 8.362848
2 88 3.286958
3 4 16.322091
3 5 4.214877
3 6 7.721369
3 12 3.588576
3 15 15.147731
3 20 7.932913
3 29 4.002210
3 31 11.952269
3 33 2.694054
3 43 14.270059
3 48 2.497934
3 50 17.366065
3 55 14.299994
3 68 2.222348
3 71 17.753035
4 10 4.320372
4 14 12.429897
4 24 19.294458
4 47 2.839407
4 62 7.304010
4 67 11.054662
4 81 2.544288
4 88 8.638302
5 11 4.845574
5 16 8.894379
5 25 13.647698
5 58 18.419626
5 65 3.943691
5 76 16.924307
5 79 14.567030
5 95 10.505615
6 7 3.275247
6 21 3.132371
6 86 18.868939
7 12 12.530325
7 17 8.551577
7 24 12.441315
7 26 19.320051
7 27 13.275396
7 28 13.030119
7 34 9.128083
7 41 3.295515
7 48 19.360334
7 49 11.691731
7 64 8.834408
7 70 18.555269
7 84 17.201666
7 89 15.549414
7 97 2.300525
8 9 9.594137
8 10 4.574279
8 23 9.747964
8 35 18.544309
8 52 10.883414
8 53 14.274223
8 67 12.629440
8 72 15.670495
9 15 1.636918
9 18 4.887554
9 20 1.971060
9 29 15.007113
9 30 6.834694
9 37 12.271286
9 65 12.331706
9 93 3.831615
10 16 17.992215
10 18 1.247520
10 35 4.825674
10 36 14.475724
10 46 10.891571
10 72 18.860812
10 75 7.862023
11 83 2.411604
12 33 8.250364
12 43 5.332606
12 66 17.552860
13 28 4.230590
13 92 12.790596
15 37 1.590241
17 21 14.650156
17 22 14.739666
17 25 18.966547
17 50 17.091390
17 57 18.602939
18 69 6.331318
18 80 3.401606
19 40 3.081335
19 45 17.555229
19 78 18.962551
20 23 6.584940
20 76 10.130469
21 56 17.943282
22 26 13.745763
22 41 7.496356
22 46 4.211082
22 69 1.957062
23 30 14.662832
23 63 8.815887
23 73 2.307731
24 31 17.542797
24 38 11.899322
24 57 12.481042
24 94 16.733923
25 59 13.969058
27 34 13.966104
28 36 5.698272
28 82 10.739013
30 44 11.544102
30 60 6.685793
30 91 17.130469
31 32 6.930680
31 74 12.317589
32 42 8.795984
32 54 8.008098
32 80 11.247504
32 86 13.069129
32 96 2.841273
33 62 8.276339
34 61 9.004137
34 99 19.829145
38 97 8.962507
39 68 12.335183
39 96 9.390678
40 54 13.723217
42 51 10.152207
42 93 6.140094
43 45 19.705316
43 47 6.191843
43 56 10.995680
44 77 11.764086
45 75 13.501314
45 87 15.690423
46 52 11.382119
46 82 17.673492
47 51 14.697193
49 94 4.576227
51 73 9.601048
53 81 5.035546
56 84 6.682413
56 90 12.472543
56 99 1.520720
58 85 14.697856
58 91 15.028571
60 61 4.795130
60 83 8.395831
61 78 13.837622
61 85 11.683747
71 79 15.587082
71 90 15.337892
75 89 18.213967
77 92 5.171912
80 87 15.415876
82 95 15.870518
85 98 6.985511
86 98 3.199275
13.940126 9.542382 23.334246 18.814342 17.238650 8.559491 6.257214 6.247563 20.620854 7.370874 5.945616 21.341104 9.204103 15.480933 9.461399 19.553608 13.486389 12.974729 20.051686 18.306909 20.394080 16.685810 14.822651 16.735677 19.137233 7.898626 9.591075 5.607062 9.871527 12.361122 24.977509 23.919426 15.399712 18.187644 22.074042 15.929382 21.651396 24.272952 19.455453 8.876216 18.889808 5.455224 17.178415 20.246457 23.205058 10.316885 22.716056 6.718275 19.129749 20.436158 23.185046 7.571973 5.032549 13.412024 11.009162 23.240221 22.525901 9.841956 12.172591 8.057616 8.292394 20.812413 21.053038 22.859176 20.369347 12.465007 19.596757 12.054086 22.371169 6.454409 7.942136 19.895370 16.414127 6.477881 15.640093 8.094025 10.432427 23.053211 11.232242 17.925839 15.812173 12.268694 11.534010 17.002483 5.921932 17.841451 17.133108 18.903846 8.731799 18.678433 8.875282 21.056487 21.259041 10.581669 17.244665 7.787189 15.774141 22.280806 13.322035 18.999829
6
7
0 2 8.701912
0 3 8.665728
1 3 7.581914
1 4 6.513762
2 5 3.997665
3 5 8.067292
4 5 9.353695
380.655848 495.044771 385.039723 428.428221 265.030830 260.990634
