100
197
0 1 5.883745
0 2 1.048226
0 3 9.751114
0 4 4.224667
0 5 6.522042
0 7 7.814350
0 13 19.826581
0 14 15.187955
0 22 16.840655
0 24 5.722949
0 33 10.673464
0 36 11.914906
0 38 10.560043
0 39 15.505809
0 53 9.201756
0 81 3.046077
0 84 13.668494
1 2 16.375362
1 5 1.183663
1 12 2.643689
1 25 14.707860
1 41 16.193479
1 89 8.189011
2 3 6.988974
2 6 11.673911
2 10 6.405504
2 46 4.970711
2 72 10.706838
2 89 17.768015
2 90 14.531684
2 91 4.190500
3 4 7.624136
3 8 15.957989
3 10 18.039861
3 17 2.218476
3 23 5.735618
3 29 18.798410
3 46 12.170090
3 54 1.591042
3 65 14.699138
3 87 3.095356
3 88 18.900344
4 6 3.783276
4 7 15.279047
4 9 3.623086
4 28 8.095348
4 47 1.482568
4 57 17.922474
4 83 15.331861
4 88 7.872991
4 90 2.372209
4 94 1.104041
5 8 3.534705
5 12 16.551637
5 13 3.397925
5 16 7.568583
5 17 9.274504
5 38 6.291842
5 58 1.759030
5 85 8.798830
6 9 2.359757
6 11 8.223022
6 20 1.591925
6 29 5.817416
6 31 9.796491
6 36 14.733458
6 96 10.726753
7 25 3.455371
7 45 12.900722
7 54 5.701755
7 60 9.035344
7 82 12.225984
8 15 2.130612
8 79 6.463430
8 93 9.248576
8 99 12.737971
9 11 13.734311
9 14 7.333543
9 16 17.124424
9 26 19.155175
9 33 10.160600
9 35 17.005490
9 48 18.541512
9 64 19.615553
9 74 16.878881
10 19 16.243781
10 20 19.615932
10 30 9.076984
10 31 9.638221
10 41 6.068317
11 23 15.866392
11 27 9.152550
11 28 2.917562
11 42 17.134176
11 50 15.614243
12 37 15.365314
12 87 16.237821
12 97 10.642172
13 15 10.444283
13 80 14.549228
14 45 8.192677
14 51 10.278122
14 80 3.362941
15 18 6.095539
15 19 9.419696
15 49 5.710053
16 21 7.818609
16 27 8.138891
16 37 19.788478
17 18 4.515610
17 40 5.445582
17 56 19.998637
17 58 8.382812
17 61 19.450586
17 69 16.606446
18 24 11.452129
18 75 16.743620
18 85 15.059480
18 96 11.787253
19 21 8.231680
19 30 18.174740
19 34 18.175503
19 52 11.164029
19 93 13.962108
20 22 16.378339
20 44 8.888719
21 86 15.695450
22 40 1.948650
22 43 7.663005
22 62 1.969853
22 72 1.262444
23 26 19.698592
23 47 11.626232
23 48 18.061092
23 63 18.187405
23 84 7.316852
23 97 14.171246
23 98 15.268547
24 70 14.809006
24 81 5.367212
26 49 19.518865
27 68 15.214780
27 77 8.916701
28 39 19.229188
28 66 6.227398
28 68 10.387831
28 76 9.546127
29 32 10.732138
29 35 19.750850
29 44 10.689784
30 32 1.829677
30 34 8.639249
30 55 11.423513
30 67 3.546688
31 62 6.641080
31 67 12.665039
32 42 9.509966
34 95 11.764003
35 82 13.672398
36 43 11.405351
36 92 7.413453
37 76 9.175112
38 73 6.284675
39 56 5.532679
39 66 7.141092
39 78 8.890648
39 86 2.486238
42 52 12.086810
42 63 15.094925
42 78 10.316551
45 57 19.380009
46 50 1.666024
47 51 3.392559
49 59 2.427788
50 53 14.619220
50 59 3.579950
50 61 4.142001
52 79 7.105687
52 92 7.342689
53 55 2.254620
53 69 12.258824
53 77 16.753397
53 99 13.670997
54 70 2.162241
55 60 10.353400
55 98 15.002574
56 74 8.069788
59 64 9.196140
59 73 10.545649
60 65 8.361872
60 71 12.244000
65 83 10.349247
65 94 12.080910
67 71 17.172353
68 75 16.508655
78 95 7.548459
86 91 17.789209
13.415038 23.359604 10.236108 18.350213 12.179066 9.849185 8.663576 15.509010 19.790644 11.511859 14.696682 5.023226 10.020522 19.830876 21.052067 8.982107 8.991214 18.160962 7.849521 14.471331 24.741714 6.382909 17.571052 22.794320 7.628771 23.323869 12.971753 9.985120 15.454555 14.140921 15.709671 18.995266 12.276590 7.343298 6.573520 10.053056 20.865682 24.468702 6.878181 17.763721 21.453687 20.519323 17.975952 12.822254 20.327992 24.807893 10.717859 13.879266 21.870309 8.533802 7.765096 16.430726 14.226494 19.642517 17.988168 11.202981 16.143725 13.011740 9.193794 23.293402 6.422837 21.457670 20.824183 14.678977 11.254041 22.590118 23.112985 7.645869 10.631409 9.013010 23.235874 11.516821 16.181643 10.750363 24.044981 16.479788 22.955579 17.752056 20.778017 21.887903 20.161099 18.291689 11.836656 18.804458 14.835911 5.672905 12.274660 22.884459 19.956703 14.830652 13.142170 11.784432 18.742314 13.352427 19.470219 20.662821 14.951704 22.352971 14.768553 19.351654
6
7
0 1 7.729026
0 2 8.855524
0 4 3.803674
1 4 5.734627
2 5 9.477514
3 4 5.105934
3 5 7.165014
349.360989 311.112299 371.483829 292.909379 570.628728 325.243597
