100
197
0 1 19.659177
0 2 19.480714
0 3 10.271128
0 4 16.704779
0 5 12.946800
0 8 8.077409
0 14 11.818827
0 15 1.401256
0 19 9.124421
0 26 8.366733
0 27 1.600779
0 28 9.598798
0 29 18.476317
0 43 14.043472
0 52 2.693703
0 59 9.063908
0 61 13.027020
0 69 10.559107
0 72 1.020089
0 79 17.700760
0 92 9.800914
1 2 7.946222
1 10 19.427482
1 15 13.779046
1 21 17.979270
1 25 3.649941
1 39 6.992983
1 49 3.330493
1 51 11.926444
1 55 3.298417
1 56 14.803730
1 58 10.127073
1 62 3.520318
1 83 2.338642
1 95 15.751271
2 3 12.216655
2 6 7.413372
2 13 6.695855
2 32 11.428917
2 77 3.525399
2 89 13.241376
2 98 9.031488
3 4 5.835448
3 5 7.221933
3 6 3.225607
3 7 17.396561
3 9 15.807950
3 11 4.320535
3 16 11.456919
3 17 2.612445
3 21 8.619166
3 23 2.615564
3 47 4.756130
3 48 1.659433
3 57 12.088578
3 62 10.912372
3 63 14.991423
3 64 5.287131
3 67 8.883380
3 68 12.554009
3 81 12.753210
3 86 5.587105
4 14 12.006178
4 20 7.885230
4 27 14.840404
4 39 19.221351
4 64 13.241158
5 8 17.592692
5 12 14.631115
5 16 12.785364
5 31 8.137505
5 85 14.160935
6 7 18.771109
6 9 9.726604
6 13 4.392919
6 17 15.063155
6 18 11.419239
6 26 3.420556
6 33 8.900937
6 41 5.056257
6 58 5.850855
6 63 15.943480
6 87 6.458325
7 12 6.920202
7 22 14.818220
7 54 7.155217
7 74 14.627674
7 92 3.853259
8 18 4.526322
8 24 11.741083
8 30 13.986769
8 33 11.867289
8 35 1.096975
8 37 13.783657
8 44 9.317944
8 53 11.077111
8 70 9.074612
8 76 17.728449
8 79 14.704456
8 80 1.961015
8 94 17.227690
9 10 15.665183
9 45 8.974801
9 53 9.474604
9 60 16.884728
9 90 8.789673
10 11 1.291116
10 29 7.688807
10 34 11.418913
10 41 18.205545
10 54 9.875342
10 70 1.824489
11 40 19.594731
11 56 12.127223
11 68 18.847658
12 20 2.561032
12 22 16.859430
12 69 9.596083
12 71 8.528883
13 88 17.394100
14 19 9.281378
14 42 1.252487
14 74 17.670363
15 40 9.620829
15 81 15.106323
15 99 6.886959
17 36 19.296860
17 37 15.848085
17 43 12.349432
17 46 8.448351
17 82 16.793089
18 47 7.928355
18 91 5.186310
19 48 2.382387
19 97 8.895298
20 28 6.975997
20 32 2.310497
20 46 12.466064
21 25 14.764613
21 35 2.862988
21 55 15.819542
21 86 1.704504
21 96 16.099344
22 23 15.890931
22 67 18.059074
22 93 19.159871
23 24 12.067749
23 34 15.734287
24 31 17.831756
24 76 15.258031
24 82 5.318776
24 95 14.709226
25 57 13.269097
28 30 19.438441
29 72 2.810957
29 87 12.108133
29 98 15.467705
31 42 8.156632
31 80 14.782982
32 38 1.784748
32 49 3.040343
32 50 12.436029
34 36 13.628820
34 45 16.923923
35 50 2.577827
37 38 3.777802
37 51 6.492309
37 91 15.993226
41 59 2.353725
42 44 16.181529
42 93 19.171479
43 60 18.807306
45 94 13.344231
46 52 18.187614
46 66 9.336824
46 78 12.819459
48 65 14.201212
49 89 10.093770
51 61 17.999280
51 75 11.883071
52 66 15.981671
52 73 4.680552
52 84 7.102552
53 65 18.954860
55 73 17.537908
56 75 10.001494
56 78 2.443697
60 84 10.738697
63 71 13.598562
63 99 8.473509
66 77 13.353270
66 83 2.477864
75 90 1.224550
75 97 18.760961
78 88 15.567797
79 85 3.912373
79 96 4.006672
12.803795 18.793538 7.858076 5.483359 23.347716 23.662575 11.862877 13.158485 15.863025 24.807282 23.349849 15.580559 12.498639 7.436602 9.148904 9.495840 20.105729 20.580080 23.520882 16.185570 24.621353 17.554421 5.260412 17.801724 8.883209 21.937521 10.758340 23.003401 20.293877 18.210249 8.893351 13.681463 24.803301 20.749539 16.959026 7.031335 24.511835 15.855892 17.401231 8.941379 5.866961 12.190717 22.289045 6.286765 6.463377 20.347087 15.173423 21.171100 16.575623 12.643845 19.911472 11.843321 15.171093 18.214698 24.698987 18.545978 22.215451 17.149513 11.161271 10.443614 18.946435 16.824088 10.107456 22.953554 6.510937 8.541505 12.204946 24.676831 10.769686 24.157057 24.906663 21.681156 11.962999 14.637733 9.559947 12.276430 11.279734 16.457507 6.508123 23.042929 7.635288 12.972056 18.161496 22.640811 12.808713 23.958795 12.388460 21.468740 20.407256 21.824917 15.965921 5.683874 21.450672 23.072445 8.225981 22.545868 13.064671 17.868393 17.539367 21.949248
6
6
0 1 3.274868
0 2 3.297912
1 4 2.908707
2 5 8.003727
3 4 9.071148
3 5 5.120467
279.550317 322.045198 579.495722 290.695445 561.683585 355.042104
