100
197
0 1 4.471363
0 2 2.615166
0 3 8.213518
0 4 3.051792
0 5 1.796854
0 9 1.670511
0 10 4.037985
0 11 13.331869
0 13 1.221835
0 16 18.708611
0 20 10.037193
0 47 7.003794
0 49 10.047686
0 54 5.256885
0 58 18.247867
0 75 1.884178
0 78 8.103107
1 2 6.273101
1 14 1.745562
1 24 7.352835
1 28 10.331003
1 36 6.530782
1 42 17.656637
1 59 17.043474
1 92 2.433381
2 3 8.695105
2 4 19.711676
2 12 4.336153
2 21 4.793179
2 23 12.142229
2 28 1.057805
2 29 10.660484
2 34 5.846804
2 70 14.466604
2 76 7.447856
2 86 15.228472
3 6 5.518870
3 7 14.244177
3 8 2.342805
3 11 11.105736
3 12 3.841704
3 21 5.227327
3 27 12.110780
3 31 15.415169
3 39 3.301516
3 60 10.493113
3 70 18.739133
3 81 11.381236
3 82 14.253378
3 87 19.929191
4 5 4.593634
4 6 5.639420
4 7 7.294859
4 15 18.912883
4 37 7.595011
4 53 6.370194
4 62 16.206775
4 66 7.651506
4 71 7.363353
4 72 15.565969
5 15 18.268854
5 65 8.166741
5 88 10.689087
5 89 10.085991
6 8 8.593403
6 9 6.132228
6 10 3.634525
6 14 12.550075
6 19 3.520605
6 22 16.970237
6 23 13.972549
6 24 8.329197
6 26 14.186532
6 32 17.099647
6 35 5.467541
6 41 16.660798
6 47 11.898243
6 57 6.858108
6 63 6.060992
6 72 18.005287
6 74 8.615799
6 77 17.936265
6 82 4.169890
6 85 14.664653
8 16 16.093720
8 17 2.648134
8 18 9.198724
8 22 1.862898
8 25 5.009045
8 26 6.706250
8 29 11.018499
8 31 6.589528
8 35 6.032949
8 40 11.952383
8 44 13.162834
8 46 13.109687
8 49 18.296764
8 51 11.038706
8 56 6.944761
8 69 8.530472
8 79 6.323518
9 13 4.475581
9 17 13.390573
9 54 8.002307
9 65 17.599152
9 89 18.882801
9 93 9.814393
9 96 10.102166
10 27 3.116403
10 37 14.998486
10 43 17.493295
10 88 7.442636
11 20 3.797024
11 55 3.178316
12 30 4.842236
12 50 8.433894
12 73 14.209421
13 41 12.862291
13 56 4.636997
13 84 5.930326
14 68 19.652696
14 90 14.663678
15 18 15.464301
15 30 13.865316
15 44 3.298796
15 60 11.273147
15 69 15.401429
16 38 4.926297
16 50 17.537059
16 61 1.131197
16 62 16.698638
17 33 18.247264
17 53 6.958857
18 19 18.830142
18 42 19.916560
18 97 3.014647
19 46 9.390892
19 64 10.793339
19 91 18.074036
20 45 1.546381
20 51 9.116289
21 40 8.806900
21 61 19.731473
22 36 3.561031
22 57 10.450556
22 83 2.332438
23 25 8.708418
23 33 12.780717
23 94 2.095339
24 45 18.324150
24 63 11.881870
26 71 15.340908
26 93 18.226751
27 52 1.745177
28 81 15.097057
29 32 13.437977
29 92 7.127392
31 67 18.040451
32 34 8.690363
32 48 16.359618
32 52 3.297338
33 38 13.267927
33 39 13.795993
33 64 16.553731
33 90 18.527368
34 58 8.074228
35 87 15.734907
36 43 2.127032
36 66 11.179772
36 74 14.886780
37 91 1.443058
39 79 14.859735
40 67 1.277147
40 94 7.373212
42 48 12.652402
42 99 5.654852
43 55 8.588005
43 68 18.909800
43 75 5.590458
43 77 17.935127
43 84 1.152612
44 98 3.665738
45 95 13.960713
45 96 11.137843
47 59 4.020074
47 78 14.361269
49 86 2.637179
52 80 7.647697
53 80 4.470880
56 97 13.644603
70 73 9.412347
71 76 16.824558
73 95 12.622406
78 85 5.303621
78 98 5.956141
82 83 17.916044
91 99 19.230753
9.699441 14.045869 6.504282 18.919626 11.415434 21.936521 8.745811 8.913733 6.153189 22.262835 7.531429 20.482892 12.376568 15.647864 9.880394 15.203914 14.953955 17.791419 21.561574 24.960128 6.290332 7.917937 14.394202 11.257337 16.287759 23.108036 6.018187 19.818046 23.245905 20.579068 24.138602 8.718936 21.205774 15.455687 16.079252 18.889099 20.647142 16.381612 23.205196 11.877325 9.397257 21.062069 7.333316 11.746024 8.087610 17.349797 15.256696 24.419201 6.852795 6.728412 20.451391 22.727807 16.946765 22.290670 5.153535 23.297053 13.655985 23.986042 18.914007 22.818049 24.162567 9.944804 9.739038 5.259923 23.473883 23.085424 14.114545 7.840137 8.747037 19.736818 15.382127 5.936714 24.008858 8.607911 24.671744 19.763223 17.022070 18.738093 17.023088 20.968385 8.580341 5.549948 7.480635 9.649431 5.930396 18.370064 6.962753 16.010145 8.698452 23.849800 19.787600 16.925401 10.292305 21.076147 15.657816 8.739382 6.119117 7.897062 12.899751 13.498370
6
7
0 3 9.261438
0 5 3.473177
1 2 2.296257
1 4 2.827767
2 5 5.262266
3 4 9.756943
3 5 8.908608
325.282795 484.894004 266.857403 421.667166 503.840002 300.739578
