100
197
0 1 16.482984
0 2 19.060964
0 3 16.704225
0 4 9.805488
0 6 14.836997
0 10 5.006108
0 11 10.113389
0 13 14.303296
0 16 5.155064
0 17 5.352156
0 29 6.176674
0 32 1.857633
0 49 3.565432
0 50 2.979238
0 62 3.269578
0 65 14.440001
0 72 2.314463
0 76 5.932305
0 78 8.525538
1 2 18.604187
1 3 12.518306
1 10 10.380412
1 18 13.632830
1 28 19.038853
1 31 12.523809
1 56 8.604786
1 76 16.327019
2 4 10.218891
2 6 6.416831
2 8 5.140110
2 16 5.767769
2 23 3.363364
2 25 8.179009
2 34 19.349387
2 35 13.301632
2 38 3.543175
2 42 16.974053
2 44 11.204491
2 48 18.230371
2 74 16.096075
2 78 13.319665
2 98 6.338839
3 5 1.569009
3 7 12.914417
3 12 8.595771
3 22 8.352096
3 57 19.674131
3 71 12.826690
3 88 14.756064
4 5 7.882112
4 9 1.524225
4 26 17.796717
4 33 4.643950
4 38 4.458693
4 47 2.733345
4 61 13.361251
5 7 15.770678
5 8 17.072451
5 22 15.598368
5 33 17.697074
5 36 9.700527
5 43 14.048396
5 48 8.904012
5 55 11.427556
5 63 13.355362
5 64 19.853522
5 75 14.176487
5 82 19.674929
6 14 4.887567
6 21 3.993842
6 67 17.927798
6 83 7.227606
6 99 18.332614
7 11 15.265269
7 17 15.031185
7 19 17.593307
7 25 18.413972
8 9 10.228764
8 15 18.675607
8 20 7.985023
8 31 19.230801
8 50 11.473624
8 66 15.573749
8 80 10.894454
9 12 11.331843
9 20 5.775072
9 24 13.435071
9 35 11.265195
9 54 5.352638
9 55 15.514538
9 69 19.644908
9 90 14.326834
10 13 5.963307
11 14 19.344150
11 15 17.001666
11 18 4.085438
11 21 6.856708
11 37 6.577937
11 44 6.466640
12 64 12.506928
13 30 9.208315
13 36 16.592905
13 52 14.441426
13 79 3.708328
14 32 4.078750
14 53 19.855488
14 95 4.646321
15 19 11.075766
15 27 8.345164
15 43 17.320684
15 45 3.764975
15 54 10.413037
15 85 1.364116
15 92 1.609871
15 96 17.062740
16 65 14.836502
16 99 11.541407
17 52 2.657231
18 27 11.575679
18 49 10.302442
18 89 18.592406
20 73 13.569859
21 24 16.080871
21 26 7.925370
21 41 4.170349
21 68 11.626382
21 86 15.081362
21 92 10.551289
22 23 12.983875
22 30 13.171457
22 51 14.202855
22 61 17.883819
22 70 9.600322
22 80 2.430414
24 28 7.582389
24 29 1.281567
24 34 12.340611
24 41 11.961230
24 45 1.415802
24 46 12.501543
24 69 3.167368
24 77 15.090571
24 91 10.927928
25 40 2.165202
26 42 6.914707
26 59 7.113579
26 83 6.778089
27 60 4.890386
29 40 14.233350
29 47 4.141062
29 58 18.263801
29 77 7.897987
30 53 14.282812
30 86 2.270475
31 68 7.148399
32 51 14.328793
33 46 3.683883
34 74 18.591775
34 79 15.346325
35 37 10.965814
35 39 2.983867
35 56 6.844073
35 73 8.241083
36 39 4.268523
40 59 16.529800
40 60 17.259155
40 66 2.292691
40 94 4.604677
43 62 12.498653
44 67 5.832561
44 97 3.282791
44 98 8.056542
51 94 7.395032
52 57 12.122291
52 58 11.598302
52 81 12.353901
52 84 12.280901
52 87 10.856708
52 88 8.532465
52 96 6.866276
53 75 19.143793
53 93 19.866910
56 63 14.134818
59 70 14.885184
59 95 19.543894
60 71 2.064930
63 89 9.062984
65 90 8.430814
65 93 4.345409
67 72 14.813539
70 84 11.711831
73 82 11.219371
75 87 2.204164
78 81 4.479307
78 97 19.959659
79 91 15.022554
80 85 6.382962
12.367226 5.511368 21.128351 8.762093 15.290172 23.176662 22.854166 11.753539 14.109575 8.091256 10.052146 20.441374 19.548386 20.066305 21.832622 22.779986 13.166904 15.832597 17.721678 18.719704 24.096999 21.805118 17.520114 24.388903 19.601085 17.150545 5.479970 16.300156 15.050085 5.090371 18.607900 19.152160 7.040750 6.060439 9.216837 10.425366 19.599181 12.766433 5.953240 24.373324 6.724962 19.213574 22.458955 17.693194 13.067464 12.430160 15.006080 12.943508 13.427108 10.465698 22.061030 22.608308 24.446589 10.746448 14.788615 5.595220 8.069910 15.987422 13.300350 17.426742 12.217102 18.895340 5.279439 18.560762 20.313658 18.146201 12.580749 23.654328 21.310386 5.044629 5.162001 13.845949 6.444490 7.947435 15.703761 21.523932 14.648525 12.392427 10.575834 10.449037 7.201972 13.563800 9.136015 7.680109 17.193315 22.698205 11.123741 17.063920 18.412583 14.560071 10.259192 18.072226 20.705250 18.370409 15.593937 20.249142 9.002288 19.695057 22.561014 5.593354
6
8
0 2 1.001992
0 3 5.753567
0 4 7.978586
0 5 7.302943
1 4 4.750817
1 5 7.681600
2 3 8.701001
3 4 9.910218
463.615265 277.169022 245.612039 431.307613 299.219501 318.112022
