200
397
0 1 1.459191
0 2 18.430330
0 3 18.729446
0 4 7.519733
0 5 8.750561
0 8 11.319874
0 14 19.816918
0 15 18.432357
0 19 11.051531
0 26 8.123707
0 27 3.314772
0 28 4.941459
0 29 5.271048
0 43 15.350443
0 52 15.801076
0 59 18.594838
0 61 11.626292
0 69 19.640285
0 72 12.926700
0 79 1.247392
0 92 13.161638
0 103 4.689048
0 105 17.090645
0 109 6.470423
0 126 18.103231
0 146 15.529183
0 153 13.549737
0 160 4.698683
0 196 9.247390
1 2 19.813136
1 10 15.962062
1 15 12.361075
1 21 2.929768
1 25 19.536243
1 39 11.313098
1 49 12.781169
1 51 4.744310
1 55 1.823613
1 56 7.831181
1 58 17.424593
1 62 2.222427
1 83 2.390208
1 95 15.579732
1 116 10.664752
1 149 16.362545
1 155 11.996842
1 170 8.261653
1 179 15.165899
2 3 7.501155
2 6 10.662539
2 13 13.553963
2 32 19.714037
2 77 13.868680
2 89 17.354679
2 98 12.542037
2 107 6.853208
2 124 6.171433
2 125 14.249113
2 166 12.232883
2 168 5.852083
3 4 18.055876
3 5 2.435390
3 6 4.364430
3 7 7.844699
3 9 19.692989
3 11 6.481202
3 16 19.199204
3 17 19.911330
3 21 16.847098
3 23 7.614849
3 47 10.155846
3 48 5.331949
3 57 7.912608
3 62 6.965747
3 63 11.884632
3 64 2.432717
3 67 18.140782
3 68 3.503524
3 81 8.573453
3 86 13.503421
3 113 17.758771
3 114 8.418277
3 116 19.010856
3 119 8.019037
3 122 16.645303
3 157 15.636893
3 169 16.983671
3 177 11.417625
3 182 1.649680
3 184 16.628138
3 193 18.168823
3 195 4.064682
4 14 17.668575
4 20 8.661437
4 27 13.224974
4 39 12.912399
4 64 17.101785
4 112 16.631780
4 138 10.086589
4 180 9.292694
5 8 6.330514
5 12 13.400127
5 16 18.309528
5 31 14.727112
5 85 10.079823
6 7 8.729457
6 9 10.145878
6 13 12.675963
6 17 4.796468
6 18 5.802499
6 26 5.851147
6 33 5.029492
6 41 15.785646
6 58 18.039091
6 63 9.698764
6 87 2.304118
6 123 4.668524
6 143 18.993015
7 12 2.924231
7 22 18.001951
7 54 6.504465
7 74 6.602055
7 92 7.550459
7 137 15.255655
7 182 17.665872
7 199 18.583529
8 18 7.211570
8 24 5.116417
8 30 9.604926
8 33 1.021385
8 35 14.689646
8 37 8.853001
8 44 13.828352
8 53 16.961355
8 70 13.605271
8 76 2.260842
8 79 6.068743
8 80 8.463874
8 94 17.636275
8 126 5.949132
8 144 18.964065
8 197 2.872297
8 198 6.878029
9 10 14.923071
9 45 14.607418
9 53 12.516771
9 60 7.736496
9 90 12.662702
9 128 14.546418
9 139 1.256638
10 11 5.438561
10 29 19.627724
10 34 5.009557
10 41 8.449586
10 54 12.448528
10 70 15.236400
10 130 8.370410
11 40 5.251323
11 56 13.609684
11 68 19.621420
11 121 9.895475
11 190 10.873850
12 20 19.128898
12 22 11.778380
12 69 12.424859
12 71 19.647416
12 166 10.470173
13 88 19.214910
13 140 5.468916
14 19 19.037617
14 42 11.265127
14 74 16.600713
14 175 19.193805
15 40 4.232817
15 81 19.921826
15 99 13.774245
15 118 2.444566
16 113 4.671098
17 36 7.950613
17 37 17.761006
17 43 6.268096
17 46 7.162573
17 82 6.226623
17 141 19.677652
18 47 13.720353
18 91 3.414650
18 121 1.618920
19 48 5.931838
19 97 10.149286
19 102 18.222851
19 118 10.587248
19 141 4.723739
20 28 17.242507
20 32 14.043126
20 46 12.876828
20 104 7.386658
20 110 4.914025
20 142 7.197148
21 25 17.594610
21 35 6.100400
21 55 14.181196
21 86 12.195572
21 96 13.093626
22 23 2.970858
22 67 19.134403
22 93 2.571979
22 131 19.590724
22 162 19.635396
22 183 18.919808
23 24 7.780929
23 34 18.808836
23 167 14.035646
24 31 12.464552
24 76 11.915389
24 82 4.597299
24 95 5.395089
24 104 1.939810
24 107 6.227847
24 135 1.012516
25 57 1.843305
25 125 13.194814
25 153 9.615489
26 105 8.712183
27 120 7.321414
28 30 19.242188
28 129 5.584839
29 72 12.316934
29 87 17.487104
29 98 15.315710
29 101 3.334004
29 110 3.685273
29 191 4.282991
30 165 4.670328
31 42 10.715708
31 80 19.575305
31 139 18.597444
32 38 11.887570
32 49 15.555552
32 50 4.539467
32 115 2.109716
33 108 13.989333
33 152 4.504880
33 159 2.337369
34 36 17.215806
34 45 11.770702
34 148 7.783424
34 151 8.007799
34 164 16.427977
34 178 7.865784
35 50 14.831734
36 136 18.683356
36 147 1.159166
37 38 13.491447
37 51 3.936786
37 91 1.235610
37 167 10.496681
38 151 6.477330
40 103 14.361253
40 160 5.391202
41 59 13.532996
42 44 8.186216
42 93 9.711344
42 127 4.104890
42 158 8.834071
42 161 12.463497
42 194 10.877060
42 198 17.304229
43 60 3.166643
43 119 3.073432
43 155 16.364659
45 94 1.136376
45 114 3.227834
45 124 2.798259
46 52 2.604544
46 66 9.432856
46 78 2.054093
47 102 4.584154
47 187 9.151006
48 65 9.854879
48 117 13.993149
49 89 19.875620
50 108 4.986641
50 127 15.567972
50 138 19.212033
50 147 1.779184
51 61 5.076274
51 75 14.239581
51 131 9.443876
52 66 7.625630
52 73 6.008031
52 84 16.042960
53 65 17.051303
54 129 5.692512
54 144 15.944937
55 73 3.198029
55 145 11.039504
55 154 14.690339
55 188 1.592174
55 192 15.858324
56 75 11.083997
56 78 12.401240
56 106 2.553431
56 111 18.192221
56 120 15.947962
56 130 18.040859
58 134 4.046148
60 84 16.194491
62 133 10.290659
62 156 12.305556
63 71 1.774898
63 99 4.891990
63 193 13.494173
66 77 11.397269
66 83 2.394168
67 115 11.298817
68 164 8.143823
70 173 11.327624
72 168 19.237699
73 135 5.857470
73 177 9.327737
74 101 13.148026
75 90 17.487537
75 97 19.346749
75 146 14.677369
76 117 1.020387
76 128 10.514920
76 132 16.389552
76 134 4.052048
76 145 10.733721
76 189 14.471055
77 180 15.970845
78 88 7.633386
79 85 1.611379
79 96 2.589547
80 123 5.951713
80 143 9.223009
81 137 9.467733
81 142 18.860493
84 149 5.749747
84 176 18.498726
85 187 3.494243
88 109 15.257433
92 106 8.408239
92 181 6.351277
92 186 6.321854
93 112 12.410213
93 140 3.211051
95 100 4.138941
95 122 5.809573
95 150 11.688776
96 195 3.032771
97 100 18.469256
97 162 7.569596
97 169 8.013064
98 194 4.398109
102 175 9.265350
103 188 17.556960
105 111 16.375340
105 133 4.375705
105 179 1.859070
107 163 16.862694
108 174 12.105584
108 199 9.609743
112 152 3.234058
112 170 7.615338
113 171 12.883684
113 173 3.759098
113 178 13.387291
114 150 8.897343
116 158 5.093701
116 171 14.736855
119 148 9.245311
121 136 13.786352
121 165 9.941913
123 132 12.815716
123 159 19.982763
123 183 8.440546
126 184 6.078257
126 197 19.496220
128 190 12.723151
129 154 5.084731
129 161 12.773507
134 181 1.023526
141 157 19.239768
142 174 12.585734
143 172 18.731042
150 156 13.762576
153 163 5.390859
153 192 8.218339
157 186 15.524875
157 189 9.216639
159 172 4.137160
166 185 7.585789
167 176 19.162023
171 185 14.656006
173 191 12.007019
174 196 6.910753
11.765368 8.295959 16.819857 10.636581 14.605398 5.625534 10.479080 12.513053 5.765331 12.707256 5.516981 15.763138 20.076921 23.922660 8.705313 20.065747 24.072432 9.809304 21.394485 18.362761 16.777817 23.368399 14.954294 22.240006 16.095362 14.527981 18.042144 24.988212 21.767918 11.443417 7.672145 8.573103 20.552458 19.474555 7.781062 8.588366 19.552914 13.318628 12.628187 8.255196 19.410707 8.467222 22.288728 18.461119 18.909234 8.660512 20.972717 17.710533 5.241370 17.512343 5.633605 9.368171 22.348670 13.109169 10.479631 23.070953 19.273138 11.689094 20.479680 13.143563 15.740343 23.992717 11.393999 7.569824 23.752195 23.034704 8.836538 8.585010 22.275437 24.027592 20.693694 5.721846 7.639640 12.086654 12.297840 16.249377 20.935397 19.694561 22.728666 11.594486 12.078023 14.672427 24.334268 8.680209 16.170865 15.715383 13.289404 8.160799 24.569576 21.058779 11.805078 12.026059 8.708713 15.803048 5.959565 7.576911 5.760575 20.333885 15.781036 17.371945 5.293448 20.247967 20.089216 5.280551 7.381753 11.023242 16.428880 19.424231 21.493437 16.085331 24.115352 19.197404 14.522145 12.298940 10.822642 5.468617 12.903109 11.975989 6.218641 10.167374 13.109347 13.067001 7.388955 7.141846 20.875117 14.466551 14.762637 10.794368 24.309932 12.019815 8.570157 20.192072 22.497357 8.149983 22.946749 5.888874 13.607908 6.676855 18.732898 8.677429 19.093775 6.688034 10.216243 8.344822 16.507412 17.217174 5.067540 12.153001 12.290096 11.175295 11.435531 17.339758 16.999244 7.515336 11.163042 24.208251 13.693741 11.433909 19.782332 13.109616 17.375280 15.182834 23.785486 7.117501 12.744769 7.109905 20.937790 7.821869 5.749302 18.167715 13.586261 6.361799 9.126567 10.062962 24.837699 8.432575 15.780671 12.473674 18.804074 11.396828 16.300327 6.283490 18.925175 24.095309 15.508142 16.965017 5.459935 18.466107 5.900661 7.105542 20.916789 24.216746 11.992598 22.478775 18.277941 19.135067 20.972206 8.563779 18.385219 6.826703
13
20
0 10 6.893167
0 12 6.641673
1 4 7.489908
1 10 4.256426
2 5 9.769148
2 7 4.576436
2 11 4.715887
3 6 4.420151
3 9 1.794502
3 10 4.186979
4 8 1.496186
4 10 1.936100
4 11 2.689384
5 8 2.956117
5 9 4.301982
5 11 1.983144
6 12 8.712573
7 8 2.891437
7 12 6.849474
8 10 6.807491
327.222802 417.820551 322.308157 247.380643 463.446959 217.306930 219.103662 314.742954 452.246292 306.642353 407.013754 370.659413 225.938160
