200
397
0 1 10.298731
0 2 1.415117
0 11 17.117778
0 12 8.618596
0 13 11.603361
0 20 12.925321
0 24 8.679876
0 48 17.378736
0 95 7.356209
0 100 13.834729
0 118 17.979789
0 137 18.379034
0 141 2.005334
0 146 2.419900
0 165 1.757132
0 198 1.876166
1 2 16.288794
1 3 13.701569
1 12 18.970641
1 15 17.819888
1 16 11.624899
1 21 3.313695
1 32 10.113300
1 37 15.572065
1 126 3.180337
1 128 14.659837
1 167 4.881767
2 3 17.906946
2 4 4.623636
2 5 16.876732
2 6 3.051184
2 17 13.447560
2 21 1.722442
2 23 13.585648
2 31 14.293573
2 34 16.715936
2 53 15.008176
2 54 18.474719
2 61 4.815936
2 79 17.758182
2 116 11.983753
2 139 14.425846
2 163 8.695830
2 176 7.763267
3 4 15.615110
3 5 14.452810
3 6 7.604115
3 7 4.796590
3 8 15.249041
3 9 6.455109
3 14 3.846380
3 15 18.661219
3 38 10.661586
3 42 6.974838
3 47 1.221668
3 56 5.343806
3 58 5.675021
3 67 6.942918
3 69 16.445968
3 91 6.710969
3 97 11.373552
3 99 16.840027
3 127 13.367355
3 139 3.954124
3 162 12.284443
3 177 14.949977
3 185 9.326476
3 189 18.666824
3 190 13.216656
4 19 13.102843
4 22 15.745929
4 26 14.654088
4 28 14.329878
4 37 9.258786
4 39 12.497232
4 47 12.971120
4 52 2.477934
4 56 9.152537
4 60 14.745880
4 87 14.626358
4 104 6.132498
4 187 14.460614
5 7 11.126630
5 8 16.302757
5 11 17.764130
5 27 10.205437
5 29 12.196507
5 36 17.864384
5 45 12.714419
5 59 8.888614
5 63 15.337582
5 64 10.936835
5 65 15.445415
5 122 18.495376
5 128 14.919940
5 135 3.467439
5 138 14.040337
5 168 12.278106
5 186 19.476966
5 193 14.619102
6 18 14.512189
6 43 15.496546
6 76 16.664319
6 106 2.199746
6 113 6.806090
6 146 16.911757
7 10 11.473344
7 13 11.357138
7 20 13.375578
7 27 7.965020
7 31 4.951929
7 40 11.298837
7 49 14.723795
7 86 16.195522
7 101 1.247564
7 103 7.519318
7 134 15.017988
7 144 1.584136
7 152 18.546286
7 156 17.500276
7 165 17.472997
7 198 3.231151
8 9 17.415018
8 10 18.782195
8 14 13.027261
8 35 16.787970
8 38 11.431897
8 58 8.297656
8 106 14.281579
8 138 4.848583
8 179 17.343865
8 196 17.559433
9 17 16.631295
9 18 9.710837
9 66 6.588330
9 112 19.216095
9 174 7.103146
10 16 2.603294
10 30 12.496209
10 49 10.765616
10 71 11.038271
10 102 17.515073
11 35 1.888184
11 84 12.488780
11 126 14.267684
12 23 16.428916
12 46 9.455968
12 140 9.469323
13 39 2.114720
13 50 1.150617
13 74 15.888938
13 94 8.232432
13 132 3.130939
13 166 1.053892
14 25 2.949881
14 30 9.769237
14 46 5.487464
14 54 18.450189
14 74 14.807109
14 92 1.117002
14 123 14.508008
14 161 5.653737
14 179 6.207265
15 25 19.339662
15 44 6.455744
15 55 5.150814
15 65 4.400455
15 72 3.328306
16 136 18.601275
16 171 3.168027
17 19 7.906383
17 33 10.260818
17 36 11.292363
17 91 4.491655
17 121 1.603394
18 29 5.811460
18 41 17.344629
18 59 5.422037
18 61 7.885332
18 62 4.939649
18 69 2.956024
18 82 3.414663
18 83 5.544985
18 125 9.770539
18 157 1.259579
18 160 2.582792
18 190 1.394506
19 26 3.075431
19 75 9.146526
19 85 1.711669
19 158 19.399615
20 63 12.270568
20 73 18.616878
21 22 4.933276
21 90 14.060630
21 170 18.696767
22 28 15.939032
22 41 8.097532
22 48 16.563687
22 53 9.389509
22 57 15.526096
22 88 2.989402
22 157 14.114812
22 173 15.150833
22 196 15.740970
23 24 13.698771
23 33 2.877127
23 34 15.317173
24 44 18.584376
24 62 19.959720
24 124 18.828880
24 150 13.243026
24 153 7.403772
24 188 16.244313
26 32 11.912862
26 40 14.982928
26 42 1.136390
26 133 16.916901
26 143 16.954520
26 167 4.880416
28 68 10.356225
28 89 19.171457
28 100 4.091557
28 117 2.625882
29 111 1.397436
30 43 17.447130
30 57 19.377669
30 105 17.161920
30 119 18.773323
31 50 4.803743
31 132 8.126756
32 76 7.049725
32 97 10.458368
32 98 2.738950
32 101 10.214077
33 77 8.997094
33 117 4.441789
34 60 1.575267
36 80 10.420825
36 123 2.992043
36 155 17.316613
37 81 13.361587
38 45 17.535717
38 51 14.187795
38 72 7.508350
38 96 12.309562
38 116 16.148620
38 142 6.616939
38 192 8.689984
39 142 5.472584
39 185 17.742301
40 129 18.178373
40 130 16.279152
43 66 18.725789
43 82 7.476119
43 89 11.506724
43 140 14.858456
43 174 17.989565
44 51 3.222599
44 73 8.732028
44 94 5.187317
44 137 17.319444
44 144 19.345347
45 52 17.913107
45 129 12.260608
47 111 17.529324
48 67 11.846610
48 68 14.064479
48 71 8.456754
49 107 10.071226
49 131 4.496683
49 163 7.846004
51 81 13.531744
51 84 13.836673
51 107 13.436329
51 169 6.541047
51 184 1.781735
52 105 8.978926
52 120 17.676221
52 156 2.293912
53 55 3.919837
53 78 4.734897
53 154 16.622436
53 172 11.044092
54 80 6.938876
54 115 4.117136
54 175 2.068623
55 191 1.241833
56 85 19.768135
56 113 14.697723
57 64 15.765173
57 70 14.980722
57 122 17.148639
57 172 11.856307
58 70 7.072294
58 114 7.108131
58 134 16.428380
58 152 10.682576
58 175 16.785583
58 189 11.839552
59 88 15.218404
59 131 1.627371
59 149 5.947647
59 168 6.322866
60 108 16.359208
61 78 16.336235
62 120 14.824515
62 177 4.921492
63 75 12.621655
63 133 7.754304
63 148 8.680081
64 79 18.754828
65 86 7.930001
65 102 13.657311
66 164 4.819325
66 195 15.563231
67 96 12.443377
68 77 12.420872
68 103 10.146154
71 83 18.426117
72 149 16.005261
72 153 5.173614
72 154 11.954071
72 180 5.294021
73 158 1.970783
73 159 15.881418
74 108 10.177586
75 92 7.673414
75 124 14.037777
76 148 3.986998
76 173 5.518835
77 93 10.693468
78 119 12.693046
80 162 13.153005
81 182 13.586076
83 118 16.464083
85 95 10.895632
85 98 7.405383
85 104 17.742731
86 87 2.677975
89 90 11.792512
89 127 7.869748
90 109 19.460866
90 171 17.544701
91 115 4.003108
91 180 4.955562
91 181 19.147708
92 93 5.778234
92 141 11.583181
92 160 11.516375
93 99 4.053677
94 110 13.461291
98 176 18.330450
99 110 19.122840
100 192 3.322032
101 130 11.155882
101 136 9.632743
101 155 3.043221
101 188 4.923737
102 143 2.104626
103 186 6.042247
106 109 17.248840
107 150 11.440844
107 184 18.990998
108 112 15.487804
111 166 9.610074
112 164 2.799457
113 114 4.651508
114 125 11.698510
116 194 11.843315
118 195 2.032589
119 121 2.393180
119 147 17.517010
122 182 11.223604
122 197 3.862789
125 169 11.411058
130 135 13.813700
130 194 13.808745
131 145 6.269222
131 151 1.195589
137 159 15.022384
137 170 7.945267
138 147 1.280143
138 197 8.964176
141 145 14.614062
141 178 10.638452
142 151 18.770569
142 178 5.508323
142 181 8.833829
145 191 10.320111
148 183 14.741505
153 161 13.355714
162 187 7.313661
165 199 6.039495
173 199 8.911261
179 183 3.607596
189 193 13.141458
7.031112 17.657552 9.842847 20.976287 21.855172 13.328903 7.119518 10.324323 6.101832 19.782875 21.231906 24.676196 8.449264 23.267145 7.147403 6.570064 7.758011 10.712369 7.598597 13.208771 21.333820 5.124916 21.938244 23.739378 6.061847 7.873508 17.771162 9.334008 14.778461 13.878335 7.699679 12.427579 14.859523 24.916340 12.598811 20.193075 8.222821 23.932909 7.128242 14.051603 19.010309 13.276115 22.384366 14.878760 18.079531 8.932549 22.504715 24.146196 6.703835 12.536863 12.653261 11.403037 10.048726 22.325591 9.499070 22.435285 7.242322 16.205817 9.688407 6.183229 24.001407 17.119378 15.004316 9.737982 6.242893 23.833768 13.509547 8.835652 13.569155 7.120516 19.362397 18.028054 12.490802 11.996868 7.444673 6.901433 15.149200 6.241116 17.977225 8.117358 5.394023 23.468539 15.016867 6.012418 6.404678 12.527221 10.696758 13.369127 17.980607 5.889473 14.416133 5.737161 7.238315 18.738923 22.924129 14.927264 12.619499 15.613007 16.192139 15.236179 12.229317 19.309422 8.835068 10.110308 12.359884 21.087161 21.372245 19.017822 22.427800 22.154623 5.759355 10.937221 23.568146 16.790446 8.737548 23.593875 23.402236 15.895380 12.283477 13.209900 7.555762 9.437312 23.536032 23.010504 6.600627 18.106046 10.722254 14.404369 24.775233 24.570890 16.723897 5.665233 10.994207 24.781366 6.846141 13.203422 17.100232 13.229706 24.820621 13.945568 19.585204 10.611119 9.897154 17.536632 22.076662 17.699281 9.975604 18.985635 23.915297 6.597925 6.840253 18.611425 21.802513 13.639331 14.144564 8.108091 11.031307 23.563554 5.337358 22.289441 10.336924 23.720909 16.394177 11.187183 20.452646 15.081697 6.670514 23.296152 7.175080 17.166888 6.604422 24.724372 13.120357 6.619914 7.401813 21.581278 17.982567 11.806384 7.504902 6.460820 10.757793 8.253973 9.034789 5.182176 13.034336 9.803250 20.039891 21.075406 8.448469 13.035005 16.945644 9.931946 14.404864 14.876543 14.426579 23.474985 14.544208 9.596021 24.403233 14.325652
13
23
0 2 7.668153
0 4 9.063610
0 9 8.495094
1 6 9.268679
1 7 6.597118
1 9 8.749522
1 12 6.546950
2 5 6.799889
2 7 4.152691
2 8 2.824945
3 6 1.517034
3 8 9.472813
3 11 9.604916
4 6 3.611562
4 7 9.471365
4 8 7.525565
4 10 2.151712
5 9 1.505248
6 8 8.511198
6 11 5.941082
8 11 8.098718
10 11 5.029876
10 12 4.888217
427.121154 453.505051 217.192654 409.417235 329.469018 223.034691 223.773119 218.545187 469.383278 422.914949 312.992431 231.873430 293.896002
