200
397
0 1 6.736620
0 2 18.450396
0 5 15.844587
0 6 3.101180
0 10 19.943658
0 15 17.704800
0 27 6.394260
0 35 16.901035
0 43 3.021971
0 68 19.982990
0 75 13.648010
0 102 13.352375
0 119 2.718374
0 197 18.043635
1 2 1.550991
1 3 5.575733
1 9 3.717416
1 16 15.758591
1 19 4.765880
1 38 18.302126
1 63 13.469112
1 82 1.687091
1 88 1.103167
1 113 1.981500
1 134 12.512578
2 3 16.228154
2 4 5.532504
2 7 17.138768
2 14 2.087407
2 19 16.218313
2 20 18.628113
2 26 15.670060
2 30 14.264295
2 31 16.921624
2 43 1.762875
2 49 4.833860
2 50 3.373550
2 55 10.586089
2 62 15.158574
2 65 12.970225
2 70 17.171491
2 129 3.949047
2 135 14.957801
2 136 4.667788
2 140 6.144416
2 143 14.488189
2 145 19.623891
3 4 12.619329
3 9 2.035506
3 12 12.709870
3 26 1.804660
3 42 17.798769
3 45 14.481987
3 46 4.289429
3 64 2.742699
3 77 4.487131
3 80 19.620516
3 94 9.712652
4 5 15.897538
4 6 13.091759
4 8 11.875850
4 10 3.757475
4 18 18.974465
4 23 6.725510
4 25 11.982327
4 36 14.295743
4 37 13.335430
4 56 18.871294
4 58 3.820341
4 66 10.658702
4 76 8.676653
4 96 10.009206
4 102 3.265133
4 103 3.547798
4 104 6.283435
4 108 6.789387
4 109 9.130161
4 115 12.608763
4 119 13.057953
4 128 8.824407
4 134 8.766879
4 144 5.134942
4 146 12.177819
4 168 7.023777
4 169 1.685137
4 174 8.949601
4 181 10.008521
5 11 5.286264
5 15 11.876701
5 34 11.749666
5 38 14.338041
5 87 13.311021
5 97 13.396228
5 131 7.008069
5 150 15.961212
5 180 11.433743
5 181 9.196946
6 7 12.894237
6 8 7.852489
6 20 10.742046
6 21 14.997408
6 24 17.841655
6 39 18.500087
6 52 10.569026
6 54 10.885227
6 98 16.197538
6 130 6.974563
6 133 16.910265
6 154 10.388691
6 167 3.201278
6 170 2.369124
6 194 16.997871
6 195 2.055790
7 12 6.331617
7 18 7.348471
7 48 4.286894
7 81 6.963974
7 99 15.111159
7 106 1.278974
7 132 16.716295
7 135 17.274412
7 187 8.072970
8 11 3.918645
8 29 12.415968
8 57 3.273779
8 140 7.933468
9 14 19.210154
9 16 19.913825
9 36 15.669993
9 73 6.908269
9 103 14.065636
9 175 14.402721
9 187 8.368992
10 13 13.176884
10 17 1.203825
10 21 4.972096
10 32 10.976678
10 35 4.111275
10 41 4.152230
10 47 16.889782
10 49 19.793527
10 64 11.563419
10 78 16.942325
10 86 19.816112
10 95 3.690322
10 96 9.516667
10 121 8.458882
11 85 2.520936
11 165 15.351273
12 13 9.241802
12 22 9.917212
12 30 3.862787
12 44 4.437606
12 47 18.234969
12 67 1.848333
12 73 5.424193
12 84 6.549127
12 126 10.313753
12 127 12.142458
12 141 10.372510
12 156 2.598191
13 25 5.629682
13 32 17.028179
13 34 13.114185
13 92 13.333832
13 112 13.733862
13 141 15.495157
14 28 2.104061
14 45 7.965559
14 54 11.251021
14 56 7.430673
14 60 17.045099
14 62 10.168878
14 100 15.603924
14 110 17.188295
15 40 10.591038
15 83 18.281493
15 133 12.155355
15 154 17.155212
16 17 7.471225
16 22 10.477522
16 23 11.096810
16 24 2.994615
16 28 8.572498
16 31 18.429416
16 33 12.985813
16 173 4.372625
17 27 7.438257
17 74 4.640457
17 93 1.471640
17 131 18.621749
18 29 9.515939
18 39 6.843166
18 63 12.371067
18 138 1.138975
19 41 6.282420
19 69 14.357636
19 72 13.041626
19 159 19.654313
19 164 12.786796
19 185 10.072612
20 33 15.467219
20 48 18.163230
20 71 14.693223
20 88 19.301013
21 57 15.858098
22 110 17.469227
23 157 3.167977
24 46 14.915857
24 61 9.361685
24 74 11.508972
24 124 13.427946
24 161 19.426487
25 44 19.706984
26 40 6.476337
26 65 14.941316
26 67 15.249687
26 143 7.583364
26 186 3.353526
26 198 1.777992
27 51 15.769519
27 60 10.304295
27 68 19.725263
27 72 9.834496
27 77 19.580423
27 86 8.819944
27 123 16.079961
27 137 2.611566
27 156 11.553772
27 157 16.239136
28 37 18.569332
28 115 16.629079
28 184 1.702444
29 42 8.081344
29 53 1.925271
29 61 3.076364
29 82 13.830807
29 91 14.551906
29 101 15.700693
29 124 17.443674
29 153 15.049198
29 158 16.216560
30 142 1.930310
32 105 5.456168
32 111 12.816058
32 118 17.304381
33 59 1.085502
33 126 10.777958
33 186 13.868461
34 53 1.562538
34 155 8.625756
37 59 18.017063
38 79 13.760643
38 189 5.515509
38 192 17.202841
39 78 7.612597
42 98 17.213549
43 51 6.679929
43 106 12.216085
43 114 8.541861
43 121 6.221676
43 152 17.844594
43 182 4.564280
44 138 2.611420
45 58 7.496612
46 50 14.635144
46 55 16.341201
46 70 19.976124
46 79 6.630879
46 155 8.750897
46 160 3.599604
47 93 11.922567
48 188 19.954021
49 52 14.316739
49 116 12.309044
49 144 8.455013
50 151 18.390676
50 177 10.441415
51 80 3.552971
53 199 7.942191
54 75 2.276167
55 104 4.837602
55 114 1.335707
55 122 9.612318
55 123 13.056265
55 129 7.522557
55 151 8.987254
55 197 19.224976
56 90 15.287299
56 142 11.276276
56 161 6.406277
56 179 18.042939
56 199 5.466845
57 66 7.181512
57 111 18.272231
57 136 11.061299
57 163 15.104041
57 191 12.224151
58 105 13.415345
59 84 6.688283
59 94 5.586069
61 83 7.127355
61 92 3.953390
61 107 17.611973
61 177 6.381692
62 125 11.668298
63 76 16.047514
64 69 15.892658
64 71 9.329339
65 108 10.048889
66 100 19.899333
69 81 13.817352
69 176 16.478130
71 176 18.148525
72 97 15.964207
72 149 4.518408
72 190 11.681244
73 89 2.935989
73 137 13.405520
73 153 19.151639
73 171 10.741909
73 174 9.226477
74 90 1.681012
74 107 19.235716
74 167 2.957051
76 91 1.780503
77 164 5.675266
77 179 2.245078
78 85 9.647239
78 87 10.805668
78 127 6.938829
78 175 1.968249
79 99 3.120407
79 118 8.305583
79 162 2.150041
81 117 14.265605
81 196 4.933390
82 120 6.739360
84 158 8.488390
85 95 8.915583
87 89 1.031553
88 120 3.129337
91 128 17.392527
91 166 1.023428
91 182 10.655180
94 195 10.300538
95 130 7.328789
95 183 9.195213
96 101 15.831042
96 109 16.982870
96 122 5.946622
98 125 7.127318
99 113 5.607174
99 149 10.117405
99 150 13.981909
99 165 5.336805
99 168 7.283979
102 148 18.677308
103 112 1.922817
104 117 9.754622
105 139 14.519603
105 196 3.858626
106 145 1.900106
109 116 3.625902
109 147 18.457641
110 139 1.175936
111 193 4.578118
112 163 1.594387
112 189 3.101960
113 178 12.782836
114 132 5.591139
114 172 11.815029
117 152 12.213712
117 171 17.139271
117 172 1.090086
117 185 17.214020
118 183 12.763263
122 178 4.092126
123 147 15.685810
123 162 17.254339
125 191 5.831006
127 146 18.457080
128 166 9.634691
138 160 12.465065
143 148 19.708341
144 198 7.869185
145 159 16.450028
148 194 7.049583
151 169 16.185057
154 184 12.413944
157 173 5.110758
158 170 8.866496
159 180 7.035077
168 188 2.484059
169 190 1.566861
177 193 7.583094
187 192 1.361649
8.309755 19.503666 19.161825 19.771608 11.343063 22.800389 16.876611 7.520527 7.874373 18.861909 8.458879 15.145854 24.835490 5.080152 5.331596 24.861692 16.692777 7.538200 22.946044 22.607606 15.724008 17.435841 10.463744 6.010394 16.891352 10.895104 18.272421 21.724904 5.363211 16.914275 9.625611 22.477770 10.073290 17.215403 16.070817 12.923330 18.552415 19.515393 16.338756 20.168445 24.668342 13.385448 15.291661 5.249398 20.920571 15.404601 13.159229 6.881439 22.793128 12.900145 18.651632 7.987483 24.230993 8.568835 8.990840 22.179657 23.251655 9.242948 14.396018 19.669898 22.567315 12.581054 15.340390 19.834328 19.622720 20.659203 16.398676 7.092302 23.079466 22.311451 20.961949 6.997250 9.087947 19.872007 5.462802 24.584493 12.542894 19.386251 22.751422 12.892598 11.382650 17.174823 16.619787 13.182800 17.035495 23.707627 14.352805 8.934844 12.544120 12.882140 7.622174 8.257430 18.691241 11.789555 24.097968 9.871935 6.978490 20.070091 22.620721 10.562267 9.041762 8.715323 15.440246 14.368333 10.188797 5.903462 14.629827 24.186647 18.050384 14.910131 7.213841 10.048726 10.895479 20.296071 22.534216 23.032837 24.691372 24.647334 24.059983 6.436443 7.755871 11.089331 16.057965 6.939558 21.915939 17.335124 15.847288 8.306226 10.065109 8.206240 22.038663 16.684557 19.702589 10.920657 12.425053 13.097099 20.200299 20.447060 9.136271 23.830777 7.413107 22.922442 7.007913 10.290796 21.929571 8.589841 13.271359 13.997186 9.905179 19.204904 22.026693 22.491503 11.786443 15.617008 9.968128 9.895930 8.225081 23.800380 22.759777 20.547174 15.353230 14.812158 15.594913 15.731360 13.691262 7.635097 7.513277 24.044994 14.640615 24.064110 8.271538 16.088331 9.154345 10.063692 5.601092 7.379066 23.336968 11.430660 17.162584 14.300283 13.009025 15.637722 8.744779 24.772078 21.366157 19.832293 14.375186 8.057542 23.413317 11.827741 6.002134 11.848074 20.889141 17.454175 20.016772 20.872708 9.239092 23.475666 13.759792 17.780273
13
20
0 11 4.600553
0 12 8.875969
1 6 6.492047
1 9 4.995486
1 11 9.423437
2 6 8.685859
2 8 3.899941
3 5 5.900936
3 12 5.408418
4 6 6.689823
4 7 4.007001
4 9 3.197845
4 10 9.214047
5 6 9.314870
5 7 8.589906
6 8 9.803840
6 10 7.704924
7 8 7.882005
7 10 7.863311
11 12 5.325469
361.070807 296.358034 417.445875 311.050999 301.620070 399.830722 347.163177 289.962453 468.694170 482.016431 274.651998 226.709087 325.060393
