200
397
0 1 18.044023
0 2 1.402913
0 3 19.555474
0 4 16.995432
0 5 8.770687
0 10 16.715011
0 14 18.163737
0 18 17.386621
0 23 4.727657
0 24 1.599433
0 26 9.480816
0 29 19.606544
0 33 9.994599
0 70 8.894112
0 73 8.175372
0 94 12.545537
0 103 17.656061
0 107 16.975582
0 157 1.267405
0 173 8.417663
0 189 1.781552
1 2 7.661232
1 3 3.363877
1 6 3.506560
1 8 14.347252
1 9 6.608468
1 15 6.706294
1 16 12.519974
1 19 9.703467
1 22 5.125343
1 28 3.768183
1 37 2.004747
1 101 19.290261
1 120 10.383494
1 121 10.589965
1 125 10.831478
1 126 14.743686
1 147 19.390503
1 148 5.734711
1 170 1.134397
1 176 11.130328
1 192 14.447793
2 5 9.200464
2 7 5.848238
2 9 11.012901
2 10 15.136773
2 17 9.590594
2 33 19.385594
2 69 12.375535
2 78 10.804997
2 88 2.655732
2 90 11.411808
2 148 2.767435
2 158 2.305295
3 4 16.452958
3 16 17.435444
3 21 10.439937
3 26 5.967823
3 114 5.600553
4 6 14.683316
4 12 1.167062
4 20 12.958996
4 27 9.518054
4 46 18.590748
4 68 15.331713
4 73 8.196806
4 76 13.395199
4 89 3.342582
4 95 2.213775
4 100 15.402692
4 116 12.594393
4 118 7.334313
4 152 14.139362
4 173 17.736976
4 196 4.803172
5 18 10.398795
5 21 3.007083
5 22 6.605982
5 32 6.174567
5 47 11.474256
5 54 16.638543
5 55 2.244656
5 71 6.970753
5 78 2.897654
5 95 2.540947
5 96 8.779415
5 109 5.828143
5 112 17.374311
5 114 10.192275
5 135 6.649657
5 161 10.660167
5 181 6.859797
6 7 16.213646
6 8 1.678991
6 13 12.731278
6 27 1.404086
6 86 8.931729
7 17 10.861422
7 19 3.167326
7 20 16.095825
7 30 9.452099
7 34 15.810516
7 49 6.325151
7 50 10.078731
7 53 3.709768
7 57 13.644282
7 71 3.934169
7 75 11.805948
7 86 13.414561
7 111 8.988868
7 140 16.719328
8 11 19.827010
8 133 15.514846
9 23 4.037976
9 24 3.808764
9 25 5.567421
9 41 7.886736
9 42 13.849322
9 48 18.477306
9 57 12.951318
9 84 19.916071
9 90 15.673164
9 125 9.059949
9 130 1.425925
9 147 18.091528
10 11 14.822185
10 15 4.560162
10 52 4.505637
10 135 8.695466
10 175 6.748374
11 12 9.790491
11 13 15.360433
11 28 8.089499
11 30 6.359002
11 36 3.420360
11 37 11.092118
11 69 6.327275
11 117 3.445896
11 179 6.078622
12 35 4.532228
12 42 14.061912
12 183 9.895930
12 190 5.268368
13 14 19.380258
13 168 16.828902
14 34 11.275747
14 44 15.890277
14 96 17.004268
14 137 5.230038
14 169 16.005512
15 85 12.132141
15 89 2.551895
15 119 2.455859
15 129 15.340129
15 145 6.842677
16 45 17.328431
16 58 14.130076
16 61 18.477876
17 97 11.381255
17 152 19.060471
17 162 1.274448
17 182 14.074149
17 191 7.796735
18 62 10.176642
18 119 11.444435
19 25 13.349638
19 31 3.974440
19 39 10.459114
19 41 14.397177
19 56 4.230011
19 68 2.154964
19 174 16.675900
19 195 7.138299
20 39 5.566164
20 83 6.246675
20 87 18.701925
20 141 13.108632
20 142 18.692117
21 29 16.148043
21 31 17.540154
21 40 2.680143
21 43 3.130993
21 64 18.115076
21 92 14.615778
21 121 15.750329
21 126 11.054019
23 65 6.218660
23 94 9.420786
23 124 19.211786
23 127 17.030355
24 32 7.783036
24 48 10.686767
24 72 12.889117
24 87 10.774496
24 93 8.083186
24 144 11.785955
24 145 12.101854
24 199 9.124207
25 45 2.945397
25 46 13.593043
25 66 17.122732
25 79 4.283955
26 36 13.000454
26 50 8.423894
26 150 10.344884
26 198 13.115560
27 64 5.190916
27 177 7.309142
27 188 11.581372
28 35 15.116018
28 58 6.355404
28 62 9.180606
28 158 5.676734
28 191 6.999765
29 40 7.940021
29 106 9.868420
29 109 1.779262
29 141 7.778076
29 144 15.798414
29 197 6.856876
29 198 16.981480
30 38 7.119549
30 51 14.773748
30 80 16.822567
30 110 15.780707
30 115 19.359485
30 130 14.561179
30 139 17.817772
31 136 4.780665
32 44 19.958999
32 51 17.789858
32 54 3.642805
32 102 10.455828
32 133 13.456813
32 181 14.247365
33 38 2.185507
33 63 11.718734
33 67 8.879797
33 74 1.935642
33 111 8.988906
33 140 15.936221
33 150 16.841064
33 192 19.737035
34 43 6.856024
34 72 1.692264
34 107 13.860141
34 113 12.563246
35 55 3.827442
35 77 13.432881
35 91 11.500704
35 100 9.461642
35 155 6.955728
35 172 12.837166
35 184 7.423407
36 59 2.911197
37 123 16.577051
38 60 2.258450
38 79 18.122370
38 81 6.010686
38 105 15.174020
38 169 13.058783
39 97 2.132125
39 164 8.497672
40 63 12.873295
40 98 16.774394
41 47 4.781344
41 128 18.319090
42 118 7.885654
43 122 15.405455
43 168 2.996122
43 174 8.519630
44 80 17.104775
44 127 10.949886
44 128 15.517087
44 149 1.365060
46 52 3.351953
46 106 3.282180
46 167 14.940209
47 193 17.431323
48 49 13.368794
49 60 5.943246
49 92 9.044467
49 102 5.224432
49 131 16.147058
50 53 10.096398
50 56 19.561713
50 166 8.847891
51 59 8.568711
53 70 19.113486
53 76 14.939785
53 110 5.449527
53 131 11.716072
53 155 4.395416
54 77 8.016325
54 108 6.926132
54 143 2.606842
54 170 4.213485
56 61 13.146653
56 65 13.393481
56 105 12.769946
56 132 3.989240
58 136 14.602976
58 156 4.099090
58 159 2.538878
59 66 15.037248
60 82 14.785684
60 85 6.125907
61 81 14.106702
61 103 6.897667
61 104 10.112589
61 167 2.291406
62 67 12.430772
62 91 6.094491
62 93 10.024625
62 120 19.133524
63 134 7.457188
63 163 18.981125
64 172 19.874951
66 84 7.697827
67 75 18.568112
67 178 10.675377
68 160 13.800162
69 74 14.700280
70 113 2.345021
70 171 15.659543
71 186 7.146254
72 176 1.596683
74 99 7.748074
74 187 1.746895
75 159 10.033551
76 101 8.157953
76 116 19.092243
76 132 14.349828
76 166 17.168214
76 194 19.714946
77 138 16.471511
77 139 19.782430
77 187 2.082449
78 82 16.049431
80 104 4.765247
80 112 11.836727
80 146 12.322489
80 188 17.687554
81 83 7.081994
82 88 10.531439
86 156 15.123899
87 98 13.700710
87 115 7.932189
87 124 7.250004
89 164 9.651005
93 142 12.857939
94 123 6.443057
95 99 8.694436
95 149 8.536266
95 177 7.941356
97 143 6.498380
98 129 16.956676
98 162 8.966900
98 165 9.177608
100 117 6.574990
100 184 18.978666
104 108 17.199139
104 153 3.907288
105 180 17.599000
106 154 9.486208
107 160 4.112324
114 178 18.291092
114 189 15.474752
116 122 10.703547
119 134 11.587608
119 146 2.869254
119 179 3.728419
120 165 8.080076
120 195 15.228963
122 138 15.620513
124 151 10.419519
125 196 14.191752
130 151 11.976041
131 154 1.946131
131 193 15.303458
132 190 14.642129
133 186 7.917432
134 137 5.476574
134 194 19.585553
137 161 7.591346
137 175 13.549431
137 185 6.059558
140 163 13.177962
146 182 1.319776
149 153 2.409059
149 157 16.818002
149 171 19.081825
153 180 11.155012
156 183 5.034997
158 199 9.824535
167 185 3.245649
191 197 1.338480
23.045954 10.669099 18.731806 21.141438 18.245753 11.576479 11.156622 6.656147 19.669481 21.817463 23.332441 13.386242 22.462550 22.500949 23.513936 23.326501 15.182858 16.333656 16.158644 12.561109 24.231677 6.035411 10.831302 24.684646 5.637926 8.904866 19.725485 10.792282 9.071030 18.295891 11.500097 8.174047 16.234888 23.133366 23.851716 18.769613 8.829516 15.826139 13.865831 11.373888 5.893277 12.089419 7.763811 5.455392 24.482939 24.941038 7.878737 14.996068 19.525940 11.281087 13.056734 20.132548 22.688642 17.538061 18.469697 7.810512 15.487187 11.919966 14.421377 9.715675 14.446382 9.593371 10.267254 19.137872 7.109551 10.997827 12.020852 7.923972 8.372972 14.697467 14.608662 5.467833 11.011256 16.676994 22.428021 16.082813 24.173645 5.498308 14.535461 12.687022 21.988706 23.000609 14.378484 12.987130 17.507496 6.946575 5.961586 22.739026 19.310470 9.949456 16.876462 5.971212 12.894255 17.066245 18.901884 16.819257 7.934077 23.602310 21.021364 8.463551 9.778945 23.239878 7.623333 21.052683 23.109610 16.622506 24.226828 7.709042 17.140962 9.038780 17.038739 21.938785 5.472971 21.322611 15.826351 14.347641 5.945242 11.558365 20.515594 7.265569 5.755885 6.743186 14.531842 17.435913 6.237135 20.098265 20.215485 7.596471 22.424650 15.321484 5.380081 13.080752 18.223831 15.460330 18.214750 6.011484 22.133855 19.651762 20.092673 22.066870 12.652900 14.601029 5.133665 8.488621 17.767463 16.468490 11.918229 13.595391 20.376943 19.827325 15.580883 17.056742 23.019857 5.502528 19.714247 21.478894 23.540991 12.190313 13.533341 17.420089 14.252990 23.992618 10.205721 5.377062 18.273960 23.741826 24.749622 5.681020 5.212745 12.535313 15.763244 12.449148 5.684047 18.452058 13.273522 18.378694 5.908076 18.019732 18.861156 22.393910 22.625428 8.477022 11.596254 22.736705 17.323851 7.143790 13.661052 18.936833 14.280564 21.255892 14.295115 19.077614 20.224757 12.813185 10.125098 11.827886 13.749774 24.959932 19.458547 21.846471
13
21
0 7 8.863954
0 9 6.552414
0 10 9.702340
0 12 4.522100
1 10 9.238792
1 11 5.108773
2 3 3.032964
2 4 7.870101
2 11 5.933744
3 4 9.607490
3 8 5.251871
3 12 2.182495
4 6 1.728767
4 11 2.039641
5 6 6.666311
5 9 7.386667
7 9 9.065311
8 10 6.998104
8 11 5.832285
10 11 8.462970
11 12 3.639671
427.436369 244.671824 348.969798 458.420841 231.593205 456.155380 444.492345 502.069184 491.872022 244.113427 373.051598 281.928865 474.791178
