200
397
0 1 14.223645
0 2 7.094662
0 3 17.089694
0 4 4.558520
0 5 4.718047
0 9 2.095530
0 10 17.399694
0 11 3.404858
0 13 15.708747
0 16 8.007740
0 20 11.115471
0 47 5.636375
0 49 10.693718
0 54 10.456257
0 58 13.151848
0 75 16.733495
0 78 19.962121
0 102 2.225815
0 104 3.772040
0 115 9.924492
0 164 6.944470
0 185 11.723371
0 186 18.202634
0 190 1.967277
1 2 15.077144
1 14 18.333610
1 24 15.800115
1 28 19.181672
1 36 4.532989
1 42 16.395486
1 59 10.932903
1 92 11.525289
1 102 14.194644
1 107 15.864785
1 109 11.812531
1 143 18.294936
1 169 7.533459
1 176 5.177394
2 3 16.258966
2 4 3.216650
2 12 7.408723
2 21 3.933229
2 23 12.732308
2 28 10.743862
2 29 19.448241
2 34 2.760155
2 70 2.641992
2 76 15.678822
2 86 17.841417
2 100 12.349427
2 112 17.426136
2 119 1.145858
2 174 18.382201
2 183 9.223186
3 6 19.036740
3 7 14.218307
3 8 17.927147
3 11 19.204439
3 12 5.697563
3 21 5.502086
3 27 1.246927
3 31 18.550189
3 39 18.181153
3 60 9.658818
3 70 3.698130
3 81 4.559685
3 82 14.999977
3 87 10.863021
3 101 1.889878
3 142 19.058415
3 172 4.427515
3 199 19.688157
4 5 15.025062
4 6 12.420966
4 7 14.051188
4 15 12.421934
4 37 16.169966
4 53 4.401324
4 62 1.522450
4 66 3.356603
4 71 5.416960
4 72 1.883876
4 122 13.701561
4 193 2.864615
5 15 11.459638
5 65 4.513529
5 88 18.907310
5 89 15.048220
5 103 12.329131
5 120 6.027690
5 133 16.272339
5 134 11.124925
5 154 4.552413
5 156 2.063161
5 162 3.752209
5 167 8.504763
6 8 9.073452
6 9 8.183954
6 10 18.919077
6 14 2.521393
6 19 5.389224
6 22 6.595741
6 23 13.087252
6 24 12.157094
6 26 13.955349
6 32 9.915231
6 35 18.780780
6 41 1.567416
6 47 5.406298
6 57 18.440814
6 63 6.221151
6 72 3.736542
6 74 4.858618
6 77 9.998117
6 82 19.486879
6 85 17.695949
6 100 6.125952
6 113 15.633430
6 114 2.645757
6 125 11.867230
6 141 16.761977
6 156 4.663999
6 171 10.563674
6 180 5.257209
6 190 7.549019
8 16 16.685319
8 17 8.001863
8 18 7.810150
8 22 1.066846
8 25 15.219918
8 26 17.361842
8 29 7.312298
8 31 3.342159
8 35 11.415411
8 40 16.432750
8 44 4.228613
8 46 4.980968
8 49 10.041999
8 51 17.168483
8 56 17.918074
8 69 11.588887
8 79 2.126082
8 106 4.644260
8 118 17.661265
8 120 19.486571
8 150 9.474921
8 159 18.294261
8 192 5.346022
9 13 16.107023
9 17 17.336828
9 54 11.380022
9 65 2.017266
9 89 17.697316
9 93 5.174923
9 96 8.934814
9 116 11.260140
9 125 13.378330
9 144 17.646249
9 157 18.190599
9 163 6.971476
9 194 5.572569
10 27 14.621613
10 37 10.880481
10 43 18.965448
10 88 6.288171
10 108 7.200408
10 137 17.539045
11 20 8.865927
11 55 12.112352
12 30 9.609433
12 50 6.877940
12 73 3.611072
12 110 3.286035
12 132 17.339852
13 41 12.014472
13 56 1.750909
13 84 11.105694
13 105 15.795461
13 127 5.846054
13 139 3.113155
13 146 6.709480
14 68 1.931603
14 90 16.613755
14 159 2.508951
14 196 19.738757
15 18 10.377750
15 30 15.853911
15 44 16.868913
15 60 13.702280
15 69 14.929008
15 109 1.163782
15 150 2.154898
15 187 10.154549
15 189 4.590453
15 198 19.105765
16 38 9.197645
16 50 17.532869
16 61 17.658370
16 62 4.103778
16 117 11.341005
16 138 13.824569
16 144 7.119721
16 145 7.538616
17 33 4.935006
17 53 16.442117
17 126 1.213312
18 19 9.407622
18 42 16.870204
18 97 19.713451
18 101 12.984779
18 108 1.069835
18 127 12.337721
18 128 16.033145
18 129 14.136284
18 149 11.797881
18 197 18.769046
19 46 11.059892
19 64 17.562271
19 91 6.000189
20 45 8.291545
20 51 5.728954
20 166 3.295481
21 40 6.341316
21 61 19.468749
22 36 18.880945
22 57 15.318681
22 83 18.863599
22 112 15.592859
22 130 19.429767
22 155 4.659521
23 25 17.959560
23 33 6.678913
23 94 16.150504
23 178 11.939928
24 45 5.292916
24 63 12.216883
24 135 16.805458
25 132 14.497963
25 151 14.871553
26 71 8.540192
26 93 15.466107
27 52 12.020812
27 140 16.930718
27 186 8.510451
28 81 3.562534
28 105 15.041613
29 32 13.746928
29 92 12.908065
29 106 6.781743
29 149 17.558760
29 157 9.836559
31 67 4.732732
31 110 2.658604
31 193 10.372779
32 34 16.777718
32 48 10.309939
32 52 17.611910
32 143 7.262625
32 182 14.358629
33 38 9.483346
33 39 10.436339
33 64 2.229265
33 90 9.934433
34 58 16.792369
34 115 7.149105
35 87 10.659571
35 122 2.050288
35 131 18.054495
35 170 5.400529
35 173 5.089966
36 43 12.525485
36 66 13.081848
36 74 3.252687
36 179 9.459703
37 91 17.215523
37 188 7.336684
38 170 17.210288
39 79 14.832625
39 119 4.553658
39 131 7.327623
39 153 15.649143
39 168 12.475697
40 67 3.994691
40 94 12.431293
42 48 4.425824
42 99 12.949284
42 123 1.329303
42 153 15.828660
43 55 1.843187
43 68 14.750476
43 75 3.873943
43 77 11.296311
43 84 6.094961
43 114 9.124394
44 98 15.888020
45 95 9.747650
45 96 6.993753
45 121 13.118145
45 145 15.440529
45 195 3.162111
47 59 16.773906
47 78 16.680896
47 103 1.271438
47 148 9.650983
49 86 19.850471
49 172 14.552828
49 199 6.447430
51 138 17.553996
52 80 18.396256
52 168 1.909203
53 80 19.181901
54 133 18.330200
54 146 8.885280
54 162 9.033042
56 97 8.968251
63 118 3.702320
64 116 4.217255
64 184 8.748929
67 124 8.867524
67 191 12.019442
68 147 15.619685
68 175 17.788119
69 147 12.770303
70 73 15.023386
70 135 4.044547
70 158 2.354046
71 76 14.376304
71 117 9.821979
72 151 12.205934
73 95 2.605759
73 136 8.388959
75 121 9.227229
77 173 15.567933
78 85 17.421836
78 98 10.897697
81 141 17.219911
82 83 8.135980
82 129 11.985002
83 111 11.038431
83 161 10.542102
83 187 4.028822
85 158 18.144405
87 177 3.902585
87 180 19.298762
87 196 13.393132
88 128 4.378246
89 111 19.872172
91 99 9.573505
91 107 4.957335
91 154 9.291749
91 160 4.519242
92 104 13.791511
93 181 18.208442
97 142 10.642464
99 137 1.922501
99 194 16.682282
100 134 18.396462
101 161 4.003371
101 191 19.805619
102 163 12.955995
103 136 14.039136
108 177 2.983870
108 192 3.440975
109 123 8.967440
110 113 15.512365
110 175 9.225932
110 184 18.741913
110 185 1.192481
111 130 18.846862
114 126 1.921785
115 139 4.290959
115 140 16.016029
119 165 8.699660
120 152 16.548665
120 183 13.354033
122 155 6.373175
123 124 19.921207
126 148 11.547712
126 179 16.573326
129 164 3.702794
129 181 10.920921
137 152 12.498653
140 165 10.161182
141 169 17.295500
144 195 4.038227
149 166 19.784756
149 174 2.999192
149 176 10.057436
149 178 6.386166
155 160 18.727269
156 189 2.351371
159 182 10.405430
162 197 1.704280
165 167 4.724001
167 171 14.624341
170 188 17.243102
184 198 6.355513
8.956043 19.416108 23.369928 23.831718 22.741058 14.340754 10.455651 23.351727 18.616663 12.599088 21.567767 20.731086 9.558524 16.823698 12.025829 13.321102 23.643011 21.687864 9.776753 13.159433 5.923118 21.944795 24.884073 22.625639 7.035527 20.164497 15.315226 12.795626 24.137714 16.934743 24.246527 21.807711 12.560558 10.847935 19.178863 6.172096 17.492290 7.327445 23.315943 19.403307 6.899465 5.460765 9.936691 17.030536 9.104059 14.925926 12.360754 16.182749 21.014476 8.902716 10.548835 6.674521 21.976943 22.941272 11.700625 10.577876 12.675336 18.857233 16.371545 6.385917 22.514774 12.834371 5.590009 10.135055 18.816916 7.764821 15.823745 24.408819 14.512235 12.952795 17.062219 15.243180 8.344567 17.364889 16.577772 20.406930 20.291893 22.923586 19.605016 8.895409 18.799377 24.439906 18.869149 9.920714 8.738765 20.653030 24.807516 21.426104 13.216032 9.517665 16.108398 9.387849 22.917202 19.871340 12.496116 21.031963 16.686756 5.782194 22.276449 13.011586 7.887468 8.548591 21.464212 22.603383 9.521030 14.715383 13.958635 10.115369 8.414385 12.852585 21.206104 21.176370 22.930931 23.015205 20.297160 11.273771 7.378322 17.914639 15.929953 12.293779 19.667190 15.742250 6.005935 19.298243 10.371998 7.844286 9.049975 24.425798 8.334657 16.489918 22.628151 11.278145 7.786301 12.483918 8.022023 22.314985 21.201960 9.180053 6.075448 5.851930 18.169202 23.750301 14.500720 7.970404 21.185029 10.056029 22.903471 6.807200 5.097401 8.887611 23.681298 22.850383 6.651174 5.373099 7.733868 20.478948 18.401917 13.031890 13.936877 7.508668 14.318871 11.037363 13.986209 5.838151 6.714256 21.492134 10.958555 21.510905 10.057191 23.378782 12.455485 15.105623 11.696620 24.552402 24.477515 6.266966 9.005308 6.950489 9.128603 14.963544 18.433585 18.149210 5.656835 5.950710 13.822033 13.114109 23.574664 9.778558 23.410444 7.503702 18.004504 16.323821 23.538680 22.950865 8.842617 21.536371 7.999846 14.474755 5.406971 10.592602
13
20
0 1 4.087696
0 8 2.289093
1 6 1.370529
2 5 4.733665
2 6 2.034254
2 11 9.807377
3 7 8.661830
3 9 2.498537
4 5 4.385685
4 6 8.477088
4 8 1.419203
4 10 9.881185
6 8 2.805087
7 8 5.882893
7 10 5.488232
7 11 2.280466
7 12 3.574594
8 11 9.367840
9 10 3.001543
11 12 3.151505
344.517188 290.131967 472.589920 251.924909 482.697154 299.184629 336.512183 347.962830 348.262186 255.795696 234.013065 330.727911 462.338418
