200
397
0 1 7.820113
0 2 5.606726
0 3 4.480398
0 4 10.983559
0 5 15.051112
0 7 7.186266
0 13 10.211848
0 14 1.022064
0 22 5.769495
0 24 15.089332
0 33 16.249463
0 36 4.783002
0 38 4.791653
0 39 13.502914
0 53 3.707045
0 81 9.997764
0 84 19.754628
0 100 2.313764
0 109 12.942499
0 119 17.904604
0 123 3.497332
0 125 18.407675
0 131 8.573166
0 164 5.735864
1 2 10.931828
1 5 9.683875
1 12 11.174188
1 25 14.295503
1 41 7.912761
1 89 3.226133
1 129 2.494844
1 185 5.800403
2 3 16.072398
2 6 19.495267
2 10 2.784272
2 46 13.125535
2 72 16.631003
2 89 15.743356
2 90 13.327155
2 91 8.431142
2 117 15.561593
2 136 19.817499
2 163 6.431966
2 164 9.435303
2 174 17.026793
3 4 4.357112
3 8 3.626841
3 10 11.859189
3 17 9.765169
3 23 14.910391
3 29 13.338759
3 46 6.892832
3 54 11.586539
3 65 8.611153
3 87 4.984105
3 88 18.378732
3 109 2.351695
3 125 16.634787
3 130 16.032974
3 189 10.195029
3 191 6.941339
4 6 17.710612
4 7 18.207336
4 9 3.513575
4 28 6.349839
4 47 4.812360
4 57 18.324081
4 83 7.190980
4 88 11.622561
4 90 6.462845
4 94 19.092732
4 107 11.905798
4 120 18.057800
4 146 13.114453
4 182 15.989116
4 186 17.043508
5 8 15.403044
5 12 13.627105
5 13 7.494823
5 16 14.114235
5 17 10.344115
5 38 1.639259
5 58 7.910927
5 85 17.990236
5 126 15.208868
5 127 10.339120
5 133 8.735062
6 9 7.445211
6 11 14.055198
6 20 8.934805
6 29 14.746708
6 31 15.879680
6 36 10.454119
6 96 17.485323
6 101 10.280126
6 121 14.634071
6 122 18.486371
6 151 19.805261
7 25 11.364601
7 45 11.374560
7 54 1.055020
7 60 18.803402
7 82 14.421744
7 115 19.125716
7 176 18.308547
7 185 8.371769
8 15 17.158968
8 79 16.141463
8 93 15.205722
8 99 17.583884
8 187 6.918868
9 11 10.995323
9 14 18.896975
9 16 9.668083
9 26 14.015030
9 33 6.811032
9 35 4.614713
9 48 8.081372
9 64 3.569464
9 74 19.516685
9 113 5.426162
10 19 12.305604
10 20 10.772788
10 30 16.364512
10 31 1.673356
10 41 1.237733
10 154 10.538423
10 187 10.510935
11 23 17.566973
11 27 11.968497
11 28 5.690978
11 42 2.343490
11 50 5.896926
11 100 6.063134
11 104 7.400862
12 37 18.570059
12 87 16.297650
12 97 11.235145
13 15 19.821292
13 80 1.949325
13 117 14.131849
14 45 6.269694
14 51 4.859113
14 80 11.187691
14 102 8.379868
14 131 3.007488
14 134 18.670801
15 18 7.330325
15 19 7.226839
15 49 2.520906
15 112 2.816627
15 155 9.718911
16 21 3.957017
16 27 13.784845
16 37 15.830920
16 128 10.810045
16 152 8.651348
16 169 6.312162
17 18 16.673048
17 40 16.959009
17 56 2.234811
17 58 6.505363
17 61 9.495008
17 69 17.839239
17 111 15.059118
17 136 2.026896
17 144 12.718701
18 24 1.028595
18 75 10.591091
18 85 14.836830
18 96 12.771170
18 151 19.324160
18 181 3.903680
19 21 14.857952
19 30 1.938291
19 34 13.350089
19 52 8.516024
19 93 16.651402
19 102 2.648675
20 22 15.272869
20 44 8.019475
21 86 6.621963
21 115 14.940108
21 171 14.322038
22 40 15.911921
22 43 11.632922
22 62 12.980090
22 72 3.898678
22 127 13.330580
22 138 4.991690
23 26 10.804521
23 47 3.011548
23 48 18.765431
23 63 7.401594
23 84 18.740553
23 97 2.683563
23 98 13.443084
23 111 10.758088
23 122 10.673232
23 124 6.755837
23 180 8.182643
23 199 19.258703
24 70 5.540537
24 81 19.997306
24 176 16.078396
25 130 6.199071
26 49 7.230736
27 68 17.558065
27 77 7.678449
27 107 12.870959
28 39 3.783303
28 66 3.626673
28 68 8.585332
28 76 3.330929
28 101 8.392188
28 129 6.742123
28 153 6.186875
28 167 16.490927
28 181 1.593945
29 32 13.885415
29 35 19.249052
29 44 8.418748
29 150 12.812978
29 153 13.864460
29 163 5.048789
29 188 13.543516
30 32 18.446901
30 34 2.316531
30 55 2.779130
30 67 15.951146
30 135 16.905100
30 179 4.845198
30 188 5.896440
31 62 13.887634
31 67 3.358007
31 128 17.448732
31 156 19.366287
31 159 9.201930
32 42 8.397912
32 137 19.828245
33 143 6.354329
33 197 2.799081
34 95 5.785335
34 105 17.875405
34 106 1.978334
34 145 8.582772
35 82 11.645010
35 132 1.675249
36 43 16.398676
36 92 3.575860
36 192 2.610723
37 76 9.383382
37 113 2.447351
37 162 16.855658
38 73 15.539553
38 144 18.595683
38 152 4.112290
38 175 8.580115
39 56 11.556338
39 66 5.691620
39 78 10.543588
39 86 6.197150
39 170 12.399008
39 194 13.617914
40 140 10.080492
42 52 7.038415
42 63 15.959867
42 78 17.336250
42 105 17.550232
42 112 6.944583
42 133 18.727683
42 182 1.223172
44 180 18.248325
45 57 11.668743
45 150 4.115838
45 172 6.229913
46 50 8.740924
46 149 4.273837
46 177 3.904623
46 193 17.881802
46 198 19.015033
47 51 5.905669
47 148 1.549484
49 59 3.232981
49 118 8.870270
50 53 12.932292
50 59 17.137061
50 61 12.176160
52 79 17.137223
52 92 18.004370
53 55 18.651036
53 69 5.838441
53 77 19.473441
53 99 8.953015
53 172 8.928801
54 70 6.048499
54 108 17.550350
54 135 7.810394
55 60 9.521049
55 98 2.850040
55 160 10.536399
55 184 18.479828
56 74 17.121818
56 157 17.193460
56 173 19.573304
56 174 17.868874
57 191 2.267439
58 195 8.129999
59 64 17.980833
59 73 5.556323
59 137 19.483958
59 193 14.450538
60 65 18.301521
60 71 15.729184
60 134 14.911749
60 159 7.612709
61 165 9.089156
62 103 14.612526
62 110 19.489111
63 114 8.369653
63 175 17.338587
64 179 5.970746
65 83 11.439548
65 94 17.202386
66 106 5.261895
67 71 14.613004
67 119 7.646301
67 178 17.322958
68 75 14.679135
68 138 11.349035
74 183 1.541992
75 108 15.098888
75 110 2.390734
75 121 19.934641
75 132 1.081735
76 104 15.972821
76 116 1.146626
76 124 9.823910
77 189 11.219821
77 195 18.931184
78 95 1.294880
78 177 6.600102
79 194 19.364731
85 149 4.818394
85 161 18.048087
86 91 14.317710
90 126 4.103447
92 114 18.082406
92 147 8.645663
92 167 12.083560
92 178 14.447840
95 147 13.819936
96 116 9.880895
96 145 15.766845
96 158 8.831851
96 190 17.080062
98 142 16.819727
100 168 8.644472
101 103 18.599197
101 123 6.856039
101 199 9.102586
102 148 16.064457
104 139 16.954995
104 140 10.181964
105 118 4.906678
105 142 12.433612
105 162 8.497603
105 168 13.457938
105 170 8.486343
105 186 6.393079
108 120 10.723317
110 146 3.585629
110 183 14.817607
112 157 3.975625
113 161 5.705129
114 192 1.680280
115 158 13.776953
123 141 14.930009
128 139 9.423633
136 141 4.227770
136 160 3.369128
138 143 5.506360
139 166 13.486270
139 190 7.518064
139 196 17.532467
141 166 11.341876
149 156 16.150925
150 196 18.869035
151 154 16.337453
154 155 17.212882
160 165 9.406089
160 171 12.637173
160 197 5.977629
161 169 13.843563
169 173 8.204030
171 198 16.631000
174 184 16.425248
21.699194 15.424798 20.106134 21.389118 13.368066 18.422717 21.020880 20.081528 24.013520 22.319030 22.501530 18.225893 16.743347 23.491408 7.675613 8.556106 12.710345 6.565241 16.054734 7.992552 21.040120 7.089441 9.249630 8.770930 20.071656 12.824398 23.456441 12.383666 14.448358 24.946199 17.831550 6.975358 17.858005 18.065238 9.252363 23.960270 10.884661 22.520853 18.668776 15.608742 16.270266 21.586274 9.434766 24.566379 23.232914 16.231688 12.123122 17.428245 9.714064 12.303242 17.179083 10.973463 6.844899 16.463676 20.520323 6.748158 24.661699 10.884089 15.687596 11.211557 5.419334 16.455856 21.213159 19.224684 12.303705 13.092440 14.330296 14.049474 21.963873 11.243555 8.934541 18.151520 10.191564 23.708031 16.314164 14.069306 23.717264 23.791883 12.396263 21.893244 9.171763 18.315902 10.739975 5.098703 7.165921 9.636164 8.203884 9.922144 13.847149 19.293349 7.629724 13.649213 8.147293 15.684631 15.823132 21.669606 22.985850 23.645864 17.152816 12.294230 11.133399 17.560532 8.393459 20.528559 22.282170 24.153599 8.155956 17.195704 11.479133 18.699844 10.167016 14.263611 23.707129 17.102654 23.802416 12.493907 19.145546 22.010874 21.371326 10.404235 16.560496 16.617847 12.649423 20.081429 10.628052 22.145595 8.509377 7.448990 7.286376 5.021277 7.831456 23.463932 19.267238 17.388484 20.500468 19.459244 14.040539 20.945489 18.444977 10.709637 20.431234 8.708786 22.151904 15.908966 20.524749 17.641905 10.989686 9.400147 5.556809 23.080159 15.857529 14.748381 24.098215 21.210195 9.649136 7.663144 18.884736 15.674041 11.673757 23.722941 16.406046 19.213119 6.145343 12.945681 22.171925 20.477483 17.143992 23.969319 5.165765 17.785942 22.075248 5.629809 9.401404 8.209524 18.653590 19.104323 5.457799 10.694275 8.384938 6.671748 24.761691 20.389967 18.041235 6.781074 21.884779 8.118844 9.102285 11.171780 21.948732 20.470233 7.020449 17.394302 21.482492 10.349908 16.791586 16.815573 16.534245 13.930717 12.907493 20.992381
13
22
0 5 9.230054
0 6 1.182780
0 10 4.861534
0 12 5.298455
1 2 9.259532
1 7 5.357324
1 8 8.559238
2 3 9.493605
2 8 9.621091
2 11 7.959639
3 4 4.112505
4 6 2.511083
5 6 8.345832
5 12 6.402523
6 9 6.910863
7 8 9.413923
7 9 7.342136
9 11 8.252882
9 12 9.737579
10 11 7.363472
10 12 5.693274
11 12 3.255368
266.785938 471.526667 235.526710 341.613967 248.897419 472.212426 433.624585 514.445529 426.138579 249.405875 287.147913 243.770934 438.505458
