200
397
0 1 18.267829
0 2 17.961458
0 3 7.415862
0 4 9.654096
0 6 3.936694
0 10 5.799539
0 11 15.669306
0 13 14.820967
0 16 15.312990
0 17 16.990990
0 29 17.890987
0 32 8.758559
0 49 11.290967
0 50 13.085594
0 62 14.033719
0 65 19.142149
0 72 16.964862
0 76 12.894108
0 78 19.419458
0 120 14.871031
0 124 12.543018
0 155 1.455971
0 166 11.735149
0 168 10.547581
1 2 1.085853
1 3 13.927505
1 10 14.444552
1 18 2.938713
1 28 2.007417
1 31 5.005996
1 56 6.154098
1 76 14.869222
1 105 8.378111
1 155 1.905578
1 198 19.404658
2 4 2.638714
2 6 14.502895
2 8 17.586007
2 16 13.058534
2 23 8.664090
2 25 8.058652
2 34 10.505776
2 35 8.546333
2 38 9.005752
2 42 6.192413
2 44 17.207978
2 48 17.727892
2 74 19.474260
2 78 6.459125
2 98 10.299184
2 107 1.565459
2 170 3.916414
2 191 11.438051
3 5 8.885332
3 7 12.805405
3 12 7.856247
3 22 14.200573
3 57 1.265467
3 71 13.882724
3 88 15.547975
3 106 13.488891
3 126 8.201711
3 165 18.721612
3 175 16.494866
3 182 1.042398
3 195 1.153901
4 5 9.403652
4 9 2.372266
4 26 3.800064
4 33 11.168573
4 38 16.697735
4 47 10.166099
4 61 8.022806
4 106 6.297042
4 115 6.176585
4 157 3.091873
5 7 9.135610
5 8 4.929214
5 22 3.546104
5 33 12.583649
5 36 17.813295
5 43 6.817554
5 48 12.460724
5 55 13.741954
5 63 10.082067
5 64 5.996233
5 75 13.418614
5 82 15.919988
5 105 13.701888
5 117 11.064240
5 169 15.486684
5 179 4.802174
6 14 14.960304
6 21 17.682963
6 67 1.563687
6 83 1.566477
6 99 9.821036
6 184 10.326219
7 11 5.068586
7 17 3.112206
7 19 3.625874
7 25 15.882138
7 134 7.364570
7 150 8.784591
8 9 8.462915
8 15 16.558375
8 20 4.154646
8 31 1.004205
8 50 11.035308
8 66 15.732571
8 80 14.306214
8 102 8.918391
8 126 15.105599
8 147 17.257668
8 151 19.810460
8 154 14.373322
8 177 3.264403
9 12 1.384161
9 20 12.448354
9 24 4.578224
9 35 5.703886
9 54 6.746615
9 55 2.482385
9 69 3.573228
9 90 11.693502
9 104 7.820874
9 114 10.707308
9 125 7.401497
9 161 12.105909
9 173 16.441280
10 13 3.850701
10 133 13.008545
10 180 7.105543
11 14 4.902122
11 15 11.171341
11 18 12.394201
11 21 8.365070
11 37 14.371546
11 44 1.628801
11 108 4.720299
11 152 16.881067
11 193 13.572212
12 64 19.132393
12 114 11.728797
12 182 7.606055
12 195 17.046959
13 30 8.601046
13 36 17.169315
13 52 7.300731
13 79 16.493195
13 172 14.492230
13 199 6.994339
14 32 4.256913
14 53 9.724156
14 95 18.964867
14 104 13.293698
14 143 11.521545
15 19 10.946399
15 27 19.218277
15 43 17.180510
15 45 7.313895
15 54 4.751397
15 85 2.857583
15 92 5.926897
15 96 12.764578
15 113 3.788278
15 120 2.451334
15 142 1.375158
16 65 19.067816
16 99 8.467279
16 145 6.032644
17 52 6.946883
18 27 7.088836
18 49 5.092218
18 89 4.556170
20 73 13.902064
21 24 14.528059
21 26 12.784325
21 41 1.550542
21 68 9.409990
21 86 7.564611
21 92 6.138992
21 148 3.368857
21 183 19.135871
22 23 9.980502
22 30 15.898817
22 51 5.265431
22 61 16.137475
22 70 13.840678
22 80 8.952990
22 135 5.713468
22 147 2.595335
23 115 2.780711
24 28 16.075508
24 29 5.473883
24 34 10.435909
24 41 16.175385
24 45 5.375444
24 46 14.765104
24 69 16.595565
24 77 16.407024
24 91 17.461597
24 108 14.596311
24 112 5.241713
24 122 1.940708
24 124 14.043781
24 172 1.378231
25 40 6.039354
25 171 3.395563
25 197 4.128382
26 42 12.128190
26 59 4.527757
26 83 9.348206
26 121 1.169584
26 139 3.627047
26 171 9.952684
26 179 12.741081
27 60 9.924815
27 176 15.987548
27 188 3.463061
28 101 19.299359
29 40 4.193473
29 47 17.276046
29 58 19.941017
29 77 8.602618
30 53 14.504767
30 86 9.684488
30 103 6.962600
30 130 2.437791
30 160 13.053943
30 166 7.295881
30 185 6.687237
31 68 2.981563
32 51 8.931180
32 153 15.929673
33 46 5.663491
33 174 10.881938
34 74 11.997902
34 79 2.033205
34 110 9.506649
34 113 15.782440
35 37 3.145379
35 39 2.370979
35 56 6.470036
35 73 2.887951
35 129 2.347883
35 184 2.199772
36 39 3.484074
36 180 18.289433
38 149 17.534475
38 197 17.578435
40 59 4.376397
40 60 8.368502
40 66 9.862863
40 94 12.851072
42 118 2.546992
42 188 17.248180
42 192 9.044747
43 62 14.479926
43 138 13.483622
44 67 4.118594
44 97 18.693647
44 98 10.033900
48 109 10.271669
48 165 19.537526
49 111 3.875833
49 192 9.034966
50 131 6.820310
51 94 14.019622
51 141 1.456421
51 154 9.733021
51 158 12.636887
52 57 17.730633
52 58 17.247815
52 81 2.711726
52 84 4.726665
52 87 7.248785
52 88 2.187233
52 96 7.185820
53 75 14.494945
53 93 17.525770
53 141 3.867966
53 143 4.557017
54 140 18.238191
54 162 19.685278
55 152 15.757016
56 63 3.932228
56 110 3.204068
56 116 11.583881
56 121 3.863494
56 123 14.229709
58 103 6.684517
58 119 13.204532
59 70 5.784735
59 95 5.831126
60 71 2.235440
60 107 2.027219
60 157 9.313331
60 170 3.541857
61 102 4.178649
61 127 11.652450
61 158 19.532227
62 161 9.496858
62 178 5.459695
63 89 6.657338
63 187 6.660319
64 131 12.053458
65 90 10.062079
65 93 18.799390
67 72 18.881368
67 148 8.319487
67 199 10.203240
69 167 12.733622
70 84 9.708454
70 130 5.102743
71 100 6.588370
71 194 19.192768
72 123 8.888631
72 132 1.573022
72 142 14.993983
72 167 17.703375
72 186 5.698108
73 82 11.136135
74 101 7.321327
74 168 14.693740
75 87 9.965206
76 194 19.994726
77 185 6.200157
78 81 16.592208
78 97 16.675713
78 112 2.796736
78 163 2.004827
79 91 17.969472
79 163 11.660687
79 186 12.983375
79 187 18.668593
80 85 5.536678
80 119 18.137683
80 183 17.751470
81 145 7.623384
81 159 10.773594
82 127 2.880853
82 128 14.975877
82 136 3.337025
84 136 9.670039
85 150 9.077046
87 117 8.849552
91 100 2.405208
91 140 8.193384
91 164 10.048002
93 144 2.096943
93 156 6.673428
95 109 15.400625
95 173 18.478844
97 128 1.001819
97 175 17.032848
98 176 18.418423
100 118 7.267562
100 162 17.229643
101 111 11.285441
101 125 10.308159
102 190 5.156766
103 129 8.809674
103 169 2.810848
109 116 9.783196
109 137 3.482082
109 149 5.424392
110 134 12.435225
110 146 13.275664
110 160 13.670386
111 178 14.350343
111 190 8.357685
112 193 5.248175
116 135 8.889877
117 196 6.940098
118 122 18.198471
118 137 17.797610
118 156 4.752042
119 153 7.068480
122 138 6.709762
129 133 17.294359
129 181 15.177397
130 132 14.179724
130 139 4.210271
135 164 2.611063
138 146 11.370441
138 198 18.098936
139 144 18.460790
139 159 12.200229
139 181 3.277025
148 174 5.442305
149 151 4.552601
155 177 10.429090
174 189 11.719932
183 191 9.178306
186 189 9.925907
195 196 3.020555
18.640834 5.851640 18.642309 17.150931 22.091228 11.284557 5.733284 23.188566 15.843964 8.290691 11.933420 7.967285 22.198222 7.993369 9.257672 15.095114 8.376066 22.102303 15.398284 5.949459 16.714413 17.901476 12.102025 16.775665 17.447946 15.238970 15.800280 16.984598 19.819129 24.151524 21.520778 9.536571 17.404287 12.485599 13.575885 22.434071 21.103674 22.684281 13.063089 23.390433 15.954698 15.191466 7.792555 5.272341 11.382782 7.895618 9.491072 7.875658 23.283416 19.709864 22.340058 14.299040 12.905569 21.765865 18.851674 16.765939 20.659928 7.512459 7.802308 13.226239 5.859681 21.203595 24.803211 9.281215 7.061668 6.370757 16.451416 9.916030 18.566418 17.721774 17.806813 13.355895 23.167318 22.999130 11.572046 5.809928 6.138609 19.830750 15.346933 20.873861 5.956089 16.302402 13.388800 23.469696 22.174150 17.720208 9.204802 13.734645 21.096092 12.484562 15.390576 13.450009 24.845946 16.080028 17.967273 8.441327 23.914558 17.121354 18.348235 15.154957 22.018893 13.583000 13.671790 14.268939 6.568214 6.655851 17.271650 6.382499 14.004912 6.676365 14.793204 10.148651 8.650402 20.280566 5.756875 21.362360 14.566387 5.784716 10.235958 13.121859 6.336321 23.691472 20.997276 24.984858 17.822150 13.374383 6.799517 18.128938 13.442119 19.226292 19.955261 5.598132 17.842291 9.385638 7.170585 8.008414 12.060396 8.945615 18.966853 16.849178 15.054469 12.160103 21.383030 24.125772 10.692894 10.348665 12.733634 8.515818 22.750180 21.465517 17.087519 5.816977 15.176435 5.729537 15.342781 8.527970 8.478290 18.423699 12.285417 11.557491 18.209077 23.483685 21.330464 23.654854 18.631453 16.550136 15.110309 7.015178 24.455284 8.394920 21.112109 11.926018 10.778869 15.603955 12.345182 24.632725 24.143383 23.851058 12.161748 21.955246 5.185152 18.083700 10.467661 17.248799 5.884061 20.251003 22.566471 15.773585 24.431844 20.209202 15.260645 14.979555 23.208866 17.139248 17.971209 24.955245 6.405540 13.667920 19.190175 12.811653
13
25
0 2 5.578557
0 4 5.879131
0 6 7.462242
1 4 8.850170
1 5 8.075971
1 8 8.372373
1 9 3.210528
1 10 8.630969
1 12 2.391087
2 4 7.187378
2 5 8.266669
2 6 7.283274
2 7 1.133874
2 10 7.059493
3 10 7.434103
3 11 3.340783
4 8 3.928455
4 9 3.887511
4 12 3.759176
5 6 7.299505
5 9 4.937326
7 8 7.328421
7 9 2.177991
7 11 5.284585
8 9 5.424838
399.016397 399.536378 296.706858 291.386055 488.537416 380.255319 276.989641 409.650987 392.726765 459.835246 245.286333 514.578167 274.338274
