300
597
0 1 19.258703
0 2 5.540537
0 3 19.997306
0 4 16.078396
0 5 6.199071
0 7 7.230736
0 13 17.558065
0 14 7.678449
0 22 12.870959
0 24 3.783303
0 33 3.626673
0 36 8.585332
0 38 3.330929
0 39 8.392188
0 53 6.742123
0 81 6.186875
0 84 16.490927
0 100 1.593945
0 109 13.885415
0 119 19.249052
0 123 8.418748
0 125 12.812978
0 131 13.864460
0 164 5.048789
0 203 13.543516
0 249 18.446901
0 262 2.316531
0 283 2.779130
1 2 15.951146
1 5 16.905100
1 12 4.845198
1 25 5.896440
1 41 13.887634
1 89 3.358007
1 129 17.448732
1 185 19.366287
2 3 9.201930
2 6 8.397912
2 10 19.828245
2 46 6.354329
2 72 2.799081
2 89 5.785335
2 90 17.875405
2 91 1.978334
2 117 8.582772
2 136 11.645010
2 163 1.675249
2 164 16.398676
2 174 3.575860
2 240 2.610723
2 261 9.383382
3 4 2.447351
3 8 16.855658
3 10 15.539553
3 17 18.595683
3 23 4.112290
3 29 8.580115
3 46 11.556338
3 54 5.691620
3 65 10.543588
3 87 6.197150
3 88 12.399008
3 109 13.617914
3 125 10.080492
3 130 7.038415
3 189 15.959867
3 191 17.336250
3 269 17.550232
3 282 6.944583
3 286 18.727683
4 6 1.223172
4 7 18.248325
4 9 11.668743
4 28 4.115838
4 47 6.229913
4 57 8.740924
4 83 4.273837
4 88 3.904623
4 90 17.881802
4 94 19.015033
4 107 5.905669
4 120 1.549484
4 146 3.232981
4 182 8.870270
4 186 12.932292
4 208 17.137061
4 215 12.176160
4 228 17.137223
4 265 18.004370
4 279 18.651036
5 8 5.838441
5 12 19.473441
5 13 8.953015
5 16 8.928801
5 17 6.048499
5 38 17.550350
5 58 7.810394
5 85 9.521049
5 126 2.850040
5 127 10.536399
5 133 18.479828
5 217 17.121818
5 274 17.193460
6 9 19.573304
6 11 17.868874
6 20 2.267439
6 29 8.129999
6 31 17.980833
6 36 5.556323
6 96 19.483958
6 101 14.450538
6 121 18.301521
6 122 15.729184
6 151 14.911749
6 288 7.612709
6 297 9.089156
7 25 14.612526
7 45 19.489111
7 54 8.369653
7 60 17.338587
7 82 5.970746
7 115 11.439548
7 176 17.202386
7 185 5.261895
7 214 14.613004
7 274 7.646301
8 15 17.322958
8 79 14.679135
8 93 11.349035
8 99 1.541992
8 187 15.098888
8 272 2.390734
9 11 19.934641
9 14 1.081735
9 16 15.972821
9 26 1.146626
9 33 9.823910
9 35 11.219821
9 48 18.931184
9 64 1.294880
9 74 6.600102
9 113 19.364731
9 207 4.818394
9 210 18.048087
9 223 14.317710
9 231 4.103447
9 295 18.082406
10 19 8.645663
10 20 12.083560
10 30 14.447840
10 31 13.819936
10 41 9.880895
10 154 15.766845
10 187 8.831851
11 23 17.080062
11 27 16.819727
11 28 8.644472
11 42 18.599197
11 50 6.856039
11 100 9.102586
11 104 16.064457
11 258 16.954995
12 37 10.181964
12 87 4.906678
12 97 12.433612
13 15 8.497603
13 80 13.457938
13 117 8.486343
14 45 6.393079
14 51 10.723317
14 80 3.585629
14 102 14.817607
14 131 3.975625
14 134 5.705129
14 201 1.680280
14 222 13.776953
15 18 14.930009
15 19 9.423633
15 49 4.227770
15 112 3.369128
15 155 5.506360
15 275 13.486270
15 285 7.518064
15 293 17.532467
16 21 11.341876
16 27 16.150925
16 37 18.869035
16 128 16.337453
16 152 17.212882
16 169 9.406089
16 205 12.637173
16 206 5.977629
17 18 13.843563
17 40 8.204030
17 56 16.631000
17 58 16.425248
17 61 16.864235
17 69 10.903559
17 111 15.350828
17 136 16.569662
17 144 8.949663
17 232 13.751581
18 24 16.219836
18 75 15.327452
18 85 19.062844
18 96 17.453079
18 151 17.626453
18 181 13.564599
18 227 12.156179
18 257 18.566837
19 21 3.541833
19 30 4.378300
19 34 8.324828
19 52 2.486979
19 93 11.501997
19 102 3.842924
20 22 16.238114
20 44 2.984969
21 86 5.037148
21 115 4.582383
21 171 15.318073
21 200 8.433178
22 40 18.533619
22 43 8.014482
22 62 9.975940
22 72 19.948889
22 127 13.189973
22 138 2.876590
22 204 13.215105
22 211 13.411976
22 270 5.039745
23 26 19.012257
23 47 6.590428
23 48 17.644810
23 63 13.985338
23 84 11.078305
23 97 11.706753
23 98 16.756960
23 111 5.213028
23 122 19.588060
23 124 18.321268
23 180 11.670104
23 199 7.766965
23 215 12.806833
23 294 5.478361
24 70 7.938080
24 81 12.570129
24 176 6.674790
24 259 2.752654
25 130 11.890492
26 49 15.744307
27 68 2.660750
27 77 19.678614
27 107 6.589884
28 39 11.153216
28 66 6.900979
28 68 1.398367
28 76 11.883063
28 101 16.402501
28 129 14.513449
28 153 7.938520
28 167 8.687818
28 181 9.863781
28 221 9.597000
28 264 17.115679
29 32 6.931378
29 35 4.737814
29 44 13.493944
29 150 5.931986
29 153 18.772629
29 163 11.748456
29 188 9.615841
29 232 18.781401
29 234 18.852289
29 265 8.026450
30 32 17.048582
30 34 4.963175
30 55 13.650106
30 67 6.452977
30 135 1.093767
30 179 3.057625
30 188 5.404356
30 266 4.043690
31 62 5.676037
31 67 9.404792
31 128 14.578681
31 156 3.498238
31 159 9.216753
31 202 3.989928
31 225 11.150399
32 42 11.281976
32 137 16.836125
32 270 18.086557
33 143 18.713571
33 197 12.545176
33 230 7.929518
34 95 6.826729
34 105 12.932505
34 106 4.223786
34 145 15.752131
34 278 17.418062
35 82 19.195919
35 132 3.998158
35 233 12.585919
36 43 7.155176
36 92 14.014852
36 192 5.908665
36 200 9.800430
36 280 18.771773
37 76 12.497522
37 113 18.862295
37 162 8.119211
37 254 14.438268
37 257 17.160331
38 73 16.552760
38 144 6.134023
38 152 11.982471
38 175 12.036955
38 290 8.266952
39 56 15.327357
39 66 6.346650
39 78 17.288315
39 86 4.333909
39 170 3.326541
39 194 3.172057
39 214 1.020213
39 239 3.689883
39 243 18.540735
40 140 14.553876
41 299 12.769060
42 52 15.725445
42 63 14.736281
42 78 9.588512
42 105 16.148215
42 112 13.772728
42 133 6.424155
42 182 15.659672
42 273 4.523347
44 180 17.294309
44 266 11.363518
44 273 15.748512
45 57 13.009809
45 150 6.690202
45 172 5.180140
45 211 1.528968
45 219 18.176151
45 241 11.314653
46 50 10.260962
46 149 19.143305
46 177 16.399685
46 193 5.416679
46 198 3.529987
47 51 14.190499
47 148 11.140339
49 59 7.340069
49 118 18.786794
49 226 11.835743
49 296 14.502463
50 53 2.088076
50 59 8.548397
50 61 17.313329
51 258 15.703609
52 79 12.536792
52 92 19.020853
53 55 1.157476
53 69 13.146645
53 77 17.221485
53 99 1.598318
53 172 5.181334
53 252 4.049048
54 70 13.970911
54 108 14.399107
54 135 1.434909
54 243 6.409561
55 60 4.215691
55 98 2.588161
55 160 19.773607
55 184 15.620469
55 289 13.389173
56 74 2.692020
56 157 17.040540
56 173 3.962902
56 174 4.897170
56 212 6.863191
56 221 17.101296
56 244 15.696721
56 271 2.919426
57 191 12.774587
58 195 16.658368
58 207 6.082413
58 299 12.202007
59 64 12.224795
59 73 11.957533
59 137 9.484181
59 193 8.512118
59 203 16.192762
59 224 10.892633
59 277 16.977520
60 65 2.397943
60 71 18.525646
60 134 2.024650
60 159 12.688012
60 287 9.641283
61 165 15.184242
62 103 10.865246
62 110 19.199313
63 114 12.935924
63 175 7.075414
64 179 2.616335
65 83 1.964294
65 94 8.716353
66 106 18.898837
66 201 16.929057
66 229 19.005143
67 71 17.870904
67 119 9.738635
67 178 12.572954
68 75 4.111314
68 138 1.150576
68 256 19.670523
69 212 6.447106
73 240 9.920982
73 242 8.684151
73 280 12.476263
74 183 7.170793
74 213 8.954020
74 247 13.988147
75 108 1.390749
75 110 5.558224
75 121 13.716841
75 132 1.472919
75 275 14.113067
76 104 17.460174
76 116 16.091292
76 124 17.757395
76 246 18.513535
77 189 10.600466
77 195 9.121328
78 95 10.978979
78 177 10.381739
79 194 11.863729
84 262 19.296231
84 263 9.720556
85 149 8.262449
85 161 17.181780
85 226 6.462892
86 91 18.638820
87 223 13.179153
87 260 18.227678
88 234 10.793036
89 255 19.807642
90 126 10.523647
92 114 13.883759
92 147 17.209007
92 167 2.572048
92 178 9.911503
92 235 9.050634
92 249 8.226893
92 277 8.584139
92 283 9.643748
95 147 11.318408
96 116 18.740112
96 145 17.371118
96 158 11.857308
96 190 15.801731
96 209 8.195533
96 268 2.563958
96 271 3.566824
97 298 1.474635
98 142 18.374559
98 294 1.385870
99 298 9.152127
100 168 10.074516
101 103 18.436789
101 123 10.198796
101 199 16.958391
102 148 18.930943
102 206 19.200082
102 217 15.692571
104 139 7.570845
104 140 4.190064
105 118 16.507869
105 142 12.405326
105 162 13.478489
105 168 18.762727
105 170 14.388954
105 186 16.311639
105 219 19.446000
105 264 14.433996
108 120 10.908022
108 225 5.761333
110 146 3.388552
110 183 16.157551
110 236 1.439018
110 260 8.055328
110 292 2.272905
112 157 16.200320
113 161 13.793724
114 192 18.834258
115 158 13.326847
115 213 2.304616
120 238 4.658461
121 202 1.953183
123 141 14.098128
123 204 10.088477
127 282 2.991652
128 139 10.704794
129 239 8.948922
129 284 2.903471
131 244 10.476079
134 224 2.472586
136 141 2.683916
136 160 13.761848
138 143 12.371308
138 292 9.421213
139 166 12.234221
139 190 13.592792
139 196 19.804338
139 256 1.253865
141 166 16.146268
141 205 12.799716
141 220 16.873810
141 250 4.094768
141 287 14.309120
142 218 17.273459
142 247 19.670918
143 245 16.475250
143 276 8.851636
143 293 7.328178
146 216 4.055635
147 269 8.738709
148 297 13.102015
149 156 2.150696
150 196 17.532046
150 242 13.200301
151 154 4.034069
151 238 11.182448
154 155 12.493711
155 229 14.653844
157 218 3.206604
157 253 7.427629
160 165 14.658563
160 171 1.036061
160 197 14.312617
160 237 11.598047
161 169 11.015589
162 245 19.685653
162 291 13.292217
164 228 19.130111
167 222 5.472883
168 284 8.145154
169 173 4.617828
170 286 17.377858
171 198 8.788408
171 209 5.569957
171 281 19.783317
174 184 17.734861
174 253 10.730756
174 290 1.787910
179 237 12.155121
180 289 10.178948
181 210 7.562800
184 261 9.822093
184 276 14.559432
185 230 10.765719
187 267 14.051716
194 252 10.439896
195 227 2.836551
195 231 10.053726
195 246 7.310564
195 291 18.503970
197 236 18.658224
199 233 14.547244
200 241 16.255056
202 278 15.271779
203 208 13.226892
203 254 17.583248
206 216 15.773504
209 279 16.387333
209 288 9.642066
210 263 14.197673
215 248 17.085900
215 251 14.286979
216 220 16.432187
216 235 2.074508
224 250 2.222734
230 281 3.447660
231 255 14.804812
232 251 2.498850
234 267 2.617159
241 272 16.877141
243 248 6.981728
248 259 11.982888
263 268 5.416881
263 295 12.182952
263 296 7.732767
268 285 8.719563
17.778235 7.346224 12.473954 6.152850 14.492382 5.568622 8.551769 18.008152 20.119869 14.549193 21.468722 10.674448 20.306823 19.233262 18.426080 19.086450 15.222995 19.407657 10.063993 10.507372 18.792109 23.998834 14.261230 23.613094 21.601823 24.540364 17.280257 24.785206 8.928741 18.176693 14.707144 24.197486 20.510192 23.750428 6.750986 24.919581 9.652496 12.026584 23.018645 23.714333 11.001658 20.449159 10.338376 15.677944 24.403813 24.185854 15.763160 23.062160 23.215221 6.327824 24.622790 6.166280 13.946059 16.500137 14.052712 7.430899 14.311510 16.975686 5.460396 19.087770 22.558038 14.507082 11.813140 5.056147 5.947457 17.147132 23.016088 19.002231 12.324953 10.611891 15.652900 18.217633 5.284085 10.459822 21.266412 11.154664 20.265409 24.955745 11.403142 9.635262 20.976062 11.825448 6.853918 23.408430 20.474357 24.481271 23.230519 14.907866 19.770234 8.713417 10.054033 8.041824 20.489948 9.770300 13.119772 15.359337 7.775026 12.932334 5.299660 9.671825 24.281071 10.137154 20.904882 8.947159 9.953530 19.273100 19.854609 23.878191 24.504234 13.461967 15.147666 10.935678 7.340301 9.205756 14.539446 15.039436 6.452440 10.118414 11.800945 17.056222 10.625154 7.749274 7.946628 19.224338 16.262319 10.496113 11.369911 6.009257 22.476254 15.752444 16.386268 6.627967 14.157212 14.824283 5.971215 10.485904 10.670252 13.073837 23.435767 12.620444 13.089767 14.699843 22.664991 17.361727 12.579311 6.350338 7.439909 17.306185 13.502096 19.709197 13.236134 24.118695 7.744258 11.120686 20.966074 21.917582 17.736325 13.819574 15.089994 6.727488 17.765674 14.888043 17.068633 19.019685 17.781387 9.922237 11.524025 19.192803 9.717825 6.788364 12.602056 18.705500 6.974968 5.789841 19.485717 5.303068 17.788805 10.793563 22.250722 7.130532 24.093447 9.895348 10.770835 8.092352 5.502675 18.012198 6.191164 20.741781 23.702229 22.630719 5.450535 20.846534 19.017193 5.246773 11.582434 9.545927 22.920759 20.142539 14.661415 16.733450 12.480043 22.295667 5.899917 7.900892 14.706857 24.989555 23.369484 20.644046 6.537623 14.431970 6.923953 10.980078 9.017725 13.894428 9.540145 18.071185 23.285557 18.465730 17.818656 21.062858 24.628437 6.715469 11.350965 7.795623 6.368439 22.893308 22.453850 23.650825 19.749425 15.934929 19.043085 16.877726 5.851006 13.684984 13.919920 8.426740 14.307389 19.477976 14.453527 17.944924 17.314242 9.754286 20.893475 17.259578 22.562037 21.843905 24.731826 22.321758 24.576215 24.947468 23.161803 7.708395 23.896371 12.164460 23.569303 7.178499 19.505551 14.292305 16.200680 8.223412 23.785538 5.728427 23.390273 21.835168 17.095669 7.029481 18.300305 9.135041 24.581942 14.033297 24.085706 17.164286 6.101023 24.807435 18.747054 18.520843 15.551261 19.377860 24.777551 18.313606 23.719280 21.222389 18.400063 22.955433 14.077670 15.887635 13.251592 21.636717 16.427340 18.529917 23.639782 13.885879 11.353219 5.038521 17.515868 19.910059 6.223692 16.838645 16.300428 24.261065
20
50
0 3 8.057618
0 7 1.870954
0 8 5.899888
0 18 6.179225
1 2 9.104437
1 4 5.756859
1 5 5.468597
1 12 9.153766
1 15 3.668159
2 5 8.239394
2 9 2.483626
2 11 9.847404
2 18 8.644296
3 5 6.737777
3 11 9.195102
3 18 3.387105
4 5 6.082118
4 7 3.168548
4 16 6.502038
4 17 7.451706
4 18 8.544609
5 14 4.846222
5 17 6.388038
5 19 1.369584
6 7 2.669104
6 8 6.770805
6 9 7.904284
6 10 5.552102
6 15 7.898154
7 12 1.853283
7 13 4.338051
7 17 2.646890
7 19 5.492459
8 11 5.460861
8 12 8.892131
9 12 4.092554
9 14 4.515678
9 17 9.985554
10 11 9.439204
10 14 7.897555
10 16 2.035689
10 17 1.603353
11 14 6.967083
12 15 7.833551
13 15 7.925267
13 16 6.399336
13 19 9.924625
14 15 4.700297
16 17 4.832578
16 18 4.452280
365.611467 512.386533 378.286789 355.204172 421.922764 506.884655 499.503726 500.519772 518.393392 480.925632 430.091393 495.338807 450.512813 444.250952 272.870567 429.073275 245.313190 354.648122 285.666908 287.885545
