300
597
0 1 17.122732
0 2 4.283955
0 3 13.000454
0 4 8.423894
0 5 10.344884
0 10 13.115560
0 14 5.190916
0 18 7.309142
0 23 11.581372
0 24 15.116018
0 26 6.355404
0 29 9.180606
0 33 5.676734
0 70 6.999765
0 73 7.940021
0 94 9.868420
0 103 1.779262
0 107 7.778076
0 157 15.798414
0 173 6.856876
0 189 16.981480
0 200 7.119549
0 209 14.773748
0 219 16.822567
0 230 15.780707
0 280 19.359485
1 2 14.561179
1 3 17.817772
1 6 4.780665
1 8 19.958999
1 9 17.789858
1 15 3.642805
1 16 10.455828
1 19 13.456813
1 22 14.247365
1 28 2.185507
1 37 11.718734
1 101 8.879797
1 120 1.935642
1 121 8.988906
1 125 15.936221
1 126 16.841064
1 147 19.737035
1 148 6.856024
1 170 1.692264
1 176 13.860141
1 192 12.563246
1 204 3.827442
1 210 13.432881
1 246 11.500704
1 247 9.461642
1 261 6.955728
2 5 12.837166
2 7 7.423407
2 9 2.911197
2 10 16.577051
2 17 2.258450
2 33 18.122370
2 69 6.010686
2 78 15.174020
2 88 13.058783
2 90 2.132125
2 148 8.497672
2 158 12.873295
2 215 16.774394
3 4 4.781344
3 16 18.319090
3 21 7.885654
3 26 15.405455
3 114 2.996122
3 234 8.519630
4 6 17.104775
4 12 10.949886
4 20 15.517087
4 27 1.365060
4 46 3.351953
4 68 3.282180
4 73 14.940209
4 76 17.431323
4 89 13.368794
4 95 5.943246
4 100 9.044467
4 116 5.224432
4 118 16.147058
4 152 10.096398
4 173 19.561713
4 196 8.847891
4 226 8.568711
4 240 19.113486
4 285 14.939785
5 18 5.449527
5 21 11.716072
5 22 4.395416
5 32 8.016325
5 47 6.926132
5 54 2.606842
5 55 4.213485
5 71 13.146653
5 78 13.393481
5 95 12.769946
5 96 3.989240
5 109 14.602976
5 112 4.099090
5 114 2.538878
5 135 15.037248
5 161 14.785684
5 181 6.125907
5 225 14.106702
5 226 6.897667
5 242 10.112589
5 275 2.291406
5 276 12.430772
6 7 6.094491
6 8 10.024625
6 13 19.133524
6 27 7.457188
6 86 18.981125
6 238 19.874951
6 241 7.697827
6 290 18.568112
7 17 10.675377
7 19 13.800162
7 20 14.700280
7 30 2.345021
7 34 15.659543
7 49 7.146254
7 50 1.596683
7 53 7.748074
7 57 1.746895
7 71 10.033551
7 75 8.157953
7 86 19.092243
7 111 14.349828
7 140 17.168214
7 211 19.714946
7 233 16.471511
7 249 19.782430
7 299 2.082449
8 11 16.049431
8 133 4.765247
8 211 11.836727
8 290 12.322489
9 23 17.687554
9 24 7.081994
9 25 10.531439
9 41 15.123899
9 42 13.700710
9 48 7.932189
9 57 7.250004
9 84 9.651005
9 90 12.857939
9 125 6.443057
9 130 8.694436
9 147 8.536266
9 215 7.941356
9 267 6.498380
9 268 16.956676
10 11 8.966900
10 15 9.177608
10 52 6.574990
10 135 18.978666
10 175 17.199139
10 252 3.907288
11 12 17.599000
11 13 9.486208
11 28 4.112324
11 30 18.291092
11 36 15.474752
11 37 10.703547
11 69 11.587608
11 117 2.869254
11 179 3.728419
11 253 8.080076
11 257 15.228963
12 35 15.620513
12 42 10.419519
12 183 14.191752
12 190 11.976041
13 14 1.946131
13 168 15.303458
13 256 14.642129
14 34 7.917432
14 44 5.476574
14 96 19.585553
14 137 7.591346
14 169 13.549431
14 283 6.059558
15 85 13.177962
15 89 1.319776
15 119 2.409059
15 129 16.818002
15 145 19.081825
15 204 11.155012
16 45 5.034997
16 58 9.824535
16 61 3.245649
17 97 1.338480
17 152 18.143656
17 162 6.385644
17 182 14.045216
17 191 16.334366
17 263 13.583465
17 284 7.247655
18 62 6.848791
18 119 2.573340
18 263 14.936007
18 269 16.976590
19 25 18.415819
19 31 8.966930
19 39 17.589422
19 41 17.625901
19 56 18.588239
19 68 18.410176
19 174 10.673715
19 195 11.766973
19 214 11.600712
19 237 8.183054
20 39 19.270093
20 83 1.983641
20 87 6.539736
20 141 19.700414
20 142 1.606030
21 29 4.709622
21 31 14.989211
21 40 6.502668
21 43 4.867478
21 64 13.631096
21 92 7.175092
21 121 4.015344
21 126 11.673144
23 65 18.226698
23 94 18.909130
23 124 14.081133
23 127 4.638040
24 32 11.284832
24 48 9.422540
24 72 7.055193
24 87 1.848613
24 93 7.734948
24 144 3.625620
24 145 1.432623
24 199 19.508792
24 219 19.943986
24 221 3.734800
24 229 10.496265
24 271 14.799643
24 274 6.967032
25 45 8.653897
25 46 15.375921
25 66 17.804210
25 79 12.911157
25 257 13.796212
26 36 3.669987
26 50 10.962828
26 150 7.573968
26 198 9.950308
26 228 5.479891
26 243 9.974063
27 64 5.363702
27 177 6.003891
27 188 14.430978
28 35 3.004073
28 58 6.697936
28 62 7.669809
28 158 3.777774
28 191 4.204323
28 286 10.212594
29 40 10.128229
29 106 1.444442
29 109 6.710693
29 141 12.093145
29 144 17.556620
29 197 11.528672
29 198 19.214963
29 212 1.473392
29 239 10.058688
30 38 8.302671
30 51 17.139271
30 80 18.100579
30 110 9.909560
30 115 8.587774
30 130 12.882121
30 139 2.849246
30 213 1.913507
30 251 17.852074
30 269 14.594946
31 136 5.701983
32 44 12.282639
32 51 1.922651
32 54 8.499542
32 102 12.462933
32 133 14.206790
32 181 12.228294
32 238 3.787373
32 244 18.672194
32 266 16.220296
32 268 4.290374
33 38 5.539998
33 63 18.327884
33 67 3.492167
33 74 16.250048
33 111 18.204130
33 140 12.041380
33 150 19.265487
33 192 3.573590
33 287 12.533914
33 293 4.836841
34 43 12.436802
34 72 17.091845
34 107 1.449323
34 113 16.506480
34 241 11.285033
34 245 9.880259
35 55 1.897979
35 77 7.230447
35 91 15.739814
35 100 3.152290
35 155 1.718091
35 172 2.656027
35 184 10.055250
35 264 12.814117
36 59 2.175278
36 210 15.343351
37 123 15.454710
37 235 3.466648
37 277 17.553417
38 60 10.805410
38 79 1.361077
38 81 8.676715
38 105 13.562640
38 169 10.937314
39 97 13.554012
39 164 1.960910
40 63 17.277162
40 98 14.919174
41 47 15.338039
41 128 17.213526
41 207 8.270255
42 118 10.120977
43 122 1.126982
43 168 4.314190
43 174 13.129090
43 286 11.895066
44 80 7.572318
44 127 9.165621
44 128 15.608096
44 149 15.085959
44 209 11.051839
45 202 12.453905
46 52 18.118864
46 106 1.477402
46 167 14.978535
46 232 16.654950
47 193 18.613942
47 258 7.830797
48 49 9.106674
48 206 12.799085
49 60 9.790340
49 92 19.042987
49 102 5.945435
49 131 1.358209
50 53 13.610262
50 56 18.804735
50 166 19.762141
50 281 1.646969
51 59 1.202108
51 266 8.158547
53 70 11.225081
53 76 8.076690
53 110 1.649845
53 131 13.779455
53 155 8.859846
53 205 13.709759
53 295 1.862672
54 77 13.368746
54 108 14.168098
54 143 17.524214
54 170 17.744156
54 221 4.303171
54 242 7.266441
56 61 17.849870
56 65 12.707659
56 105 3.036601
56 132 9.227999
57 248 14.239991
57 297 9.816536
58 136 16.443097
58 156 9.830359
58 159 14.373733
58 214 15.463519
58 264 8.422526
59 66 5.868844
59 206 7.486491
59 223 9.312286
59 254 19.961936
60 82 14.735620
60 85 17.004148
60 231 2.976228
61 81 19.470203
61 103 3.636775
61 104 3.552534
61 167 10.721324
61 261 10.935202
62 67 3.060032
62 91 14.890507
62 93 11.442489
62 120 7.427068
63 134 17.491710
63 163 15.696378
63 250 18.588032
64 172 4.607809
65 216 18.340696
66 84 9.158807
67 75 5.986788
67 178 3.825913
68 160 1.913426
68 217 16.319584
69 74 17.926284
70 113 8.758796
70 171 17.865390
70 228 13.080799
71 186 13.712257
71 217 9.150143
71 244 15.617179
71 251 5.318809
71 265 12.881926
71 298 1.115045
72 176 7.897979
73 237 4.236551
74 99 18.288961
74 187 17.373414
74 224 10.880656
74 270 11.282695
74 293 19.951176
75 159 1.107032
75 222 9.281673
76 101 17.976697
76 116 18.086785
76 132 6.147738
76 166 14.587076
76 194 13.198410
76 220 12.321505
77 138 9.422130
77 139 5.287087
77 187 14.612337
77 245 11.190179
78 82 1.355719
80 104 13.696119
80 112 4.384035
80 146 8.287837
80 188 4.079478
80 225 16.227433
80 248 6.148507
80 281 6.390099
81 83 3.953028
82 88 10.112449
86 156 4.804046
87 98 13.262021
87 115 9.796010
87 124 11.956780
87 239 19.357184
87 283 14.211291
89 164 11.547728
90 207 16.732705
91 267 2.534401
93 142 6.437174
93 213 19.399728
94 123 6.088453
95 99 6.905293
95 149 3.720775
95 177 4.084180
95 224 3.096074
95 272 17.601681
95 295 12.721763
96 296 19.371607
97 143 8.435544
97 253 18.393005
98 129 9.674077
98 162 5.291812
98 165 15.503546
100 117 11.415683
100 184 19.171368
100 279 9.976172
100 292 3.496378
102 282 2.538507
103 235 3.194798
104 108 12.962212
104 153 14.482963
105 180 18.026768
106 154 13.662664
106 230 11.201490
107 160 16.755160
109 247 6.572639
112 275 14.100039
114 178 2.405626
114 189 9.079260
115 233 16.082619
116 122 1.568775
116 297 15.937660
119 134 15.191387
119 146 18.875511
119 179 18.223034
119 212 2.369897
119 259 10.620163
120 165 4.789564
120 195 17.130095
122 138 19.497626
122 298 7.266393
124 151 7.488160
124 220 15.089657
124 254 7.406611
125 196 1.802321
127 252 3.416217
128 218 11.550778
128 236 7.531628
130 151 9.082371
131 154 17.835361
131 193 2.108083
132 190 4.847714
133 186 15.183518
133 229 15.211117
133 258 13.525423
134 137 13.770654
134 194 4.010212
135 222 19.106048
135 288 14.536198
135 296 1.828029
137 161 19.666083
137 175 9.499468
137 185 12.251854
137 282 7.285557
140 163 3.047131
143 270 4.570775
145 232 11.666651
146 182 13.919375
147 202 15.690215
147 234 9.144730
149 153 15.541434
149 157 8.441563
149 171 4.229823
149 278 9.247278
149 280 16.979335
149 299 6.205227
150 201 1.669876
153 180 14.044865
153 262 19.713888
156 183 19.474704
156 208 18.546029
157 284 1.400899
158 199 3.278626
158 203 14.499700
160 227 19.153939
162 256 7.037506
164 250 5.336393
165 265 9.732601
166 200 18.499841
166 291 17.688547
167 185 10.330682
167 208 7.077065
167 260 11.639554
168 246 10.308993
168 249 14.912257
171 203 8.919750
171 276 13.694496
172 240 2.369295
178 227 2.493143
180 273 13.741094
184 255 2.544516
184 274 5.962188
189 243 18.394325
191 197 15.162933
191 236 15.387818
191 292 3.723649
193 201 13.215135
197 205 11.199372
197 289 2.893645
199 272 14.660661
202 216 18.155843
203 231 4.864909
203 273 10.675485
205 285 19.030821
206 218 4.201932
211 223 13.188242
214 277 18.815974
219 262 8.916634
221 294 19.954286
224 259 18.547832
229 289 11.168483
242 278 3.032077
245 291 3.812335
251 255 17.145072
255 287 7.670895
256 271 2.445433
256 279 16.139552
256 288 1.712942
258 260 3.181708
273 294 11.808381
16.334885 19.936390 19.087244 12.392330 7.956929 20.474679 23.596577 23.630359 6.023291 19.366968 12.347167 18.027688 23.573870 15.454722 23.008866 19.434064 19.081231 18.123807 23.319943 5.115521 14.419013 18.516143 8.606190 6.226116 21.308179 23.155395 9.006440 21.181982 21.971402 14.428255 16.229811 6.488403 10.197737 24.792281 11.216937 8.001015 8.475100 6.356556 19.279512 6.157080 15.727324 16.479743 17.728700 20.690705 9.310669 11.518022 18.674738 16.903790 11.196672 7.215526 24.764252 7.981211 8.990858 16.907315 13.079419 18.248661 24.407004 6.960625 16.562630 19.237949 18.859209 11.585078 6.247003 8.313172 19.462895 18.468781 21.442551 8.420939 16.753830 20.602179 17.286193 19.113650 5.329606 8.493775 22.028770 21.752526 16.095034 10.463055 23.653344 18.052258 11.039002 21.862758 10.903356 7.380835 18.248222 18.098008 20.313772 21.280556 17.009586 7.414898 23.851588 12.862719 24.666554 13.214447 9.555051 5.088804 24.612075 10.930653 24.887091 5.508632 11.504321 18.416302 15.914224 8.108360 13.555768 12.679872 5.860574 15.367074 5.578436 7.397190 12.539901 9.490830 21.447089 10.072353 24.770492 22.338285 12.254024 24.697685 18.999037 5.190780 21.468281 21.463222 22.499505 23.754148 10.049397 8.384638 11.597446 15.246269 22.264713 7.123448 23.790227 8.644482 19.823328 24.952575 22.852564 24.686373 15.851545 14.432375 23.920062 20.878200 11.014887 11.938180 21.034122 19.474342 5.713759 21.755202 15.575807 7.306962 9.902123 10.372041 18.111814 24.100728 12.503628 10.835261 6.876334 18.588074 15.929345 8.158120 5.931728 9.178309 20.397626 19.251851 17.659354 11.065651 15.023209 16.813099 17.362008 13.066569 6.322326 16.032593 10.212842 24.461967 20.929774 7.256552 23.287967 9.138153 17.143240 18.195418 11.982458 7.036031 13.439515 7.713474 6.509881 9.032300 7.869691 9.394778 21.845845 8.417234 9.825782 24.671542 22.145045 8.940896 12.068816 14.077100 16.365117 21.389111 11.917036 17.400088 21.961047 12.337141 13.809556 9.167452 7.693009 9.755594 18.164557 10.022610 18.346208 9.211962 20.993617 18.370542 22.484276 19.212853 23.855186 21.375409 11.278679 12.527815 20.394729 15.233871 24.424663 13.188346 10.630314 19.730403 21.867565 7.100657 8.606842 9.090800 10.815958 18.943088 18.668614 9.616114 19.493119 24.796592 9.579322 22.532522 8.504399 22.401254 22.099017 22.772326 12.520114 6.417162 15.535911 22.684132 12.409576 6.259352 8.393811 22.354812 19.162963 12.247106 11.577718 6.775425 12.016321 10.129496 17.186326 7.472888 14.496459 12.781301 15.110281 5.800905 18.702182 17.822763 8.325201 11.670782 20.353674 16.663632 24.390864 12.308082 11.926324 17.602666 21.857434 13.310113 12.678710 15.373812 23.463369 5.790619 20.305398 12.154478 6.437999 6.811340 10.314903 24.240510 22.797931 14.186460 5.845757 19.661262 13.448404 17.183660 21.268678 6.798175 6.615727 11.772853 21.511740 21.151748 24.285570 9.397784 23.385873 19.448850 15.494998 23.957124 19.365731 16.478921
20
44
0 1 1.139528
0 5 8.164346
0 6 5.552083
0 10 1.057487
1 8 9.592000
1 13 5.025510
1 15 6.745235
1 16 9.832993
2 5 6.061899
2 13 9.002362
2 15 9.331384
2 16 4.823384
3 9 5.906178
3 10 3.874488
3 13 2.402513
3 17 8.027227
4 7 9.128217
4 13 8.544026
4 16 9.652200
4 18 6.635403
4 19 6.902362
5 6 8.163434
5 7 5.804713
5 9 1.171407
5 12 9.235454
5 18 6.532739
6 7 5.772184
6 11 6.795687
6 12 1.814418
6 14 3.815022
7 8 2.562434
7 10 5.108897
7 11 7.660479
8 17 1.334844
9 14 6.770516
9 17 1.781531
10 18 9.538587
11 13 3.822013
11 18 6.148366
11 19 2.498781
12 15 3.286358
12 19 5.554380
14 15 7.160546
16 18 1.451651
409.566707 231.580108 496.745490 337.587866 253.224855 331.581254 497.810159 387.516886 404.145017 324.231892 235.992189 285.624231 296.060799 240.728892 391.152120 337.431332 346.424394 359.570103 266.864212 457.054622
