300
597
0 1 10.519055
0 2 8.584272
0 6 17.307665
0 7 14.779934
0 11 6.110626
0 17 8.612218
0 23 19.392936
0 24 10.703410
0 29 16.441337
0 33 12.831189
0 35 11.089663
0 42 4.437556
0 49 3.511379
0 52 5.821282
0 69 11.665942
0 72 18.013421
0 110 5.433399
0 160 9.769653
0 204 5.149464
0 209 8.101442
0 257 17.192813
0 263 10.992218
1 2 18.151939
1 3 6.552543
1 6 9.467449
1 8 3.195659
1 15 5.638885
1 20 17.383302
1 22 9.728181
1 29 6.204577
1 37 10.509959
1 61 6.642763
1 62 11.290389
1 98 13.211614
1 100 13.880616
1 124 3.167157
1 144 18.026868
1 173 6.987765
1 241 14.964942
1 258 13.180897
2 3 4.928221
2 4 18.882523
2 5 6.005921
2 7 11.462036
2 8 9.050405
2 9 1.546934
2 11 14.543716
2 15 15.355793
2 18 7.172884
2 25 4.582635
2 32 5.758262
2 40 3.452327
2 50 14.030174
2 60 16.724918
2 65 9.068216
2 68 4.658062
2 85 10.135210
2 102 18.061807
2 105 5.445066
2 128 15.451968
2 129 1.435249
2 133 8.330344
2 146 15.492035
2 195 10.634876
2 207 4.958242
2 236 15.662543
2 240 9.884028
2 281 16.291056
2 290 11.831924
3 4 7.874222
3 5 12.137435
3 13 2.341452
3 16 7.073645
3 21 15.670014
3 30 3.124320
3 36 5.818158
3 67 17.478287
3 69 10.581745
3 71 17.065683
3 101 15.953946
3 102 10.376151
3 104 11.524118
3 141 1.537376
3 180 8.972088
3 190 15.544947
3 205 14.536617
3 208 19.434547
3 225 4.550304
3 261 5.952371
3 284 13.335702
3 295 5.076942
4 9 2.279267
4 13 15.011860
4 22 17.476374
4 90 15.988403
4 117 5.188288
4 128 4.297830
4 138 9.887644
4 206 4.399664
5 10 15.136509
5 12 16.479459
5 17 17.686160
5 20 6.600378
5 24 9.486976
5 26 12.257582
5 46 19.508264
5 63 5.205943
5 64 13.778479
5 89 13.837105
5 98 15.333342
5 107 8.360979
5 125 12.457252
5 127 6.699447
5 132 14.651055
5 142 11.372384
5 189 19.964829
5 222 5.880887
5 290 1.099066
5 299 2.492505
6 10 14.745014
6 30 2.904407
6 41 4.736993
6 44 10.136224
6 56 2.631475
6 79 2.279142
6 94 11.565312
6 125 12.663988
6 131 1.119645
6 137 9.558287
6 139 11.264472
6 170 9.534368
6 174 13.008610
6 175 14.546971
6 218 4.888989
6 239 11.515381
6 282 1.755757
7 12 8.493479
7 14 19.309074
7 43 14.966998
7 107 7.066904
8 50 12.284851
8 97 11.139779
8 116 15.443508
9 21 5.998607
9 41 16.380766
9 57 17.260240
9 82 14.637719
9 90 1.303528
9 182 2.105875
10 66 9.173377
10 155 1.036271
10 183 11.600589
10 197 15.835158
10 212 4.066871
10 215 2.207933
10 229 18.207446
10 249 14.656296
10 274 5.743979
10 275 4.141013
11 14 18.657878
11 25 6.322479
11 27 11.185990
11 36 14.720726
11 38 11.418980
11 39 2.189376
11 57 18.036741
11 58 5.772923
11 76 16.431189
11 124 10.522777
11 134 12.635479
11 154 13.125157
11 161 18.010940
11 234 5.069525
11 271 5.521907
11 279 13.730385
11 286 5.930167
12 43 1.054089
12 133 5.213426
13 45 19.385423
13 53 18.477539
13 221 14.417917
13 269 13.487718
14 16 2.142035
14 18 11.152747
14 32 5.794053
14 34 19.454478
14 40 15.463630
14 51 16.451622
14 60 2.993100
14 67 18.683008
14 83 7.568930
14 86 9.097001
14 115 13.582207
14 145 13.936908
14 155 9.411560
14 195 13.139393
14 202 18.564927
14 219 7.456779
14 227 13.351750
14 228 11.415129
14 231 9.028761
14 246 19.058126
15 19 3.732500
15 84 6.965523
15 96 6.259131
15 109 15.604651
15 283 16.974989
16 19 4.255516
16 37 16.398961
16 81 1.772468
16 120 4.813610
16 122 9.352014
16 233 10.206086
16 278 12.381882
17 31 18.833819
17 38 1.155819
17 106 10.820706
18 34 9.562859
18 49 8.475980
18 119 19.025877
18 138 3.146821
18 169 3.924577
18 172 7.461286
18 187 6.754953
18 196 8.630625
18 203 7.970202
18 277 5.358547
19 33 6.220429
19 72 8.370152
19 110 4.433904
19 181 18.923047
19 226 7.100700
19 254 4.559734
19 281 5.064010
20 28 16.702063
20 177 3.133540
20 232 8.531952
20 253 10.998623
20 278 6.721295
21 58 17.552210
21 82 17.592947
21 242 18.571348
21 244 14.652969
22 23 17.049874
22 134 11.834396
22 203 10.313073
22 205 16.897677
23 45 17.101116
23 63 17.346678
23 71 9.195623
23 74 8.760575
23 80 6.899476
23 88 3.332584
23 100 17.664793
23 126 6.928074
23 136 10.675035
23 163 17.635818
23 174 9.869046
24 26 5.464996
24 35 4.752126
24 44 4.286913
24 78 3.231266
24 199 6.421196
24 219 16.715373
24 223 12.546539
24 262 7.996926
25 28 10.725365
25 53 16.343888
25 61 12.148900
25 109 16.083998
25 156 11.630246
25 164 11.401794
25 192 10.308298
25 294 13.361522
26 27 12.184593
26 31 10.807836
26 55 1.816890
26 105 17.361588
26 108 2.985860
26 111 5.579276
26 276 4.245707
27 47 5.944335
27 97 12.073425
27 135 8.298975
27 165 18.746292
27 199 3.987421
27 238 9.658972
27 254 12.830735
27 292 14.482706
28 235 6.567880
28 248 14.378727
29 73 4.386515
30 48 8.008207
30 64 5.419428
30 249 8.688907
31 103 2.287756
31 119 11.111665
31 211 15.431966
32 68 1.893904
34 75 6.419281
34 91 10.770469
34 104 3.683174
34 191 16.304199
35 42 5.106382
35 52 10.577086
35 56 7.332138
35 78 13.958947
35 86 8.573071
35 92 9.444511
35 117 12.140883
35 120 19.238286
35 270 4.912797
38 39 4.186739
38 47 18.503389
38 51 2.678858
38 54 11.677007
38 66 3.399734
38 70 4.103085
38 75 2.624505
38 99 3.896388
38 158 15.635595
38 159 2.434785
38 169 15.621616
38 271 15.612674
38 272 5.832129
38 293 9.185797
39 114 4.326289
39 143 5.429632
39 223 8.716420
40 59 14.543312
40 77 13.779412
40 147 13.674945
40 242 3.636846
40 269 3.126993
41 81 6.426493
41 126 5.249095
41 175 9.438760
42 48 12.067642
42 54 8.541008
42 55 9.496319
42 59 9.844611
42 62 9.567779
42 79 13.204273
42 88 1.465678
42 91 11.720904
42 118 5.096927
42 182 2.641627
43 46 12.659557
43 74 6.748602
43 103 12.917587
43 193 7.954483
43 232 8.149282
45 116 15.650447
45 178 16.073182
47 106 18.332739
47 127 9.938340
49 89 6.847427
49 145 10.118977
49 152 17.747816
49 243 2.425778
49 245 8.861880
51 130 2.050745
51 186 1.567683
51 288 8.084614
52 167 15.330656
52 172 12.720960
52 200 16.559403
52 245 16.843446
52 250 19.331684
52 256 12.200034
52 257 9.514770
52 295 2.541256
54 132 12.452362
56 94 12.573973
56 123 6.429489
56 153 2.574578
56 168 7.768570
57 129 18.497706
58 70 17.339706
58 272 11.619924
59 65 7.727939
59 96 6.266773
59 259 17.671044
60 130 8.777584
60 164 6.945955
60 235 3.613835
60 250 17.450808
61 143 12.642012
61 184 1.624741
61 264 1.438325
62 83 2.979169
62 150 5.710767
62 189 12.785915
62 213 18.193518
62 280 18.329072
63 262 11.184563
64 118 13.724579
64 157 10.076715
64 180 16.121657
64 233 9.008388
65 73 13.891703
65 101 8.893036
65 266 7.772317
67 76 19.335590
67 77 17.367443
67 92 9.637434
67 207 15.347482
67 251 6.327303
67 289 7.719824
68 123 19.655772
68 154 2.060578
68 167 16.706824
69 80 7.337424
69 114 17.336509
69 148 16.924010
69 161 13.601696
69 176 11.293996
70 158 7.799714
71 85 7.395528
71 87 4.661537
71 95 15.217888
71 108 16.109620
72 197 5.717737
72 247 19.009464
72 267 13.552385
73 87 5.026668
73 93 12.109428
73 140 19.664400
73 166 18.551735
73 200 15.122853
73 213 14.359652
73 255 13.934114
74 95 3.352369
74 113 10.332049
74 214 2.156579
76 113 10.356631
76 122 17.505207
77 208 6.049073
77 284 2.809163
77 288 16.343726
81 84 14.138296
81 136 6.529707
81 141 17.557472
81 287 4.818442
82 210 14.117831
82 216 16.027211
83 112 1.716598
83 218 6.889223
84 135 4.313918
84 142 16.652172
84 280 5.064388
84 297 10.891469
85 179 1.553912
86 225 6.062926
87 185 18.902262
88 93 14.255484
88 193 1.184109
92 112 18.648616
93 162 13.493120
94 234 18.158832
94 289 17.620040
95 147 15.209294
95 160 18.088239
97 252 16.906128
97 276 12.318119
98 99 14.003200
98 131 2.489482
99 150 4.910262
100 224 10.588965
100 299 11.303566
101 212 17.450072
102 206 6.954564
103 215 3.859429
104 230 16.359653
104 231 3.555343
104 252 9.212327
104 285 8.691165
107 148 10.279797
107 286 8.310692
108 171 3.268913
108 194 2.415032
109 115 5.825948
109 157 8.708563
109 183 6.671130
109 237 13.857595
110 111 1.718822
110 121 6.759859
110 140 2.560559
110 277 17.568420
111 151 18.493171
111 293 6.818772
112 221 1.457017
113 137 16.145032
113 282 11.422905
115 121 12.798886
115 165 11.467457
115 187 6.135328
116 237 9.531134
117 274 14.665609
119 266 6.187453
120 166 13.900765
120 220 7.025247
123 146 12.800932
124 151 5.089959
124 181 7.592414
124 228 16.066851
126 188 1.841889
126 238 9.263994
127 149 17.604474
127 152 19.526490
127 163 1.659255
127 171 17.672427
127 188 6.562865
127 210 10.720348
129 263 18.406940
130 291 12.952410
131 194 1.310155
131 256 9.395588
132 216 6.778973
132 224 3.689373
133 144 10.002175
134 153 15.101244
134 222 12.586542
135 162 9.211545
136 236 11.537945
137 139 18.328221
137 196 6.168966
138 178 14.703870
139 168 10.898132
141 185 13.314955
142 176 17.255296
142 283 10.306347
144 149 2.181599
146 190 14.877030
147 159 6.853819
147 258 8.634530
147 260 16.826114
148 170 1.629156
149 156 17.686225
153 227 3.419281
154 191 15.435037
154 202 10.800705
157 192 14.942112
161 179 10.533121
161 214 11.687091
161 291 9.708855
161 298 12.161547
162 279 7.797942
162 296 19.478167
163 198 7.893238
164 177 1.214820
165 201 14.210417
165 240 6.495717
167 173 9.321033
167 211 10.266981
167 229 10.952554
167 246 1.002062
172 209 9.748454
174 201 1.947156
176 184 5.522380
179 198 19.514587
180 251 17.569442
181 268 9.281148
183 248 6.252845
183 259 3.338311
185 186 8.617969
185 217 4.115234
186 220 4.773057
188 268 11.118847
190 265 13.381176
190 294 11.311963
191 298 6.281995
194 275 12.350420
195 230 12.344205
196 204 3.322531
196 239 8.592361
199 217 5.676521
208 253 3.416925
209 273 10.550186
209 297 1.596271
210 226 13.306090
213 265 1.708878
218 267 12.878124
227 243 11.789607
227 255 9.608703
227 264 3.471835
232 241 7.129323
233 247 17.673723
235 287 3.599209
239 244 7.971922
240 260 2.446555
242 273 4.810140
249 270 8.130315
256 296 13.888064
259 261 4.709840
267 285 3.571573
285 292 17.751874
12.548450 24.674026 6.419116 13.858728 23.394463 15.306719 15.603479 11.477266 14.709355 23.666104 22.256551 19.466232 17.683812 21.423930 14.077514 12.967442 17.249371 16.483294 23.725839 13.275502 14.108320 19.434518 5.362007 14.287825 20.997769 12.773634 17.556595 15.932497 23.590668 5.246656 9.082242 15.267922 6.546413 22.218753 20.078202 14.143361 15.989766 8.796476 20.463111 18.196674 23.880915 8.038107 16.297872 24.178610 19.356713 15.068347 8.611992 20.457633 5.544889 13.469885 10.643542 12.414095 19.083759 11.592303 8.655727 8.907708 8.871328 18.523703 5.305422 8.976492 14.416888 21.429313 19.320501 12.858920 19.871888 22.877792 6.627117 20.581123 22.664248 15.001272 14.622476 13.185310 24.294581 6.298605 9.936867 6.569962 6.983213 22.570589 16.830043 11.604278 9.492441 15.443008 13.218211 19.440862 19.533728 23.127639 12.202449 21.944657 8.065959 5.269162 10.053331 23.588837 12.930634 23.082859 21.688958 9.101355 9.538743 6.653125 5.145515 11.867024 20.583851 20.447199 12.602795 11.977069 18.811178 22.329720 5.580597 23.950624 15.776111 12.861563 18.306324 19.248582 8.183352 14.898383 11.798844 22.776945 8.170489 7.965917 17.727075 13.939857 18.475967 16.263301 23.533378 8.825755 12.142904 24.189901 15.118812 13.269790 22.581304 11.760997 9.163356 23.551903 19.051574 10.271122 7.494345 22.786360 24.263525 23.340494 18.581659 9.183495 10.401093 10.972306 16.188286 7.796031 24.571312 6.990401 24.266982 14.263279 8.334986 12.377102 15.939035 15.140589 16.364461 19.699387 20.104569 15.045502 21.642586 17.810261 8.268204 22.767375 6.518853 12.385020 20.316657 8.863652 6.359040 21.070804 15.381662 19.093547 15.569578 22.452453 10.429346 24.693481 7.539397 16.660262 15.984740 20.340134 21.019345 20.446503 7.133483 9.930082 16.391741 24.188447 9.308643 12.210405 13.510157 10.897080 12.644615 16.907580 23.200328 22.703322 22.700174 7.028758 22.927381 5.377130 8.229047 20.967539 24.339842 15.009820 23.351669 24.687663 17.891376 21.368660 23.176468 7.524894 24.109248 22.119532 21.735224 13.379309 5.064234 15.106337 16.629372 19.340879 15.405653 7.882103 15.712247 24.301120 21.383561 12.796941 10.463876 19.909105 10.102195 13.855870 18.598173 15.543281 13.263175 11.663780 24.286801 23.453401 22.365607 6.155095 15.374757 8.691050 9.305080 22.193204 16.396084 21.020502 8.280181 8.824262 16.154036 11.887207 12.829404 7.602108 15.259547 7.026116 17.190690 22.313142 6.120225 20.027218 17.115930 22.231453 16.556555 7.642907 13.241702 8.769805 14.251719 21.558428 6.730041 19.635650 10.013517 18.028676 19.585434 9.567991 24.647999 9.356718 10.930339 13.083748 7.507600 11.413498 24.123223 24.976923 13.728179 17.420923 11.443450 17.020524 11.189246 11.415737 7.174848 20.068582 10.473251 17.100351 17.487288 7.004971 21.179646 24.995204 6.206111 14.328824 5.748654 6.032691 6.800534 8.621800 18.764222 23.055704 22.376739 8.078033 7.370551 5.793151 23.413251 20.824120 17.476877 18.542436
20
50
0 2 1.402493
0 5 4.474549
0 6 9.053437
0 8 6.498319
0 9 2.413237
0 14 3.119227
0 15 9.367896
0 16 2.858895
1 2 5.962552
1 3 8.979980
1 15 2.855734
1 16 3.390097
2 9 8.375345
2 11 7.826895
3 4 8.961443
3 6 9.969793
3 8 6.800118
3 13 5.662535
3 18 1.144214
4 11 1.313141
4 13 3.616802
4 14 8.364939
4 17 6.680858
4 18 7.512073
5 6 1.710085
5 12 5.692127
5 14 3.481307
5 18 1.082940
5 19 2.499014
6 9 5.486994
6 10 7.654361
6 16 7.711626
6 17 5.875141
7 10 9.980225
7 15 6.878823
7 18 7.132240
7 19 3.422821
8 11 9.951789
8 14 3.942308
8 15 1.638201
8 19 2.643502
9 15 2.914678
10 19 3.246565
11 12 6.373020
11 19 9.073288
12 18 8.697424
13 15 8.756428
14 17 8.300629
14 18 4.621295
16 17 9.681195
320.074829 456.670205 287.696774 325.334926 368.121411 376.753019 284.090723 460.564069 438.115847 336.199807 394.062210 422.525006 290.456975 326.694685 282.987682 366.074738 326.845929 390.805177 466.313672 453.313748
