300
597
0 1 17.461597
0 2 14.596311
0 3 5.241713
0 4 1.940708
0 6 14.043781
0 10 1.378231
0 11 6.039354
0 13 3.395563
0 16 4.128382
0 17 12.128190
0 29 4.527757
0 32 9.348206
0 49 1.169584
0 50 3.627047
0 62 9.952684
0 65 12.741081
0 72 9.924815
0 76 15.987548
0 78 3.463061
0 120 19.299359
0 124 4.193473
0 155 17.276046
0 166 19.941017
0 168 8.602618
0 212 14.504767
0 228 9.684488
0 232 6.962600
0 253 2.437791
0 258 13.053943
0 283 7.295881
1 2 6.687237
1 3 2.981563
1 10 8.931180
1 18 15.929673
1 28 5.663491
1 31 10.881938
1 56 11.997902
1 76 2.033205
1 105 9.506649
1 155 15.782440
1 198 3.145379
1 210 2.370979
1 225 6.470036
1 246 2.887951
1 247 2.347883
1 268 2.199772
1 288 3.484074
2 4 18.289433
2 6 17.534475
2 8 17.578435
2 16 4.376397
2 23 8.368502
2 25 9.862863
2 34 12.851072
2 35 2.546992
2 38 17.248180
2 42 9.044747
2 44 14.479926
2 48 13.483622
2 74 4.118594
2 78 18.693647
2 98 10.033900
2 107 10.271669
2 170 19.537526
2 191 3.875833
2 214 9.034966
2 216 6.820310
3 5 14.019622
3 7 1.456421
3 12 9.733021
3 22 12.636887
3 57 17.730633
3 71 17.247815
3 88 2.711726
3 106 4.726665
3 126 7.248785
3 165 2.187233
3 175 7.185820
3 182 14.494945
3 195 17.525770
4 5 3.867966
4 9 4.557017
4 26 18.238191
4 33 19.685278
4 38 15.757016
4 47 3.932228
4 61 3.204068
4 106 11.583881
4 115 3.863494
4 157 14.229709
4 233 6.684517
5 7 13.204532
5 8 5.784735
5 22 5.831126
5 33 2.235440
5 36 2.027219
5 43 9.313331
5 48 3.541857
5 55 4.178649
5 63 11.652450
5 64 19.532227
5 75 9.496858
5 82 5.459695
5 105 6.657338
5 117 6.660319
5 169 12.053458
5 179 10.062079
5 213 18.799390
5 217 18.881368
5 260 8.319487
5 282 10.203240
5 295 12.733622
6 14 9.708454
6 21 5.102743
6 67 6.588370
6 83 19.192768
6 99 8.888631
6 184 1.573022
7 11 14.993983
7 17 17.703375
7 19 5.698108
7 25 11.136135
7 134 7.321327
7 150 14.693740
7 237 9.965206
7 249 19.994726
7 280 6.200157
7 295 16.592208
8 9 16.675713
8 15 2.796736
8 20 2.004827
8 31 17.969472
8 50 11.660687
8 66 12.983375
8 80 18.668593
8 102 5.536678
8 126 18.137683
8 147 17.751470
8 151 7.623384
8 154 10.773594
8 177 2.880853
8 257 14.975877
9 12 3.337025
9 20 9.670039
9 24 9.077046
9 35 8.849552
9 54 2.405208
9 55 8.193384
9 69 10.048002
9 90 2.096943
9 104 6.673428
9 114 15.400625
9 125 18.478844
9 161 1.001819
9 173 17.032848
9 202 18.418423
9 238 7.267562
9 249 17.229643
9 261 11.285441
9 290 10.308159
10 13 5.156766
10 133 8.809674
10 180 2.810848
10 233 9.783196
11 14 3.482082
11 15 5.424392
11 18 12.435225
11 21 13.275664
11 37 13.670386
11 44 14.350343
11 108 8.357685
11 152 5.248175
11 193 8.889877
11 225 6.940098
11 264 18.198471
12 64 17.797610
12 114 4.752042
12 182 7.068480
12 195 6.709762
12 282 17.294359
13 30 15.177397
13 36 14.179724
13 52 4.210271
13 79 2.611063
13 172 11.370441
13 199 18.098936
13 252 18.460790
14 32 12.200229
14 53 3.277025
14 95 5.442305
14 104 4.552601
14 143 10.429090
15 19 11.719932
15 27 9.178306
15 43 9.925907
15 45 3.020555
15 54 13.958793
15 85 1.809058
15 92 13.960194
15 96 12.543385
15 113 17.236667
15 120 6.970330
15 142 1.696620
15 275 18.279138
16 65 11.301766
16 99 4.126156
16 145 7.586749
17 52 3.818920
17 214 17.338311
17 259 3.843700
18 27 5.044788
18 49 10.590358
18 89 4.207263
18 245 17.247188
19 238 10.878370
19 269 1.901986
19 286 12.128692
20 73 13.256402
21 24 7.746924
21 26 12.186882
21 41 12.825549
21 68 10.727022
21 86 11.260266
21 92 12.385369
21 148 15.078172
21 183 19.193948
21 248 16.694739
21 266 5.309742
21 280 12.784072
22 23 8.111319
22 30 9.147091
22 51 17.562367
22 61 16.298490
22 70 17.800067
22 80 8.659934
22 135 18.470911
22 147 11.406963
22 202 10.681892
23 115 3.652927
24 28 1.258724
24 29 7.063643
24 34 3.750837
24 41 5.266518
24 45 3.731875
24 46 18.369245
24 69 14.974371
24 77 17.473055
24 91 9.834088
24 108 8.510291
24 112 16.927572
24 122 14.159090
24 124 12.177642
24 172 15.876932
24 286 3.386836
25 40 3.662192
25 171 8.814927
25 197 1.816697
25 215 16.393416
25 292 19.813050
26 42 5.067155
26 59 2.958585
26 83 2.302219
26 121 11.878845
26 139 5.670228
26 171 13.888097
26 179 13.085686
26 222 13.166473
26 259 8.938100
26 298 18.258952
27 60 18.099174
27 176 7.243444
27 188 1.769432
27 242 2.081679
27 296 15.089213
28 101 10.829587
28 236 16.080168
29 40 1.908284
29 47 11.737282
29 58 8.969360
29 77 18.546212
29 224 17.315443
29 236 13.084198
29 294 4.994561
30 53 9.297913
30 86 16.291288
30 103 8.110334
30 130 10.871047
30 160 9.027509
30 166 19.853649
30 185 11.526026
30 281 13.318909
31 68 4.269261
31 284 18.968831
32 51 12.515286
32 153 13.680823
33 46 10.647209
33 174 17.167949
34 74 9.153850
34 79 9.238200
34 110 9.805492
34 113 2.489803
34 201 2.573058
34 240 12.658068
34 290 2.313374
35 37 9.554666
35 39 2.592547
35 56 10.303543
35 73 5.891218
35 129 4.467882
35 184 15.516538
36 39 1.719031
36 180 16.544242
36 260 10.088068
38 149 1.745480
38 197 5.974160
40 59 8.715766
40 60 2.269505
40 66 18.756899
40 94 16.197412
42 118 19.985615
42 188 13.181043
42 192 8.955664
42 265 2.709541
43 62 13.472491
43 138 9.020013
43 250 14.514977
43 275 15.207498
43 285 1.568225
44 67 13.200177
44 97 5.166356
44 98 3.062056
44 227 3.857993
45 220 7.707376
45 263 4.748334
45 285 14.268510
46 273 12.256719
48 109 10.551745
48 165 7.802098
48 216 16.563879
48 279 19.169483
49 111 6.408250
49 192 6.081231
49 205 8.346952
49 230 4.340027
49 235 17.862671
50 131 16.642241
50 271 12.483143
51 94 1.776128
51 141 10.667614
51 154 1.693060
51 158 10.825642
51 221 4.351572
51 262 4.304375
51 289 13.752514
52 57 7.921146
52 58 7.229616
52 81 13.548623
52 84 18.559501
52 87 16.513941
52 88 18.722112
52 96 13.949880
52 219 11.972629
53 75 10.604794
53 93 2.914419
53 141 19.482520
53 143 4.225174
54 140 16.306503
54 162 7.579717
54 226 6.489925
55 152 11.073757
55 221 7.977923
55 251 19.651089
56 63 19.186214
56 110 18.908505
56 116 7.803660
56 121 17.107483
56 123 1.175895
56 201 13.429515
56 267 6.194278
58 103 12.636359
58 119 1.839858
59 70 15.488453
59 95 17.688147
59 251 11.234906
60 71 19.460252
60 107 15.448742
60 157 10.747613
60 170 10.480578
60 237 18.298423
60 272 12.532286
61 102 13.322649
61 127 19.957482
61 158 2.335263
61 255 9.234524
61 284 14.480666
62 161 8.421070
62 178 11.376123
63 89 17.150413
63 187 14.896104
64 131 9.890374
65 90 11.330937
65 93 16.089037
65 232 12.428611
67 72 3.647916
67 148 18.263252
67 199 11.792054
69 167 3.697543
70 84 4.136372
70 130 8.062790
70 211 18.917788
70 294 16.755284
71 100 10.109459
71 194 14.065692
71 224 13.638411
71 247 5.180809
72 123 10.404549
72 132 2.682452
72 142 2.928282
72 167 19.423679
72 186 12.450678
72 220 2.837518
72 235 1.269374
72 241 9.781815
73 82 10.369372
74 101 2.440683
74 168 2.860454
74 289 2.377622
75 87 12.659176
75 206 8.178562
76 194 2.883855
76 276 5.438277
77 185 13.142280
77 248 13.793363
78 81 11.418287
78 97 12.112526
78 112 14.599754
78 163 17.483979
79 91 17.082072
79 163 8.472217
79 186 5.294194
79 187 17.957944
80 85 5.198965
80 119 2.737845
80 183 3.357891
81 145 11.405315
81 159 14.525878
82 127 14.035412
82 128 16.737148
82 136 11.929082
82 211 18.168297
82 234 15.516473
82 291 9.766030
83 226 16.872927
84 136 4.820873
84 244 10.597454
84 262 15.253862
85 150 15.918061
86 253 2.743189
87 117 18.879960
91 100 19.041149
91 140 12.632194
91 164 13.904800
92 297 13.716005
93 144 4.145088
93 156 14.393052
93 210 4.521227
94 266 12.476621
95 109 7.394551
95 173 7.937236
95 278 10.665842
96 208 11.300389
97 128 14.642510
97 175 17.572581
97 206 15.938160
98 176 16.563899
100 118 5.666671
100 162 17.109824
100 261 3.936740
101 111 14.062242
101 125 16.340747
102 190 14.264690
103 129 1.282622
103 169 13.792262
103 219 14.583107
103 227 5.941652
103 240 7.182294
103 277 7.095857
104 239 6.824926
104 271 14.298956
107 263 9.312133
109 116 14.360000
109 137 3.486870
109 149 10.045236
110 134 10.341325
110 146 12.266479
110 160 12.299731
110 207 5.723943
111 178 5.383686
111 190 17.991210
111 212 11.066738
111 258 4.463058
112 193 12.946545
112 267 11.864267
114 230 16.155750
116 135 2.435680
117 196 19.656475
118 122 4.293507
118 137 8.697516
118 156 7.115656
118 203 18.489646
118 242 14.179852
119 153 8.636569
119 213 15.557600
119 229 11.509333
121 265 13.271483
122 138 2.624131
122 241 19.731150
122 243 19.256761
123 209 9.396768
123 218 16.425414
123 228 4.228442
124 281 17.650225
127 204 9.875011
127 215 7.849555
127 288 15.097041
129 133 17.958992
129 181 1.423878
130 132 7.724681
130 139 7.097390
131 203 2.213033
132 277 6.312546
133 270 9.959567
135 164 16.327157
138 146 8.566406
138 198 13.387265
138 254 19.104600
139 144 2.982220
139 159 4.632308
139 181 15.206402
142 257 5.434836
145 245 15.338729
146 229 9.540264
147 268 19.426005
148 174 16.118253
148 287 13.524263
149 151 6.553639
150 293 6.417966
152 204 18.675843
153 274 5.202345
154 244 8.323383
154 255 11.354324
155 177 4.256037
155 208 16.588177
161 287 17.854743
162 243 1.608468
165 200 1.236883
165 231 8.308514
165 250 12.859398
165 254 9.730302
168 205 15.895218
170 222 4.860686
170 234 10.001574
171 200 19.658613
172 298 3.550046
174 189 12.049719
174 218 10.396481
179 252 16.697904
180 223 18.406171
183 191 1.655205
185 264 11.165239
186 189 9.265223
191 207 15.189800
193 292 14.151713
194 274 1.729101
195 196 7.495967
195 239 9.569531
196 256 9.566131
197 246 3.014136
197 269 19.388879
198 209 12.927430
198 293 4.302814
198 296 16.085067
201 297 10.370978
203 272 4.654469
205 217 10.455377
205 231 9.462848
206 273 13.574544
207 299 4.950701
211 279 4.074613
212 223 13.821261
212 299 2.911686
249 270 3.280211
251 256 9.846265
251 276 1.351016
259 278 5.440362
259 283 1.911096
269 291 5.914113
5.446687 14.632620 18.061326 12.135653 23.532144 16.530644 12.905366 21.457865 11.152810 22.816765 17.124279 19.767553 22.291004 20.374378 11.604603 15.046058 14.185115 11.151874 24.787727 19.559442 12.024173 19.389765 9.903558 5.033257 13.661960 19.782599 10.768021 12.391184 18.440658 5.381093 16.265430 16.392699 12.346775 5.067821 22.363353 22.931903 9.215366 10.888875 16.371789 17.637447 6.463482 6.885041 9.506366 21.930286 9.291353 9.659859 11.167689 19.230181 6.043877 24.013821 23.706442 14.975146 24.144828 10.826684 9.718692 23.135908 7.277609 7.014032 19.023356 14.701487 21.918540 21.633077 6.110858 17.433217 14.840295 20.927446 6.719189 18.956628 6.331408 22.406409 7.871700 6.609183 7.622223 12.051375 17.773164 12.663721 5.451991 17.403684 12.802172 11.913803 22.791836 9.631349 23.610924 12.943270 13.472760 21.800759 5.394747 19.389728 18.127001 19.576955 8.482060 15.848428 10.816385 11.414026 14.767515 10.535815 22.226730 11.495248 15.803477 14.542636 10.324556 14.289639 19.217426 13.118873 20.362981 21.289395 24.656177 19.397130 20.311609 8.621067 24.287507 14.576143 6.664575 15.815214 19.966870 7.343384 14.440326 24.387245 14.178352 6.377939 24.340426 6.820588 6.842794 24.314559 19.709961 18.473235 11.649653 16.873415 24.785610 22.375883 5.387573 23.456286 12.668270 16.038611 8.820510 23.330483 6.514260 20.844619 11.987659 8.836818 19.496793 11.842034 21.744945 8.232627 6.688463 12.366274 17.590140 15.917453 13.149568 17.377752 20.600579 14.075846 24.074009 24.873169 5.214764 16.284366 12.540254 14.241472 14.607156 13.526919 20.079321 20.002488 11.073039 13.684002 18.082900 17.891841 15.476570 20.563446 15.310964 11.366001 22.598368 12.505762 24.509023 6.795338 16.745940 12.442769 17.198038 22.545773 11.402600 19.924034 15.573123 9.890709 6.169816 10.661121 23.440807 19.118377 19.032660 9.332489 20.407952 13.483558 8.705543 5.682550 6.356877 10.040866 22.251989 22.052443 18.948440 24.770364 21.054410 14.592228 5.791479 16.903538 16.227328 11.639855 10.569546 22.165563 19.986145 7.002958 17.346672 17.375404 20.723757 14.944441 7.072679 15.053476 11.819478 5.206843 5.472267 16.863848 17.449642 5.142135 15.481355 15.766202 21.106461 7.806199 13.447428 6.085936 7.041825 16.067587 18.664520 12.501718 8.073930 11.164681 13.021310 23.831619 8.038879 14.927939 11.986678 16.377054 18.626461 13.680207 12.007083 22.633110 23.792431 13.790943 6.060586 22.889368 7.931590 21.832154 5.724016 9.191676 24.503114 5.017801 12.451639 13.096103 12.374034 20.437602 5.212411 5.988114 15.437182 19.643859 9.503845 19.272809 6.410364 14.141801 10.783772 10.816335 12.302745 10.300184 12.622480 8.557237 7.332206 9.913935 13.114441 20.913709 22.442772 17.061368 14.952519 10.744028 12.943292 23.432404 19.687281 22.878974 13.901059 23.156761 17.035027 8.926801 16.573004 23.779907 12.635009 17.923247 17.233204 16.800108 6.133741 21.937640 19.951314 5.766766 15.471567 8.877666 24.219779 14.519006
20
53
0 2 1.761697
0 3 3.995464
0 17 2.030021
0 19 6.402701
1 4 3.415505
1 9 5.373148
1 13 3.891111
1 19 3.535499
2 3 3.981563
2 10 3.853077
2 11 2.465391
2 14 6.888910
3 13 4.408424
3 17 2.699462
4 7 3.790928
4 12 8.953833
4 19 9.372063
5 6 8.875324
5 8 6.590429
5 9 3.204470
5 13 3.456232
5 15 1.944358
5 16 1.034194
5 19 6.624204
6 12 1.750176
6 14 2.615452
6 15 4.895524
6 16 4.830520
6 19 1.152249
7 8 7.863113
7 10 9.221133
7 16 4.053820
8 10 4.330644
8 12 9.044256
8 14 8.753104
8 18 4.219585
9 14 4.188096
9 15 5.089200
9 16 9.053034
9 18 3.574345
10 12 1.422262
10 13 1.942102
10 18 6.749744
10 19 4.504335
11 16 3.097360
11 17 6.888216
11 18 2.647979
11 19 3.355581
12 15 1.089032
13 19 1.978652
14 18 5.100145
14 19 8.437732
15 16 4.693720
401.585656 408.888013 311.040621 305.928382 410.019633 432.513634 225.792178 289.035467 264.853410 246.257694 256.342054 476.925812 314.014547 316.806879 493.885850 456.900596 309.425526 296.507457 417.955039 432.629047
