300
597
0 1 13.645793
0 2 9.512307
0 5 18.591045
0 8 14.994558
0 9 11.876132
0 11 8.870191
0 13 1.405050
0 19 9.594622
0 22 4.530722
0 32 3.235833
0 39 13.924854
0 58 3.598927
0 74 1.909766
0 116 4.190925
0 154 4.874887
0 224 15.545304
0 270 13.771486
0 293 8.156513
0 296 15.649945
1 2 13.373084
1 3 13.977648
1 4 19.924243
1 7 3.580577
1 17 6.625629
1 38 15.845574
1 39 3.461808
1 40 17.179252
1 42 16.486794
1 44 6.425262
1 49 18.483914
1 55 3.744923
1 64 8.686508
1 66 1.966262
1 71 11.574196
1 109 8.699633
1 112 19.539905
1 149 8.140338
1 160 15.045620
1 191 10.575817
1 212 17.374193
1 219 3.150772
2 3 9.693325
2 6 7.585597
2 8 12.126914
2 13 12.863385
2 14 9.094997
2 19 15.927334
2 27 2.615638
2 53 1.068251
2 59 18.274491
2 60 8.261388
2 63 11.842026
2 70 8.546474
2 77 7.481882
2 88 16.795066
2 100 1.818108
2 102 18.899326
2 104 3.034079
2 126 19.173527
2 127 18.157948
2 131 12.037513
2 145 11.525933
2 150 11.313429
2 157 16.038876
2 168 2.564895
2 170 8.417720
2 201 9.409198
2 202 2.200671
2 203 17.773337
2 240 18.751960
2 262 14.161987
2 282 5.994737
3 4 1.493652
3 5 12.320270
3 6 4.608977
3 12 9.653682
3 15 6.923247
3 20 5.167283
3 29 4.839532
3 31 13.684949
3 33 17.269085
3 43 2.671369
3 48 19.698422
3 50 14.119947
3 55 9.440144
3 68 6.609697
3 71 14.526156
3 120 4.693059
3 125 10.998573
3 130 3.623345
3 137 4.074408
3 179 10.612397
3 233 12.413761
3 235 7.883834
3 260 17.575127
3 297 3.147581
3 298 9.891423
4 10 2.098779
4 14 12.639305
4 24 4.845977
4 47 8.518018
4 62 10.227282
4 67 17.235192
4 81 3.935333
4 88 5.339805
4 122 14.144326
4 136 11.731817
4 141 14.097531
4 164 9.235185
4 222 8.670395
4 291 16.605683
5 11 5.153914
5 16 9.545785
5 25 12.523256
5 58 6.661022
5 65 12.026648
5 76 4.893185
5 79 2.308646
5 95 2.392693
5 163 17.136216
5 198 19.336014
5 275 12.079648
6 7 14.653152
6 21 1.915735
6 86 17.669393
6 124 13.431315
6 134 8.917251
6 153 9.778145
6 203 6.308321
7 12 16.572151
7 17 16.448204
7 24 3.765359
7 26 13.540092
7 27 13.635403
7 28 16.864476
7 34 8.508329
7 41 5.944367
7 48 2.146246
7 49 3.278164
7 64 4.794943
7 70 1.410334
7 84 15.082935
7 89 8.702357
7 97 8.590474
7 107 7.802401
7 108 16.689053
7 112 16.445849
7 121 12.878961
7 128 11.430064
7 159 8.432752
7 168 3.891901
7 211 6.493168
7 224 1.742366
7 254 3.499301
7 265 7.719272
7 290 1.044487
8 9 16.543523
8 10 12.410961
8 23 16.126026
8 35 1.010350
8 52 3.741549
8 53 4.471076
8 67 13.540364
8 72 5.458317
8 132 9.015366
8 146 8.512888
8 228 12.920017
8 233 5.412912
8 246 13.112719
9 15 10.807760
9 18 10.950884
9 20 3.308630
9 29 19.681163
9 30 1.295110
9 37 1.384550
9 65 3.529022
9 93 16.049985
9 100 10.041107
9 105 11.013446
9 119 6.997295
9 150 7.590466
9 154 1.580460
9 188 12.530842
9 201 19.453941
9 228 9.245114
9 236 6.678326
9 267 16.533617
10 16 19.701899
10 18 12.273620
10 35 15.804385
10 36 1.874610
10 46 16.784979
10 72 7.412692
10 75 1.792349
10 158 6.027918
10 192 5.185050
11 83 6.631077
11 110 18.966507
12 33 17.102020
12 43 3.055070
12 66 18.902401
12 189 6.534695
12 218 6.990590
13 28 6.044764
13 92 7.778153
13 106 19.878176
13 204 18.920032
13 242 13.777330
14 243 12.007355
14 248 13.531304
15 37 9.606042
15 196 12.891695
16 173 1.120280
16 205 7.143765
17 21 1.837094
17 22 7.690422
17 25 17.927501
17 50 11.803839
17 57 1.956718
17 101 1.917638
17 115 5.457630
17 199 1.377784
17 211 12.772495
17 286 16.918188
17 291 18.534280
18 69 15.314846
18 80 10.560975
18 102 12.309881
19 40 4.709706
19 45 13.037805
19 78 14.992299
19 163 12.840760
19 278 6.673809
20 23 11.343203
20 76 1.969500
20 130 18.907476
20 151 2.783027
20 165 15.821985
20 183 18.731460
20 212 17.127661
21 56 12.370549
21 122 1.028242
21 184 16.005230
21 227 17.518481
22 26 11.700914
22 41 12.115538
22 46 11.075461
22 69 10.912775
22 106 1.072476
22 123 7.963610
22 175 2.342290
23 30 2.788357
23 63 16.654065
23 73 11.421835
24 31 19.796034
24 38 16.115797
24 57 4.653905
24 94 7.279046
24 101 1.617824
24 117 9.766694
24 120 8.103715
24 176 19.597339
24 190 3.521151
24 221 6.754837
24 276 9.831482
25 59 5.591065
26 236 19.594248
26 279 18.714978
27 34 14.993362
27 167 5.245675
28 36 15.078187
28 82 8.235208
28 132 8.790636
28 138 17.878835
28 156 10.101534
28 265 14.616440
29 197 8.341750
29 245 2.571852
30 44 5.464691
30 60 6.658181
30 91 14.395175
30 133 11.172513
30 225 11.844969
31 32 14.622927
31 74 2.534937
31 108 7.496147
31 157 15.218730
31 281 8.321798
32 42 14.024549
32 54 1.918139
32 80 8.212878
32 86 4.803369
32 96 1.236241
32 143 9.973808
32 177 14.454341
32 251 14.305502
33 62 2.518568
33 141 6.758813
33 237 16.583204
34 61 2.844165
34 99 8.910069
36 179 4.283213
37 272 7.486949
38 97 3.100944
38 239 12.749136
39 68 18.347662
39 96 10.034645
39 145 12.039889
39 169 11.973984
39 290 18.914255
40 54 13.445866
41 103 17.639493
41 146 4.511561
41 177 1.944082
41 193 8.428773
41 213 9.783873
41 294 1.761522
41 297 15.924639
42 51 16.009828
42 93 15.440510
43 45 4.355566
43 47 3.019084
43 56 18.439063
43 136 13.066680
43 180 10.958221
43 181 12.323795
43 227 14.929664
43 232 14.018879
43 256 4.410799
43 281 8.983293
44 77 9.491007
45 75 13.199936
45 87 16.977794
45 131 3.428573
45 207 9.094741
45 239 7.836320
46 52 18.459290
46 82 15.403934
46 231 7.088969
46 267 19.022261
47 51 2.018832
47 182 9.621611
49 94 19.852926
49 288 17.861195
50 124 1.491604
50 147 9.922123
50 166 7.571254
50 283 14.482416
51 73 13.505457
51 206 10.991795
53 81 3.358676
53 113 13.432789
53 155 16.173969
53 189 15.118557
54 105 14.556353
54 114 19.485388
54 115 9.519114
54 198 3.635823
55 103 2.556403
55 142 11.141892
55 183 10.907456
55 225 10.439888
56 84 9.591523
56 90 8.502106
56 99 3.608925
56 129 7.347627
58 85 1.606181
58 91 17.267219
58 174 14.981956
59 111 9.877901
59 139 2.307861
59 247 18.381964
59 260 14.912190
59 298 11.645893
60 61 17.274811
60 83 3.957069
60 138 9.315967
60 268 10.517369
61 78 7.305095
61 85 16.808931
62 252 4.316077
64 152 2.912774
64 185 2.392949
64 285 6.109031
65 107 15.123327
65 140 11.198936
65 148 18.411531
65 152 18.566373
65 178 5.854404
65 209 5.765767
66 174 8.357193
66 258 13.925348
66 289 12.456632
67 264 16.937570
68 133 6.316929
68 140 7.105241
68 171 8.204489
68 273 2.624895
68 285 17.300627
69 125 8.976146
69 187 15.909334
69 284 13.872124
70 259 11.917511
71 79 6.993324
71 90 6.319171
71 127 10.820717
71 205 10.012461
71 269 9.479962
71 294 11.766059
72 159 15.183318
72 185 12.016907
73 214 9.579742
74 280 14.315427
75 89 1.417574
75 171 7.090655
75 176 4.165364
75 194 2.125917
75 261 7.028978
76 123 12.333582
77 92 11.981838
77 135 12.771728
77 181 19.177886
79 109 19.864931
79 114 15.969466
79 251 17.882722
79 284 4.173972
80 87 9.702961
80 216 6.844436
82 95 10.927247
82 148 13.207277
82 277 2.741980
83 190 18.465215
85 98 7.870651
85 121 13.960438
85 178 7.244366
85 235 16.264565
86 98 2.215125
87 167 18.104299
87 209 18.441311
87 210 4.884906
87 238 5.770032
87 292 4.181781
88 155 5.010430
89 288 11.117115
90 200 13.542999
90 246 17.920990
91 119 1.241500
92 117 16.580985
92 151 9.975697
92 172 5.525790
92 286 8.174281
93 144 3.697184
93 160 4.266498
93 173 2.796119
93 182 17.263516
93 186 12.684598
93 234 9.185682
94 104 3.842136
94 118 13.846156
94 161 11.776905
95 111 13.277848
95 113 5.987971
96 219 7.662520
97 149 13.776132
97 295 11.823193
98 126 11.094680
98 169 18.073575
98 269 10.228388
99 110 2.734163
99 193 5.364503
99 249 15.118380
100 135 10.638741
103 128 13.216663
103 240 1.006655
103 274 11.843267
105 208 4.740145
106 241 11.280419
107 259 6.945035
108 116 16.600473
108 118 19.660231
108 200 9.866553
108 215 12.920062
109 188 2.461901
109 245 2.147058
109 271 4.649668
110 144 2.364198
110 191 18.508943
110 250 15.743753
115 134 19.101651
115 299 15.892509
116 192 12.948119
116 256 13.085575
116 274 9.746910
117 238 6.040459
117 241 19.744999
118 210 17.789872
120 218 15.640938
121 129 13.819636
122 186 7.705027
122 195 4.026629
122 206 15.871657
123 137 19.583642
123 162 17.108470
124 196 9.906260
125 143 18.832036
125 194 18.423083
125 222 16.741464
126 158 10.447276
126 172 6.509032
126 217 9.426816
126 253 18.629619
126 275 3.587938
126 293 13.979812
127 153 19.745798
128 207 13.873409
129 147 15.911674
129 243 18.884002
130 139 16.478416
130 164 2.333363
130 197 3.869402
130 283 4.794335
131 242 3.573207
133 175 3.792258
133 202 19.857017
133 208 19.881474
134 142 17.039749
134 249 11.758617
135 170 14.701849
135 248 17.907808
136 231 15.468788
137 166 5.858992
138 220 18.971348
140 156 1.022274
140 252 17.256454
140 263 2.645276
142 162 5.010682
142 234 14.450222
143 223 8.955033
143 299 12.441984
144 204 14.048944
144 253 14.410085
146 161 17.367810
147 230 11.121895
150 165 7.804340
150 187 3.416328
150 255 12.147380
154 229 7.195193
158 216 5.914226
158 229 6.176139
160 261 6.358739
164 215 19.285696
165 195 9.746032
165 266 16.670111
168 244 17.276224
168 276 15.124453
171 257 10.181658
171 273 12.623564
172 199 4.680482
172 244 17.448897
172 258 1.328072
177 180 11.038130
179 184 10.483169
179 272 15.286093
180 221 2.576623
181 226 3.438106
183 232 11.520010
183 266 13.238612
188 220 10.580717
188 279 10.800273
190 223 2.176445
190 230 1.724536
192 247 12.536029
193 292 12.547039
194 226 12.653576
194 254 8.231654
194 255 4.638900
195 214 17.716445
196 282 15.561363
199 237 10.185458
199 280 13.380947
202 296 8.636920
204 217 14.450709
204 278 12.406162
206 270 3.369536
212 213 8.109339
212 262 13.363728
213 287 8.748019
226 250 13.818298
226 257 16.908440
228 264 16.850162
228 289 16.892998
232 271 17.469926
233 277 4.389832
235 295 13.896854
242 287 18.986666
246 263 16.720693
250 268 11.227927
5.044279 5.587914 10.910293 13.298645 10.801525 13.067750 22.833698 9.462963 11.546899 16.969365 9.397105 6.683031 11.966062 12.419603 21.803976 24.486775 19.984989 9.514090 14.604287 8.539493 18.778457 16.147957 14.942780 10.498139 6.952041 11.843013 9.580220 15.088606 16.414954 6.348341 17.502148 9.537263 21.039197 6.708091 21.769699 10.278434 13.684458 6.646466 10.582016 18.140476 21.753574 21.572827 21.881621 24.420562 20.046149 22.367702 5.522077 8.908253 7.706298 10.443339 9.895046 12.793960 13.430610 6.947153 10.225525 13.542808 8.328638 7.050563 24.821305 21.294831 9.806242 18.449715 24.282699 24.327329 13.421498 14.773846 13.327325 13.009839 24.314322 5.317440 10.636433 21.697926 14.327157 9.670851 21.218207 15.263899 20.919373 16.981264 22.879460 19.949561 11.585479 16.622919 8.057470 22.933436 19.580596 13.213774 20.431131 18.223204 15.141328 17.947965 17.898238 7.639629 24.651507 11.144812 15.449820 20.759138 14.218558 18.483945 5.884184 10.431583 15.118226 22.664661 19.905354 24.849562 12.353209 18.296225 16.936403 8.854478 16.607944 23.504868 5.562065 10.167232 15.126049 21.794766 15.176923 13.227666 19.389760 9.392771 23.113978 23.894516 6.714375 23.381013 6.642036 15.159745 5.782873 8.012739 10.586277 6.628948 10.418059 9.861819 20.389079 14.111035 12.532036 17.449842 7.021635 24.866018 11.416303 10.696570 18.280695 24.141568 15.131753 8.868277 7.091587 16.372784 8.723977 17.569091 7.007040 10.640733 6.973182 21.064107 18.059344 15.970244 24.434606 17.262907 11.413946 6.602026 6.333023 23.847300 9.711528 20.653901 5.321866 5.189024 10.752958 14.291231 21.964230 17.209547 21.263589 21.357925 14.243203 17.868741 18.089349 14.457547 12.120524 19.935004 24.712040 16.926477 15.106503 21.220106 10.432923 19.686108 20.294809 10.940255 19.975780 13.159212 12.941171 24.379745 22.609806 19.546335 23.803147 18.243567 9.830689 21.857744 14.243434 24.004256 9.828070 20.885720 8.979177 8.025182 14.165018 5.487416 20.332477 5.904026 21.479254 14.077961 18.553435 18.848025 9.003180 7.296613 5.534328 18.453083 15.844547 8.749824 5.856878 9.311137 22.555783 7.009273 18.726177 8.128793 7.467291 16.520665 22.628679 5.887011 15.744306 15.574751 5.736120 20.113947 21.853853 7.247600 17.379853 6.570562 5.147624 22.734714 13.457514 9.452171 20.167832 7.907048 21.770874 10.824455 10.866244 5.079757 10.181242 8.778777 5.766373 19.703413 9.107839 6.752214 21.903823 11.295943 8.232904 23.638578 18.703852 19.347806 24.744762 17.199584 11.482088 9.980430 13.556097 15.035848 11.751386 8.807608 22.222109 24.314795 14.153890 6.304981 15.930304 8.169651 17.122008 9.933023 20.970859 19.428036 18.415637 7.567369 14.888447 13.591827 15.995252 12.412953 8.258600 5.902324 13.821360 12.352642 21.065849 8.748133 14.099606 11.562251 24.473934 17.577036 23.814149 21.722622 8.032176 19.215730 22.373630 16.411452 14.548353 19.228392 7.145475 11.873433 5.284822 19.850408 19.269028 11.254645
20
52
0 4 4.038052
0 13 7.660002
0 14 5.744966
0 15 3.669193
0 16 7.665672
0 18 1.716849
0 19 1.209492
1 3 9.398776
1 7 6.033881
1 11 4.436879
1 14 7.484323
1 15 3.860143
2 3 7.994272
2 6 8.455095
2 10 1.390672
2 16 1.021007
2 19 9.225857
3 7 8.066500
3 16 3.552932
3 18 4.403649
3 19 3.693856
4 14 5.938799
4 17 7.953583
4 18 2.588074
5 12 6.986847
5 13 6.199578
5 15 8.074647
5 18 3.455538
6 9 7.399526
6 13 5.934928
6 14 9.346247
6 18 9.322638
7 9 3.220985
7 11 7.585261
7 15 1.161201
7 16 9.392331
7 19 7.660864
8 12 3.826434
8 18 7.192167
9 11 4.037385
9 12 1.867317
9 15 7.783892
10 14 6.150501
10 16 2.111584
10 17 3.043668
11 15 5.556752
11 16 7.504012
11 17 1.589680
13 14 4.544246
13 15 2.030712
13 19 7.956464
17 19 3.114910
450.523863 454.377278 371.815859 449.122776 293.069563 450.364050 416.341371 303.856969 225.529176 226.457511 330.666041 278.060916 356.330152 307.070714 446.750647 282.129613 372.509987 444.402555 227.524373 439.448143
