300
597
0 1 14.151684
0 2 2.836761
0 3 16.385680
0 4 8.265826
0 5 5.154170
0 10 3.974872
0 13 18.761196
0 40 6.347370
0 82 15.736576
0 85 16.653795
0 91 18.766359
0 108 12.550293
0 129 4.430877
0 137 2.885737
0 205 2.347615
0 244 14.753480
0 245 16.182883
0 290 15.964554
0 294 3.391661
1 2 9.102237
1 3 1.642101
1 6 7.127279
1 12 9.026352
1 14 7.458399
1 17 17.436779
1 21 19.813447
1 39 8.731062
1 42 7.597848
1 45 17.384329
1 80 1.609523
1 84 16.038683
1 106 2.711497
1 137 5.265087
1 168 17.590369
1 194 4.382375
1 202 9.367396
1 257 8.306253
1 295 4.513407
2 8 9.336861
2 19 13.146387
2 37 13.913001
2 63 1.122736
2 99 7.068477
2 123 15.106387
2 176 6.698825
2 179 15.796618
2 221 7.387876
2 227 14.862953
2 253 4.835804
2 286 19.358942
2 293 10.561093
3 4 17.871914
3 6 4.009158
3 7 15.475110
3 14 8.684396
3 15 8.103949
3 17 15.005813
3 19 11.374549
3 24 18.682763
3 31 2.479704
3 52 1.214062
3 56 4.484632
3 57 14.578350
3 62 9.579500
3 79 14.615933
3 109 19.128681
3 134 10.384183
3 150 14.469366
3 165 3.347379
3 191 16.370070
3 203 4.854861
3 211 19.168016
3 213 18.056808
3 222 15.544524
3 231 5.484705
3 236 17.921129
3 250 14.218298
3 257 12.636688
3 261 3.272639
3 267 15.326511
4 5 17.051717
4 11 12.177658
4 22 5.565987
4 26 3.185286
4 30 14.844319
4 34 2.770684
4 39 14.386344
4 47 13.812326
4 54 1.063152
4 55 10.612794
4 68 11.038786
4 78 10.406979
4 112 4.834285
4 127 3.483720
4 128 13.285810
4 154 14.311489
4 210 8.998524
4 264 1.702611
4 270 17.322426
5 9 4.865847
5 28 4.688157
5 44 10.114622
5 62 18.882180
5 66 6.043251
5 68 7.021313
5 71 9.574305
5 74 13.974052
5 87 17.329297
5 105 2.988882
5 116 14.394757
5 120 19.421457
5 127 14.952905
5 141 6.880512
5 144 3.389536
5 147 3.926924
5 155 4.946287
5 236 7.302771
5 280 18.595245
5 285 1.669358
6 7 15.255054
6 13 4.882828
6 18 6.867717
6 31 7.381096
6 38 3.200107
6 63 11.339594
6 83 18.467289
6 92 18.432653
6 94 12.110877
6 97 14.717441
6 145 12.460375
6 152 7.570574
6 153 5.197644
6 169 19.091552
6 186 2.366923
7 8 7.740357
7 10 1.687624
7 29 7.263691
7 37 12.276088
7 50 1.273549
7 52 1.548523
7 97 4.514964
7 102 19.759651
7 130 2.846007
7 206 3.961043
7 281 18.521492
8 9 17.531917
8 21 10.851557
8 27 7.542103
8 32 8.479479
8 90 2.590965
8 110 9.498014
8 146 6.149835
8 249 2.495102
8 282 3.652246
9 11 16.191833
9 12 17.568548
9 16 7.943420
9 20 15.580775
9 33 17.597049
9 36 16.934278
9 55 2.233950
9 60 6.213884
9 73 14.467471
9 92 7.510626
9 118 11.644050
9 166 18.239817
9 196 1.070297
9 221 19.150468
9 223 10.922635
9 225 19.228405
9 235 11.601470
9 245 11.483673
10 16 15.372486
10 25 14.778141
10 35 4.935406
10 165 16.031787
10 254 7.381691
11 18 15.186209
11 46 4.520293
11 86 14.457715
11 124 10.642126
11 125 4.485630
11 143 11.540873
12 167 2.941813
12 213 8.374134
12 266 13.548100
14 15 5.630162
14 46 18.022954
14 48 14.990989
14 67 2.194188
14 72 10.302368
14 76 15.814053
14 111 2.784853
14 114 5.174660
14 118 7.085518
14 121 7.852605
14 122 1.327586
14 163 8.522125
14 188 10.675634
14 250 7.202270
14 270 5.912602
14 294 3.735974
15 58 15.724246
15 105 15.066306
15 175 17.260324
15 177 5.286082
15 182 11.556259
16 23 13.574845
16 26 9.945433
16 27 11.831485
16 28 8.736201
16 29 2.564063
16 36 17.303945
16 43 13.528916
16 77 6.507842
16 133 2.975536
16 135 15.164364
16 157 8.684673
16 162 6.884483
16 237 12.014275
16 239 9.004599
16 259 12.619642
16 278 19.575932
17 38 4.317808
17 136 19.487092
17 140 13.857877
17 179 6.527109
17 183 18.297536
17 283 14.077103
17 295 2.852738
18 56 19.542831
19 20 17.901530
19 22 16.696670
19 23 16.639977
19 32 7.912948
19 33 3.564442
19 61 14.013651
19 102 13.639125
19 104 4.824647
19 131 10.582231
19 170 10.630507
19 171 15.458304
19 174 9.787743
19 204 15.787513
19 266 9.957074
21 25 15.610589
21 41 1.274016
21 49 19.497694
21 101 4.107620
21 117 3.345681
21 151 13.911754
21 242 10.413922
21 274 8.278334
21 286 12.284768
22 35 1.474167
22 42 8.920757
22 78 19.871686
22 82 14.578303
22 115 9.536879
22 139 10.639177
22 148 19.901183
22 150 17.627980
22 156 8.276533
22 238 14.296825
22 254 13.077758
22 272 3.549333
23 24 18.392815
23 30 4.385289
23 43 6.047371
23 51 5.421840
23 61 14.770231
23 72 2.015326
23 83 1.920254
23 128 6.617998
23 206 11.849506
23 209 8.456371
24 57 1.521879
24 119 2.990855
24 185 3.335714
24 247 1.980618
24 268 6.607068
25 40 1.684961
25 94 2.490195
25 119 8.893974
26 47 11.850110
26 59 19.270959
26 139 12.356088
26 147 14.151596
27 67 16.143064
27 138 3.479269
28 96 9.284267
28 217 7.131745
30 111 5.884909
31 41 2.797107
31 54 12.640276
31 86 9.569928
31 101 8.244593
31 114 19.097815
31 126 10.615540
31 249 9.725205
31 263 18.266162
32 122 18.889018
32 233 4.579845
32 269 5.535296
33 34 9.614880
33 45 7.928844
33 48 1.482171
33 53 16.905398
33 69 14.615695
33 75 10.387546
33 89 12.203674
33 91 4.866863
33 98 11.749252
33 120 5.891274
33 124 18.521432
33 153 5.126994
33 197 7.530680
33 235 14.570919
33 283 5.794100
33 284 17.574145
34 75 6.295302
34 76 16.794216
35 51 18.996633
35 160 4.421275
35 193 10.159308
35 216 3.679261
36 133 3.385040
37 131 2.206819
37 174 14.944245
37 184 6.234097
38 207 8.297706
39 50 8.960226
39 278 11.314236
40 53 8.251667
40 70 17.255036
40 79 13.252553
40 198 4.163246
40 224 4.948664
40 239 8.601563
40 241 10.036945
41 44 9.722331
41 49 16.217626
41 58 8.324989
41 104 16.145121
41 152 2.234824
41 229 2.369045
42 162 17.596378
42 170 9.329498
42 199 2.088393
43 59 3.258470
43 60 4.219776
43 81 11.836892
43 291 11.914014
43 299 8.297269
44 95 3.193447
44 155 1.329527
46 65 18.238267
46 161 9.321519
46 181 12.003815
46 288 14.205214
47 85 9.121302
47 98 7.015860
47 107 11.451018
47 177 16.473369
47 218 19.095935
48 163 7.515252
48 193 10.536621
48 212 11.213212
48 274 14.071711
49 65 15.900416
49 80 6.534296
49 126 15.224161
49 173 8.922965
49 200 3.961519
49 215 9.330747
50 108 15.187758
50 149 11.113610
50 168 9.884878
51 93 1.438336
51 100 16.874405
51 109 10.725726
51 200 6.884264
52 187 16.573097
52 192 8.192159
52 256 16.148467
53 185 1.489858
53 196 17.986897
53 210 7.659297
54 64 14.534613
54 69 5.873513
54 224 5.972269
54 237 7.415837
54 293 5.073659
56 88 1.645894
56 90 8.165375
56 132 1.280278
57 66 3.261642
57 70 14.617814
57 74 13.261031
57 87 7.478633
57 159 2.477477
57 164 17.073278
57 225 13.691298
57 272 1.284566
58 113 4.881497
59 64 14.809443
59 81 4.865087
59 84 5.740873
59 106 3.092540
59 183 8.554366
59 222 13.859613
60 243 16.340025
60 264 13.123890
61 115 3.738341
61 116 17.410258
61 148 5.420848
61 186 19.574398
61 273 17.112035
61 289 1.907536
62 230 13.961751
63 145 1.195858
63 158 6.608375
63 211 12.466342
64 110 16.640168
65 73 7.530703
66 88 15.357908
66 107 6.555414
66 296 18.124760
67 167 4.475161
67 201 4.670464
69 77 3.628538
69 268 15.171574
70 71 19.863304
70 95 8.970140
70 100 13.624283
70 125 16.918028
70 146 19.751963
71 255 4.404199
72 140 16.830899
72 160 1.771936
72 277 10.567299
73 220 15.787854
74 112 14.678830
74 198 5.512899
75 192 12.216469
75 212 2.907396
76 93 3.637485
76 96 7.052451
76 113 1.072640
76 182 19.135719
76 233 16.535179
77 279 6.929915
79 134 18.137688
79 203 11.285797
81 103 2.439438
83 173 8.529899
83 202 7.960608
83 265 13.702063
83 287 17.955438
83 297 11.972532
85 89 11.773168
85 123 2.811948
85 130 1.291302
85 276 7.133861
86 129 1.380241
86 151 8.193410
87 117 6.572542
87 171 9.840098
87 172 4.281551
87 217 7.411947
87 219 1.869131
88 132 1.615233
88 143 14.249316
88 275 6.122835
89 103 4.300155
89 180 7.436236
90 176 18.244857
91 99 4.724262
91 227 8.589882
92 263 6.718179
93 228 4.562158
94 172 16.389500
95 135 5.997642
95 267 8.082437
96 136 15.965827
96 142 14.800262
96 226 3.423011
96 260 14.895260
100 166 19.944138
100 219 5.908826
102 138 3.045742
102 149 3.853980
102 255 4.631804
104 187 17.440492
106 214 11.825229
106 234 2.252798
106 285 2.118460
106 296 15.607145
107 144 18.465369
108 169 15.135573
108 190 3.851034
111 141 13.028232
111 232 17.392931
112 189 17.847982
112 260 14.630960
113 232 11.648163
117 156 1.941969
118 157 19.249524
118 190 19.067901
119 121 11.471765
119 154 8.162386
119 284 8.269353
120 258 6.051229
126 188 14.523720
127 164 8.100131
127 289 3.512370
128 158 7.531347
128 253 12.898173
131 229 15.952592
131 279 8.744286
132 181 9.745053
132 223 12.222452
135 208 5.695665
135 215 12.542233
136 189 5.822016
136 218 13.529783
137 241 16.424596
138 216 7.413310
140 142 18.371725
140 248 19.651244
141 191 12.717049
142 197 2.220614
145 287 9.578707
146 220 8.793823
147 184 10.921971
148 175 4.882040
150 207 17.665920
151 159 3.446726
151 228 11.239208
151 280 16.364742
154 161 5.113881
155 277 6.585110
158 195 14.027490
160 298 9.119084
161 178 13.195260
164 209 7.528956
164 231 18.664047
165 178 18.813932
169 240 5.028479
170 238 12.184346
171 180 13.936935
172 291 2.959326
173 199 8.590948
174 194 18.602538
174 269 13.402934
174 276 11.704267
174 299 16.589434
175 226 7.100103
176 251 15.335832
176 271 5.543492
177 201 9.890358
178 208 18.733359
181 214 5.006074
181 273 15.603821
182 258 5.838918
184 204 14.178808
191 247 9.673170
192 195 7.169760
192 246 2.915939
192 288 13.056863
193 251 9.495166
194 240 1.008220
196 234 3.228186
198 262 6.236133
199 205 9.308375
203 252 3.454110
206 244 9.006112
206 298 8.248123
207 271 16.041006
209 282 16.409343
210 246 10.040721
220 259 10.948003
221 265 3.998106
222 242 4.820327
223 230 12.313314
227 261 13.152243
228 256 9.594412
230 243 3.597132
234 248 9.151438
234 292 15.207063
241 275 15.374346
241 297 5.623865
247 252 10.361783
247 281 4.380411
248 292 3.434631
252 262 8.316360
264 290 14.754705
16.823678 11.137345 22.640827 23.213511 15.812194 16.777545 15.001041 16.011900 13.182015 9.347664 19.946138 15.310675 24.863074 15.040368 6.534357 15.024459 21.728057 24.378392 12.985152 20.228287 24.216704 23.007048 22.740968 19.002558 20.982265 16.706287 17.567134 17.051175 21.207467 23.154899 9.028348 24.391956 23.121595 9.402954 17.614889 10.476895 5.822056 22.498791 13.325649 17.792315 16.842624 21.778336 5.648802 7.993059 7.983266 15.058053 15.703299 15.535242 20.388193 21.927891 15.986117 21.962835 22.387538 5.709975 18.767570 20.461727 22.048214 10.433322 17.329110 15.511920 15.656534 24.840693 20.442593 24.330775 12.288982 8.300831 10.808651 23.334362 20.829701 21.874976 8.636964 14.235644 18.632420 23.243579 7.930725 5.862157 17.167809 18.160288 11.012334 11.049185 6.692577 21.972433 17.262542 23.631071 18.506940 10.104152 7.954115 17.186044 19.676042 12.580839 19.088491 17.785712 5.458779 24.892880 24.442943 13.094888 11.195148 17.267439 5.494806 14.821189 15.971835 21.959422 21.284811 16.819250 7.875868 10.792546 11.710721 6.839046 11.857587 7.780116 11.577264 7.638854 14.133813 18.496195 19.174069 23.629787 20.502428 9.406932 17.657775 21.922511 12.044600 15.572461 6.587477 17.314125 8.042884 21.572123 15.818638 11.355439 12.357274 6.535158 5.816093 7.811369 7.286278 22.696947 15.452611 11.201796 10.726504 5.884506 17.129610 20.403458 24.802488 15.246106 6.584792 12.855195 24.618312 9.803693 8.769470 22.797761 22.775025 12.182901 24.208609 19.210661 17.192838 18.325372 6.242323 23.484979 11.245030 13.747914 15.654379 10.231593 8.328351 21.835902 19.963824 23.416810 10.489534 24.318105 20.394238 20.308827 19.491049 6.766308 21.872926 9.322247 13.761055 16.153584 24.196387 5.025450 6.974453 15.392452 9.880548 21.999867 20.037319 18.076548 23.977744 22.115124 17.563976 6.964947 7.772174 16.630639 6.039334 23.855026 21.960884 10.923920 22.870445 17.396604 15.604021 16.854774 24.560012 15.240407 5.382532 14.393076 8.199628 22.376661 22.262227 5.255371 18.201361 10.517020 24.175946 8.633181 8.402402 21.035702 24.430760 12.408679 20.799792 6.654747 14.788766 20.291898 17.659026 17.553089 22.032954 6.048780 7.052954 19.456714 11.768554 5.438904 11.411000 16.597443 20.006439 11.183086 9.730560 23.113141 6.395608 21.632103 5.770336 24.100169 24.300772 18.819157 24.457240 7.907205 14.702967 22.680171 23.225138 6.275015 23.015014 21.454305 17.244606 12.947813 20.813520 9.357295 20.709861 6.916451 5.961095 18.760465 20.734401 24.316730 11.002593 22.903301 5.890083 18.882551 20.493472 12.698828 13.253708 15.687420 6.447942 22.678331 7.856603 20.379882 21.799152 17.317597 24.896104 18.160942 23.321267 20.149647 22.062452 13.393366 17.696660 12.404019 19.070763 5.867274 10.500483 23.828442 20.354131 13.196019 7.586561 15.721726 23.701772 17.986853 6.973028 13.303281 11.024825 7.942658 23.623545 20.403659 21.946312 15.218997 11.683247 19.751485 23.415460 19.389075 12.299956 12.878653
20
45
0 11 7.985519
0 14 9.562018
0 15 7.716899
0 19 3.740727
1 2 1.712704
1 5 7.877416
1 8 5.654326
1 12 6.140564
2 7 7.693178
2 8 9.728177
2 11 4.012940
3 9 7.760905
3 11 5.120793
3 15 9.799667
3 19 4.974557
4 8 9.161834
4 9 5.684924
4 13 6.634130
4 16 7.735935
4 17 7.458632
5 7 7.127291
5 9 7.511838
5 10 5.185805
5 17 3.297971
6 7 3.610460
6 10 8.908047
6 12 6.984746
6 13 4.878548
6 16 9.105373
7 15 3.130400
8 14 6.329136
9 12 2.189615
9 15 7.232564
9 18 6.950313
10 15 9.508088
10 18 5.771800
10 19 6.190421
11 13 2.523242
11 16 3.213389
11 17 8.865472
11 18 7.259693
12 17 6.776676
13 15 1.091654
13 17 3.325185
14 16 6.543526
237.433420 344.747599 519.603538 312.773755 481.240927 307.465051 411.272489 506.163512 478.746047 307.082025 240.132507 240.272240 422.702214 262.071095 340.785117 518.689828 383.805476 330.022429 411.849484 265.177647
