300
597
0 1 13.824569
0 2 7.119721
0 3 7.538616
0 4 4.935006
0 5 16.442117
0 9 1.213312
0 10 9.407622
0 11 16.870204
0 13 19.713451
0 16 12.984779
0 20 1.069835
0 47 12.337721
0 49 16.033145
0 54 14.136284
0 58 11.797881
0 75 18.769046
0 78 11.059892
0 102 17.562271
0 104 6.000189
0 115 8.291545
0 164 5.728954
0 185 3.295481
0 186 6.341316
0 190 19.468749
0 225 18.880945
0 230 15.318681
0 264 18.863599
0 295 15.592859
1 2 19.429767
1 14 4.659521
1 24 17.959560
1 28 6.678913
1 36 16.150504
1 42 11.939928
1 59 5.292916
1 92 12.216883
1 102 16.805458
1 107 14.497963
1 109 14.871553
1 143 8.540192
1 169 15.466107
1 176 12.020812
1 239 16.930718
1 253 8.510451
2 3 3.562534
2 4 15.041613
2 12 13.746928
2 21 12.908065
2 23 6.781743
2 28 17.558760
2 29 9.836559
2 34 4.732732
2 70 2.658604
2 76 10.372779
2 86 16.777718
2 100 10.309939
2 112 17.611910
2 119 7.262625
2 174 14.358629
2 183 9.483346
2 202 10.436339
2 211 2.229265
2 234 9.934433
2 240 16.792369
2 287 7.149105
3 6 10.659571
3 7 2.050288
3 8 18.054495
3 11 5.400529
3 12 5.089966
3 21 12.525485
3 27 13.081848
3 31 3.252687
3 39 9.459703
3 60 17.215523
3 70 7.336684
3 81 17.210288
3 82 14.832625
3 87 4.553658
3 101 7.327623
3 142 15.649143
3 172 12.475697
3 199 3.994691
3 208 12.431293
3 246 4.425824
3 270 12.949284
3 275 1.329303
3 290 15.828660
3 295 1.843187
4 5 14.750476
4 6 3.873943
4 7 11.296311
4 15 6.094961
4 37 9.124394
4 53 15.888020
4 62 9.747650
4 66 6.993753
4 71 13.118145
4 72 15.440529
4 122 3.162111
4 193 16.773906
4 223 16.680896
4 249 1.271438
5 15 9.650983
5 65 19.850471
5 88 14.552828
5 89 6.447430
5 103 17.553996
5 120 18.396256
5 133 1.909203
5 134 19.181901
5 154 18.330200
5 156 8.885280
5 162 9.033042
5 167 8.968251
5 222 3.702320
5 241 4.217255
5 259 8.748929
5 291 8.867524
6 8 12.019442
6 9 15.619685
6 10 17.788119
6 14 12.770303
6 19 15.023386
6 22 4.044547
6 23 2.354046
6 24 14.376304
6 26 9.821979
6 32 12.205934
6 35 2.605759
6 41 8.388959
6 47 9.227229
6 57 15.567933
6 63 17.421836
6 72 10.897697
6 74 17.219911
6 77 8.135980
6 82 11.985002
6 85 11.038431
6 100 10.542102
6 113 4.028822
6 114 18.144405
6 125 3.902585
6 141 19.298762
6 156 13.393132
6 171 4.378246
6 180 19.872172
6 190 9.573505
6 203 4.957335
6 219 9.291749
6 239 4.519242
6 289 13.791511
7 266 18.208442
8 16 10.642464
8 17 1.922501
8 18 16.682282
8 22 18.396462
8 25 4.003371
8 26 19.805619
8 29 12.955995
8 31 14.039136
8 35 2.983870
8 40 3.440975
8 44 8.967440
8 46 15.512365
8 49 9.225932
8 51 18.741913
8 56 1.192481
8 69 18.846862
8 79 1.921785
8 106 4.290959
8 118 16.016029
8 120 8.699660
8 150 16.548665
8 159 13.354033
8 192 6.373175
8 209 19.921207
8 220 11.547712
8 232 16.573326
8 247 3.702794
8 255 10.920921
8 285 12.498653
8 286 10.161182
9 13 17.295500
9 17 4.038227
9 54 19.784756
9 65 2.999192
9 89 10.057436
9 93 6.386166
9 96 18.727269
9 116 2.351371
9 125 10.405430
9 144 1.704280
9 157 4.724001
9 163 14.624341
9 194 17.243102
9 201 6.355513
10 27 4.758241
10 37 14.695303
10 43 18.451432
10 88 18.890132
10 108 17.854005
10 137 9.873716
10 202 6.182868
10 214 18.434141
10 235 13.935830
10 238 8.219134
10 267 16.739378
11 20 15.944532
11 55 5.330597
11 242 12.232513
11 299 7.674538
12 30 8.905047
12 50 18.710860
12 73 16.853471
12 110 5.537916
12 132 8.751461
12 232 1.876962
12 246 17.097555
13 41 19.889870
13 56 17.744357
13 84 2.933751
13 105 15.406273
13 127 10.799465
13 139 8.405845
13 146 19.180828
13 260 12.338006
14 68 19.284200
14 90 16.967326
14 159 8.182530
14 196 6.555538
14 271 14.469920
15 18 2.113492
15 30 12.867676
15 44 3.211073
15 60 18.400146
15 69 14.683142
15 109 2.804492
15 150 1.437727
15 187 5.689856
15 189 12.429010
15 198 4.898856
15 218 10.429630
15 256 7.992716
15 296 11.623612
16 38 16.213752
16 50 4.707580
16 61 6.271393
16 62 2.590795
16 117 17.128096
16 138 18.044209
16 144 7.365594
16 145 6.298983
16 205 8.291569
16 268 14.164372
17 33 11.802967
17 53 2.316622
17 126 17.639036
17 229 8.442652
17 240 1.560509
17 250 5.878303
17 261 14.126070
17 276 3.626580
18 19 11.282557
18 42 19.438378
18 97 10.036624
18 101 8.555155
18 108 12.459108
18 127 10.731021
18 128 4.177339
18 129 12.746645
18 149 11.998883
18 197 15.636584
18 229 15.527299
18 254 18.027407
18 273 14.874766
19 46 4.700638
19 64 14.109408
19 91 19.467911
20 45 14.175692
20 51 5.674679
20 166 4.551826
21 40 15.870379
21 61 19.817140
21 280 16.604799
22 36 8.805231
22 57 5.291782
22 83 11.552978
22 112 5.168457
22 130 18.021342
22 155 15.127773
22 244 8.121311
23 25 16.230365
23 33 12.102418
23 94 1.743085
23 178 17.412627
24 45 8.611007
24 63 3.743094
24 135 4.371161
24 258 16.641002
25 132 17.723213
25 151 5.294978
25 255 10.229614
25 289 9.510704
26 71 5.859601
26 93 4.243666
26 200 8.459956
26 210 16.395799
27 52 16.367552
27 140 18.034384
27 186 18.114445
28 81 15.532302
28 105 6.960083
29 32 3.259406
29 92 13.268907
29 106 11.383455
29 149 7.929090
29 157 14.933830
29 250 11.205137
29 282 1.955638
31 67 14.583331
31 110 6.103398
31 193 3.702072
32 34 4.847476
32 48 19.454508
32 52 4.167924
32 143 11.915422
32 182 17.746744
33 38 6.964238
33 39 3.646986
33 64 8.109722
33 90 3.870922
33 218 17.449236
33 220 16.391862
34 58 4.971050
34 115 2.021676
35 87 1.809333
35 122 13.510742
35 131 18.812786
35 170 10.025684
35 173 3.821884
35 204 16.375777
35 290 5.803227
36 43 18.008297
36 66 2.716840
36 74 1.092531
36 179 4.693230
36 279 18.747233
36 285 17.957864
37 91 2.568615
37 188 1.354444
38 170 3.597175
38 265 15.705001
39 79 13.731821
39 119 8.630295
39 131 9.490033
39 153 3.383234
39 168 9.852927
39 282 6.735495
40 67 9.536898
40 94 1.796243
40 262 2.628543
42 48 16.667527
42 99 6.660628
42 123 16.685360
42 153 5.804331
43 55 18.459843
43 68 8.082711
43 75 10.600342
43 77 7.361789
43 84 19.574781
43 114 19.503639
43 263 2.203617
44 98 4.805042
45 95 2.852964
45 96 4.922173
45 121 10.465366
45 145 13.761905
45 195 13.491749
45 248 1.623993
45 263 1.903174
47 59 9.380931
47 78 8.708403
47 103 18.645931
47 148 5.539630
49 86 18.489922
49 172 3.378516
49 199 13.354279
49 247 11.757630
51 138 18.611746
52 80 18.053322
52 168 4.650486
53 80 16.709553
53 226 3.849853
54 133 10.001018
54 146 1.386623
54 162 6.312972
56 97 3.622533
56 209 15.986663
57 248 13.920895
62 231 10.169002
63 118 2.731192
63 206 17.977428
64 116 10.678288
64 184 10.980413
64 277 8.637230
64 283 15.772378
66 206 11.092376
67 124 12.178626
67 191 14.074844
68 147 8.764882
68 175 7.050614
69 147 7.841339
70 73 8.972195
70 135 4.740974
70 158 6.041636
70 272 13.750148
71 76 18.640242
71 117 15.813336
71 205 7.443631
71 252 14.192375
72 151 17.129322
72 215 13.188791
72 221 4.790261
72 297 11.584875
73 95 19.608042
73 136 7.642812
73 256 4.337583
75 121 19.310076
76 284 8.872097
77 173 2.741575
78 85 9.595192
78 98 7.782301
78 233 3.982217
78 268 14.964752
81 141 9.966723
81 210 10.217437
81 215 10.439187
82 83 6.729750
82 129 1.692934
83 111 5.976639
83 161 2.159856
83 187 4.088937
83 261 4.916359
85 158 11.143944
85 217 16.549031
87 177 6.638690
87 180 14.816671
87 196 16.859441
87 245 10.563097
88 128 15.517151
88 296 6.800414
89 111 14.720171
91 99 1.038918
91 107 10.618466
91 154 4.999752
91 160 13.761884
91 242 13.633734
91 292 3.685014
92 104 14.397960
93 181 1.102138
95 224 1.082892
96 281 9.830241
97 142 18.003111
99 137 14.825557
99 194 8.830060
99 207 15.885754
99 221 15.055638
99 266 13.839703
100 134 7.518469
100 277 3.721418
101 161 1.782227
101 191 8.882181
101 275 3.183425
101 288 19.593352
102 163 17.174974
102 236 4.163578
102 237 8.147557
102 270 16.784963
103 136 1.884984
103 259 19.749168
104 244 4.810739
104 251 11.308330
108 177 10.475157
108 192 3.703206
109 123 6.435255
109 299 18.665439
110 113 5.225481
110 175 5.542066
110 184 9.013292
110 185 5.498825
110 200 17.289571
111 130 3.029820
114 126 17.942718
115 139 6.083824
115 140 8.495994
116 287 9.235955
117 284 9.255300
118 216 3.279957
119 165 1.872326
119 251 8.122205
120 152 16.627102
120 183 15.841605
122 155 9.201313
123 124 4.608315
125 227 16.963590
125 241 7.606061
126 148 3.972411
126 179 14.056535
128 212 13.633259
128 237 9.955837
129 164 11.819303
129 181 1.894417
133 204 13.241857
134 252 7.667756
137 152 3.974005
138 278 7.947812
140 165 19.552837
141 169 11.222846
141 213 3.730814
142 233 7.724966
144 195 8.137081
144 216 17.283970
144 236 5.112292
146 223 19.381074
149 166 13.266249
149 174 19.255808
149 176 14.750786
149 178 6.321962
149 243 18.743388
151 207 4.342184
151 214 14.567971
152 201 9.386054
152 219 15.494149
152 294 13.726812
155 160 6.413360
156 189 3.728412
158 203 9.304370
159 182 14.049897
162 197 17.418503
163 280 13.723622
164 264 19.926726
165 167 5.809829
165 238 16.912118
167 171 2.485760
167 258 8.619237
170 188 4.751488
171 245 14.571718
177 225 15.888666
178 211 14.511060
178 294 10.320830
181 212 19.928246
183 224 8.807409
184 198 1.519650
185 217 13.966703
188 228 5.855579
189 274 17.268517
190 267 14.615036
191 260 15.387046
191 262 5.692782
191 288 13.052580
195 226 7.824782
196 231 6.359649
196 293 7.317896
198 213 3.998904
202 230 3.747683
206 269 11.963806
207 208 17.255230
207 265 12.389121
208 227 19.594042
208 257 19.311887
211 222 16.962966
211 291 3.986669
212 228 15.317444
213 274 16.961867
214 234 2.137398
217 271 13.828333
218 293 12.632892
220 243 19.459462
220 254 6.247512
221 269 14.993754
222 276 17.133445
222 278 7.450836
222 286 4.690053
224 283 18.854275
225 249 19.533349
226 253 12.500252
228 235 11.161631
232 273 18.697873
235 279 17.195654
235 298 5.819648
238 298 2.864323
245 257 16.939333
255 281 2.343090
259 272 3.583772
274 297 15.222269
285 292 18.247240
7.906831 11.807410 18.459177 14.672314 6.306243 18.166958 13.844551 5.870602 23.298171 21.315701 14.888528 19.055772 24.620549 5.765740 15.942232 16.892628 11.700880 16.786401 20.750048 24.262118 11.838530 20.322106 20.616828 11.404668 18.919260 17.887769 19.231177 10.435262 8.891068 16.755532 6.149584 11.925903 18.436641 20.571236 9.672443 5.715530 16.808570 12.730735 23.768531 21.499208 18.740829 7.781439 12.559795 5.806568 11.843920 22.117544 18.602025 6.571504 13.264841 18.902527 22.198038 9.453134 6.576055 24.234163 5.967527 6.787613 21.479333 18.949760 21.689018 9.953145 21.262609 7.579058 7.640858 24.823167 6.814383 19.875669 20.507559 22.689499 8.273034 23.239556 9.868165 13.604590 24.136936 15.065926 9.265893 8.215812 5.745789 14.089055 14.523156 9.208009 9.942170 17.699095 6.791412 6.567417 8.294243 7.995550 16.199325 20.619256 17.956038 14.824304 13.352865 23.620491 8.419799 20.110127 8.457481 22.136178 8.746042 13.024508 24.956806 23.152469 20.416566 18.513490 5.223923 17.529474 18.462620 23.601546 12.755467 5.570104 18.552857 14.769887 7.155553 6.291372 10.697199 21.840909 18.481386 11.575608 14.088834 18.064753 23.103946 17.059805 14.298918 15.894765 15.454344 13.019647 6.789857 15.592374 24.476576 22.799699 5.486552 5.554562 16.528417 23.762584 8.892117 9.654345 22.785079 23.563430 14.886966 12.968604 12.923160 14.529934 21.107747 10.095094 24.961202 16.262600 13.150513 6.467089 16.195121 11.630714 7.366543 22.484406 20.754557 5.880103 17.833558 24.071381 8.401940 23.391691 12.835154 14.451011 13.115499 23.608664 23.853642 13.197561 24.395814 11.785117 10.861666 23.935367 15.369222 13.852509 6.468423 6.164968 16.714732 14.602015 8.792324 20.187964 10.827942 22.011144 9.172345 7.620332 17.729005 13.927827 11.804352 6.511809 17.585515 20.797936 6.124779 22.692895 9.972391 13.256135 10.271587 17.763651 13.778313 18.985322 12.793169 19.128619 19.546719 13.806298 11.941563 8.146118 7.078563 10.395828 14.663096 24.841832 23.870068 12.856638 14.632072 24.097512 5.464759 10.390632 19.523180 8.916493 11.826490 13.064482 14.389576 16.819826 23.003370 20.776161 14.680955 17.050647 9.974416 12.820644 20.817448 21.276833 20.909125 15.747625 10.524910 9.326504 10.023051 10.768587 17.712360 8.913619 24.842540 18.143575 21.739738 14.928304 19.667087 9.319177 19.185369 11.415835 17.898114 6.922621 23.339570 12.268168 16.674504 7.214873 23.862795 14.918499 10.746265 5.716371 21.783495 17.878094 9.446097 22.138348 19.334724 20.332756 5.205473 18.628559 17.226172 5.122024 17.468290 6.882931 22.834016 7.527491 7.381660 8.476630 5.363457 11.270789 11.901659 10.182487 9.181829 12.501124 6.873390 23.864899 24.581880 6.603088 19.338394 14.134563 17.806262 16.208294 20.465221 18.428442 11.152059 20.787679 23.683866 17.282088 20.932190 8.782239 14.244592 19.980048 24.541850 12.270565 13.790441 11.066052 11.955667 12.099497 16.461069 5.139068 14.945226 6.981313 16.374763 11.121119
20
42
0 1 3.345476
0 12 3.570213
1 2 9.531494
1 5 9.431786
1 15 7.898372
2 9 8.158220
2 10 2.733237
2 19 3.920820
3 9 9.402015
3 10 4.074961
3 16 7.727984
3 18 9.144195
4 6 7.726113
4 10 7.937943
4 13 6.862676
4 15 2.016152
4 16 6.552297
4 17 5.259510
5 13 3.876016
5 17 1.402694
5 19 9.107943
6 8 9.691975
6 9 6.699880
6 12 7.282878
6 17 1.713539
7 8 5.285307
7 11 6.918321
8 14 9.697228
8 19 2.556028
9 16 1.283667
10 11 9.106813
10 15 6.572539
10 16 8.194299
10 18 1.742252
11 12 1.873499
12 18 2.294094
13 15 4.219174
13 17 9.516923
14 15 2.107938
15 16 4.092605
16 18 1.572554
18 19 6.933124
344.966663 297.911525 323.941218 462.717742 408.175250 230.734770 291.257639 331.043876 286.314042 497.088374 368.131643 335.852137 374.957552 384.344727 218.864442 243.225400 398.229000 277.547033 335.066233 362.210893
