300
597
0 1 10.072612
0 2 15.467219
0 5 18.163230
0 6 14.693223
0 10 19.301013
0 15 15.858098
0 27 17.469227
0 35 3.167977
0 43 14.915857
0 68 9.361685
0 75 11.508972
0 102 13.427946
0 119 19.426487
0 197 19.706984
0 211 6.476337
0 267 14.941316
0 297 15.249687
1 2 7.583364
1 3 3.353526
1 9 1.777992
1 16 15.769519
1 19 10.304295
1 38 19.725263
1 63 9.834496
1 82 19.580423
1 88 8.819944
1 113 16.079961
1 134 2.611566
1 259 11.553772
2 3 16.239136
2 4 18.569332
2 7 16.629079
2 14 1.702444
2 19 8.081344
2 20 1.925271
2 26 3.076364
2 30 13.830807
2 31 14.551906
2 43 15.700693
2 49 17.443674
2 50 15.049198
2 55 16.216560
2 62 1.930310
2 65 5.456168
2 70 12.816058
2 129 17.304381
2 135 1.085502
2 136 10.777958
2 140 13.868461
2 143 1.562538
2 145 8.625756
2 207 18.017063
2 210 13.760643
2 211 5.515509
2 217 17.202841
2 225 7.612597
2 242 17.213549
2 277 6.679929
2 294 12.216085
3 4 8.541861
3 9 6.221676
3 12 17.844594
3 26 4.564280
3 42 2.611420
3 45 7.496612
3 46 14.635144
3 64 16.341201
3 77 19.976124
3 80 6.630879
3 94 8.750897
3 214 3.599604
3 224 11.922567
3 256 19.954021
4 5 14.316739
4 6 12.309044
4 8 8.455013
4 10 18.390676
4 18 10.441415
4 23 3.552971
4 25 7.942191
4 36 2.276167
4 37 4.837602
4 56 1.335707
4 58 9.612318
4 66 13.056265
4 76 7.522557
4 96 8.987254
4 102 19.224976
4 103 15.287299
4 104 11.276276
4 108 6.406277
4 109 18.042939
4 115 5.466845
4 119 7.181512
4 128 18.272231
4 134 11.061299
4 144 15.104041
4 146 12.224151
4 168 13.415345
4 169 6.688283
4 174 5.586069
4 181 7.127355
4 206 3.953390
4 227 17.611973
4 255 6.381692
4 273 11.668298
4 283 16.047514
5 11 15.892658
5 15 9.329339
5 34 10.048889
5 38 19.899333
5 87 13.817352
5 97 16.478130
5 131 18.148525
5 150 15.964207
5 180 4.518408
5 181 11.681244
5 201 2.935989
5 204 13.405520
5 280 19.151639
6 7 10.741909
6 8 9.226477
6 20 1.681012
6 21 19.235716
6 24 2.957051
6 39 1.780503
6 52 5.675266
6 54 2.245078
6 98 9.647239
6 130 10.805668
6 133 6.938829
6 154 1.968249
6 167 3.120407
6 170 8.305583
6 194 2.150041
6 195 14.265605
6 218 4.933390
6 236 6.739360
6 291 8.488390
7 12 8.915583
7 18 1.031553
7 48 3.129337
7 81 17.392527
7 99 1.023428
7 106 10.655180
7 132 10.300538
7 135 7.328789
7 187 9.195213
7 254 15.831042
7 262 16.982870
8 11 5.946622
8 29 7.127318
8 57 5.607174
8 140 10.117405
8 208 13.981909
8 236 5.336805
9 14 7.283979
9 16 18.677308
9 36 1.922817
9 73 9.754622
9 103 14.519603
9 175 3.858626
9 187 1.900106
9 220 3.625902
9 230 18.457641
9 234 1.175936
10 13 4.578118
10 17 1.594387
10 21 3.101960
10 32 12.782836
10 35 5.591139
10 41 11.815029
10 47 12.213712
10 49 17.139271
10 64 1.090086
10 78 17.214020
10 86 12.763263
10 95 4.092126
10 96 15.685810
10 121 17.254339
10 261 5.831006
10 272 18.457080
11 85 9.634691
11 165 12.465065
11 226 19.708341
11 275 7.869185
12 13 16.450028
12 22 7.049583
12 30 16.185057
12 44 12.413944
12 47 5.110758
12 67 8.866496
12 73 7.035077
12 84 2.484059
12 126 1.566861
12 127 7.583094
12 141 1.361649
12 156 4.144267
12 227 14.778483
12 257 14.453733
12 268 15.033027
12 269 7.025910
13 25 17.910370
13 32 12.282780
13 34 3.394500
13 92 3.730655
13 112 14.168813
13 141 4.285935
13 209 10.638561
13 221 19.843715
14 28 1.076144
14 45 1.315016
14 54 19.868607
14 56 12.108138
14 60 3.411290
14 62 18.048742
14 100 17.727226
14 110 11.187808
14 217 12.814049
14 276 6.190557
14 293 1.959874
15 40 12.296785
15 83 6.600349
15 133 13.608800
15 154 16.888658
16 17 1.345050
16 22 12.318562
16 23 5.394330
16 24 17.603881
16 28 5.819626
16 31 12.604633
16 33 11.517276
16 173 8.527164
17 27 13.874795
17 74 14.789623
17 93 11.771818
17 131 15.410023
17 240 19.684924
17 294 8.966175
18 29 10.777078
18 39 1.236928
18 63 16.124543
18 138 10.884371
18 207 8.751267
18 213 2.787367
18 243 17.903472
18 267 8.505138
19 41 13.969050
19 69 3.838109
19 72 19.269443
19 159 4.390393
19 164 4.791298
19 185 17.320674
20 33 18.339072
20 48 5.030801
20 71 9.926217
20 88 14.936403
21 57 17.688949
22 110 8.202001
23 157 10.823370
24 46 15.092612
24 61 14.891584
24 74 15.876242
24 124 11.828743
24 161 2.987687
24 222 18.175493
24 277 17.445878
25 44 16.163851
25 203 2.897387
26 40 4.883550
26 65 15.128407
26 67 1.439662
26 143 19.605268
26 186 8.165749
26 198 14.666938
26 280 17.863851
27 51 8.497968
27 60 7.063517
27 68 12.566081
27 72 12.038798
27 77 8.773660
27 86 12.433720
27 123 18.772246
27 137 9.885165
27 156 4.738101
27 157 8.166914
27 200 8.488033
27 237 3.491065
28 37 4.094559
28 115 14.006679
28 184 7.450077
29 42 19.143069
29 53 5.628338
29 61 2.879566
29 82 15.316587
29 91 17.739685
29 101 6.284154
29 124 4.839674
29 153 4.529557
29 158 10.918234
29 231 9.899916
29 256 5.929357
30 142 1.858289
30 237 10.148335
32 105 19.227315
32 111 13.397865
32 118 10.414625
33 59 3.103149
33 126 5.796290
33 186 6.600705
33 241 15.531267
34 53 17.657505
34 155 18.131195
34 246 19.706804
34 278 19.664967
34 297 19.106984
36 253 2.364621
37 59 3.618077
37 258 6.784864
37 264 11.505067
38 79 2.842580
38 189 17.070142
38 192 12.718367
39 78 11.304924
42 98 4.140915
43 51 5.811854
43 106 4.045928
43 114 17.186730
43 121 12.100329
43 152 14.967459
43 182 6.624624
43 257 8.053800
43 296 8.692244
44 138 15.440284
45 58 15.674707
46 50 4.929457
46 55 18.889238
46 70 3.292451
46 79 18.026320
46 155 2.907517
46 160 6.026256
47 93 17.083092
47 249 4.410349
48 188 8.857791
48 285 9.547327
49 52 5.659920
49 116 14.494659
49 144 17.175358
50 151 17.616928
50 177 7.447121
50 262 11.086157
50 289 5.719722
50 293 5.651134
51 80 4.063827
52 260 18.860361
53 199 17.871788
54 75 15.769816
55 104 10.835569
55 114 10.321550
55 122 11.065168
55 123 11.194792
55 129 9.256699
55 151 3.503342
55 197 3.387613
55 235 19.092745
55 284 10.158584
56 90 19.110905
56 142 4.107961
56 161 11.533914
56 179 4.946628
56 199 5.810508
56 239 1.571037
56 240 3.260113
56 266 18.420120
57 66 7.109127
57 111 12.554455
57 136 9.835269
57 163 8.608574
57 191 11.105836
57 242 4.557540
58 105 19.783474
58 273 16.547850
59 84 15.090678
59 94 9.906427
59 238 3.904665
61 83 18.492651
61 92 7.486354
61 107 1.952027
61 177 7.505670
62 125 16.094684
62 248 12.831466
63 76 15.265933
63 228 16.079072
64 69 5.027138
64 71 18.551883
64 291 9.321802
65 108 13.141259
66 100 1.043867
69 81 19.874001
69 176 6.337031
71 176 2.179199
71 235 9.706979
71 274 3.451571
72 97 3.894207
72 149 13.013373
72 190 8.465620
72 218 18.515197
72 243 7.063973
73 89 14.797422
73 137 9.760889
73 153 13.539075
73 171 12.394212
73 174 9.982895
73 272 19.051161
74 90 7.511559
74 107 4.367475
74 167 13.883787
76 91 17.074144
77 164 1.764821
77 179 9.543021
78 85 17.957266
78 87 15.242754
78 127 19.844347
78 175 11.096862
78 234 13.539919
79 99 6.747125
79 118 19.003176
79 162 7.960374
79 275 15.031704
79 295 8.659664
80 254 11.674560
81 117 14.675868
81 196 10.669749
82 120 18.234640
82 251 8.966719
84 158 13.294364
84 249 7.504886
85 95 8.754977
86 278 9.360952
87 89 3.390333
87 252 2.742750
87 279 13.682309
87 286 13.454837
88 120 13.595285
91 128 1.375562
91 166 7.204390
91 182 4.758387
94 195 15.784877
94 212 17.351978
94 230 5.686927
94 247 13.689134
94 268 3.457893
94 287 6.227898
94 290 3.634435
95 130 6.386895
95 183 13.819994
96 101 18.296211
96 109 4.847926
96 122 11.299502
96 232 14.326431
96 244 19.105527
98 125 12.591149
98 244 5.847032
99 113 12.884085
99 149 7.089332
99 150 19.546439
99 165 8.593847
99 168 14.023127
100 223 1.441324
101 205 8.601167
101 241 17.627045
102 148 12.594321
102 224 9.434915
102 284 18.782812
102 290 17.225703
103 112 7.122098
103 219 11.346420
103 270 10.306661
104 117 13.011848
105 139 7.348114
105 196 5.639895
105 205 18.340765
105 210 18.553615
106 145 17.023135
106 238 19.585884
109 116 15.154839
109 147 15.528677
109 229 15.489212
110 139 10.131545
111 193 9.672592
112 163 5.564299
112 189 13.251565
112 261 6.497083
113 178 5.898360
113 239 12.133266
114 132 8.789665
114 172 5.158276
114 233 16.505064
114 248 17.350828
114 279 4.186291
117 152 1.142634
117 171 7.386469
117 172 16.152706
117 185 16.944303
117 288 3.628252
118 183 15.712382
118 245 3.198379
119 216 8.411189
120 246 19.973581
122 178 4.659226
123 147 3.925308
123 162 9.033206
125 191 12.773702
125 296 18.725115
126 222 19.635602
126 266 2.323172
127 146 3.621953
128 166 16.024022
128 226 6.142011
128 232 17.812132
131 281 13.605612
133 201 3.125051
133 221 16.818056
134 299 4.350771
135 219 9.046412
135 245 11.491514
135 292 10.514557
136 282 14.037095
137 208 13.401048
138 160 19.848798
138 298 19.989016
141 215 10.812729
142 265 2.808783
143 148 14.829023
144 198 19.556617
144 282 7.048201
145 159 9.762969
147 212 9.070762
148 194 1.976964
148 265 13.773024
149 214 7.713416
149 250 15.961814
151 169 16.810281
151 203 16.603385
154 184 8.916654
154 229 7.109368
157 173 15.227595
157 258 16.226399
158 170 10.333891
159 180 17.967589
161 216 3.734265
163 202 17.702307
163 213 2.825809
165 247 3.916985
165 298 11.142960
168 188 2.282851
168 220 2.003335
169 190 1.009856
171 264 9.290017
171 274 15.717854
172 206 1.661929
173 200 13.392895
173 252 16.639419
177 193 4.192016
179 209 3.790411
179 283 17.355218
183 225 16.639368
183 286 11.239894
187 192 16.564798
187 253 2.762365
188 259 8.495149
189 215 15.018154
190 255 5.891587
199 269 15.294249
200 260 10.579393
201 202 15.255054
201 271 9.828913
203 204 7.990182
204 250 5.164595
210 231 4.959207
210 233 15.278325
210 281 3.259297
214 285 2.633665
215 223 4.349536
218 251 4.331584
218 287 16.639045
219 289 8.571626
220 228 19.817381
234 276 3.607014
244 263 13.417257
245 288 9.525861
252 292 8.465445
260 295 17.626600
261 263 19.536317
265 270 17.584320
266 271 4.653713
289 299 5.195161
18.121478 10.781672 19.694503 16.328413 16.018175 21.570938 19.210655 5.531555 5.989183 17.031169 14.723842 10.203693 13.373122 20.158206 21.532230 16.224461 12.707390 10.413935 15.438369 11.294992 16.281903 18.533048 6.321584 5.021349 9.245543 22.890230 17.925815 8.439207 22.805279 14.399119 14.521835 23.710839 6.189734 9.303565 16.715427 8.909730 18.590540 9.281846 6.983139 9.139703 13.454681 8.522766 7.693840 22.205638 11.407944 12.215174 6.105408 12.147392 10.296144 17.209701 9.107806 22.767309 23.593332 6.996621 7.148059 7.306529 17.391385 7.439379 22.047646 20.085430 21.396177 15.521211 24.933544 5.883502 13.025299 11.478733 23.972910 16.537219 21.123819 8.406824 24.572683 14.972791 14.873442 24.417695 12.614647 12.950500 16.695054 7.561052 11.421713 8.864166 7.065670 22.322892 16.786623 12.173456 13.173388 13.630380 17.662984 23.535388 23.655592 12.829840 11.585249 14.020930 16.358685 14.236358 18.175068 16.087980 11.414311 11.914616 12.571856 6.892795 8.321253 19.462276 12.781934 9.290779 16.253448 20.110791 10.148447 21.535798 23.550097 16.947891 18.378953 6.051520 23.910398 12.849695 23.478008 16.579550 5.092376 5.770840 18.608376 16.253360 5.530649 19.869199 22.042907 14.928350 14.315149 5.109462 20.732994 11.614321 22.575272 12.461212 16.301558 10.406836 8.211766 20.498158 14.931810 15.729758 24.308319 24.271598 22.112842 8.752186 16.885454 22.562948 12.489279 7.022123 21.219258 14.635271 16.287854 24.642886 17.144229 13.499588 12.399687 13.352386 7.367982 20.895011 21.754337 10.687943 11.075932 22.486685 5.479407 15.409149 14.273514 18.802535 8.267834 18.366615 12.534680 17.374296 5.801900 14.234544 15.445018 9.286528 7.792473 8.769486 11.882822 6.936203 23.946396 13.099881 21.179392 24.488342 6.614706 18.033389 22.428182 17.684689 13.580522 13.621527 5.717978 15.692015 24.870860 24.174151 5.807985 19.115940 11.035297 23.059783 5.902295 23.717482 21.749515 7.350088 6.196487 21.694153 8.115153 15.697963 23.314897 16.348962 12.944666 13.900321 6.262343 24.375046 11.213084 8.787270 10.720946 24.287464 6.885721 22.346061 19.156878 21.600384 24.517951 21.843093 23.867647 7.538705 20.915771 15.913514 15.869912 22.978432 24.436076 19.096766 14.658768 14.128077 12.726829 12.231981 12.830137 6.795065 6.548722 20.597397 13.921458 23.613690 17.244420 5.703520 8.150467 9.116396 24.514720 9.374085 15.315114 23.723539 24.543855 9.727209 5.982353 8.072037 6.266570 8.902485 16.371394 23.248976 15.744378 17.519791 9.037345 21.011672 17.355778 22.282737 23.976862 11.958016 6.811581 9.518579 13.756831 23.913873 12.566196 20.415464 15.809534 8.656175 11.414682 18.063838 18.457068 13.695195 9.572912 19.438136 8.377461 23.733394 8.758072 7.146247 14.952954 15.390992 15.163858 13.733350 24.896298 14.725612 14.558932 13.435321 6.336515 16.859133 9.559355 17.752180 6.016669 24.627742 14.380102 22.935107 14.511223 6.206616 21.444271 17.963675 20.635141 13.563397 17.758735 22.124580
20
39
0 2 5.747119
0 3 7.702938
0 8 8.384553
0 10 7.744176
1 4 3.590694
1 7 2.060595
1 10 3.145047
1 12 5.525874
1 15 5.547492
2 6 6.243799
2 12 4.555917
2 15 8.082022
3 13 9.218384
3 14 3.220525
3 17 7.628709
4 6 7.101747
4 8 5.707814
4 18 2.696772
5 9 8.157090
5 12 9.645637
5 14 7.496527
6 11 9.260740
7 10 9.857667
7 15 4.168456
7 18 6.744012
7 19 5.265395
8 12 9.879659
8 14 1.844270
9 19 4.711374
10 13 8.879851
10 14 3.556462
11 13 8.090136
11 14 4.445048
12 13 9.819807
12 19 8.951769
14 17 3.711883
15 18 7.931738
16 17 4.031709
16 19 6.457266
404.532944 453.679167 222.431776 278.641240 419.880718 377.259977 357.753049 231.266171 315.438298 463.876587 224.281996 329.270542 486.867370 230.022765 430.733878 289.398696 464.309876 429.689065 469.794578 277.425442
