400
797
0 1 3.013542
0 2 6.058107
0 11 2.046741
0 12 15.043731
0 13 16.420311
0 20 19.692387
0 24 4.276801
0 48 18.353788
0 95 3.040033
0 100 2.491561
0 118 3.620110
0 137 6.426750
0 141 3.468667
0 146 8.798332
0 165 16.517129
0 198 1.118670
0 226 17.091332
0 256 18.802409
0 273 2.008755
0 275 3.729832
0 278 13.132604
0 290 5.117308
0 306 10.289538
0 342 9.434418
0 388 3.564695
1 2 8.056200
1 3 10.366547
1 12 19.920523
1 15 8.218870
1 16 15.433422
1 21 4.061680
1 32 18.986264
1 37 3.021830
1 126 9.599023
1 128 14.309794
1 167 8.862310
1 200 17.515148
1 291 10.384822
1 310 13.425555
1 389 4.735921
2 3 17.629479
2 4 19.188886
2 5 2.618643
2 6 8.160020
2 17 8.270598
2 21 7.082885
2 23 5.796290
2 31 17.459311
2 34 5.274116
2 53 17.563520
2 54 3.130205
2 61 11.645526
2 79 5.453987
2 116 2.124067
2 139 19.051337
2 163 12.513409
2 176 10.504100
2 206 5.501083
2 207 2.180749
2 215 18.892080
2 258 9.084070
2 285 4.643870
2 293 9.140698
2 317 3.014490
2 349 14.644277
3 4 13.376652
3 5 8.116262
3 6 7.647025
3 7 3.322440
3 8 2.806362
3 9 10.641740
3 14 2.179060
3 15 13.328363
3 38 3.961490
3 42 1.374322
3 47 18.545112
3 56 10.516024
3 58 1.961797
3 67 2.334444
3 69 8.150860
3 91 6.411921
3 97 8.950671
3 99 13.331577
3 127 1.844999
3 139 9.945327
3 162 1.700303
3 177 3.126399
3 185 14.051977
3 189 18.027922
3 190 10.430901
3 206 8.238524
3 251 11.082357
3 270 11.632532
3 272 10.724370
3 336 7.867851
3 341 14.593951
3 360 4.643315
3 383 5.854793
4 19 7.991890
4 22 16.282803
4 26 16.553632
4 28 14.316931
4 37 17.556410
4 39 17.296892
4 47 1.721387
4 52 6.640360
4 56 18.639738
4 60 12.200924
4 87 4.550671
4 104 18.664181
4 187 18.482124
4 237 11.350611
4 338 7.919303
4 378 8.799405
5 7 3.427974
5 8 5.215447
5 11 18.609230
5 27 18.109979
5 29 2.520596
5 36 13.450744
5 45 6.436141
5 59 9.934151
5 63 19.786472
5 64 19.592346
5 65 12.137702
5 122 1.631972
5 128 6.694497
5 135 19.792298
5 138 2.753834
5 168 8.793251
5 186 12.495220
5 193 8.818220
5 214 19.829590
5 267 9.498290
5 291 14.855943
5 310 6.330563
5 384 5.652296
6 18 12.909800
6 43 17.222829
6 76 13.064317
6 106 5.726824
6 113 14.286353
6 146 18.969532
6 210 2.518028
6 211 2.748241
6 275 13.930854
6 301 16.962388
6 315 9.207365
7 10 9.687336
7 13 3.952686
7 20 6.729742
7 27 18.635377
7 31 1.320490
7 40 17.424969
7 49 6.070078
7 86 18.784864
7 101 11.824469
7 103 6.877824
7 134 15.680014
7 144 10.577612
7 152 2.586988
7 156 18.381345
7 165 3.066326
7 198 12.558543
7 259 2.524201
7 274 19.738154
7 283 8.714339
7 288 2.538918
7 292 3.281722
7 299 16.752214
7 318 13.333439
7 368 7.466065
7 381 3.379657
8 9 2.387779
8 10 6.469903
8 14 4.091274
8 35 4.833050
8 38 1.173067
8 58 8.632619
8 106 5.563088
8 138 15.287896
8 179 16.271636
8 196 4.276046
8 247 8.633254
8 282 12.348362
8 289 5.685349
8 327 9.934621
8 377 10.382715
8 397 9.955250
9 17 18.551235
9 18 10.066998
9 66 5.366220
9 112 19.433071
9 174 9.859369
9 224 15.234977
10 16 19.395463
10 30 9.916951
10 49 8.141552
10 71 10.003531
10 102 16.291013
10 231 2.994901
11 35 8.962511
11 84 13.204889
11 126 3.769422
11 375 4.563163
12 23 11.619817
12 46 1.807829
12 140 8.164750
13 39 6.722501
13 50 11.566778
13 74 5.746388
13 94 9.423118
13 132 9.337767
13 166 8.131389
14 25 8.155610
14 30 6.732188
14 46 16.056615
14 54 15.115771
14 74 5.384310
14 92 2.594202
14 123 14.096195
14 161 3.164103
14 179 8.178760
14 213 16.053184
15 25 5.241055
15 44 18.325019
15 55 11.788922
15 65 3.677770
15 72 8.934499
15 212 3.960136
15 218 12.651463
15 223 17.170272
15 309 18.380361
15 338 11.450134
15 396 15.500270
16 136 10.031803
16 171 7.346839
17 19 3.329534
17 33 10.651269
17 36 7.893963
17 91 2.656655
17 121 2.682756
17 281 9.713732
17 341 1.222888
17 385 16.528059
18 29 4.327521
18 41 11.230504
18 59 5.037764
18 61 15.338421
18 62 19.295295
18 69 4.347097
18 82 11.166770
18 83 10.453088
18 125 2.938892
18 157 10.440616
18 160 6.125205
18 190 8.621879
18 285 10.014456
18 316 9.610872
18 363 18.287872
18 370 11.524210
18 373 12.934450
19 26 10.165307
19 75 15.420954
19 85 2.904949
19 158 18.837970
19 227 8.825423
19 254 13.143412
19 263 16.789794
20 63 4.597898
20 73 15.077211
20 333 18.023176
21 22 16.822975
21 90 18.456100
21 170 12.816138
22 28 17.360102
22 41 12.710227
22 48 13.244211
22 53 7.655681
22 57 4.852661
22 88 2.091516
22 157 18.887049
22 173 19.165934
22 196 6.513298
22 227 18.883993
22 288 14.776193
22 295 3.431392
22 308 2.066635
22 313 16.856973
22 339 11.431172
23 24 15.986183
23 33 9.507515
23 34 9.208459
23 281 15.649671
24 44 17.434846
24 62 1.445588
24 124 14.451797
24 150 9.042378
24 153 1.840869
24 188 1.890832
24 355 1.537102
24 382 18.509191
26 32 15.365073
26 40 7.927547
26 42 2.438911
26 133 6.635454
26 143 17.547105
26 167 12.237524
26 276 9.915336
26 287 15.181595
26 328 1.547490
26 352 8.277790
28 68 9.717970
28 89 10.533451
28 100 8.459958
28 117 4.675141
28 224 5.329134
28 239 12.979173
28 279 14.961008
28 289 16.120566
28 371 3.685443
28 377 13.532708
29 111 16.747930
30 43 13.775762
30 57 3.974151
30 105 4.638292
30 119 13.793874
30 286 3.341997
30 323 8.859443
30 359 7.554322
31 50 8.230461
31 132 2.251391
31 360 19.426186
32 76 2.418788
32 97 4.111900
32 98 16.155162
32 101 1.476068
32 229 6.612401
33 77 1.918631
33 117 8.348603
34 60 15.071845
34 204 15.365166
34 226 6.874684
34 228 18.188074
35 279 19.831151
35 363 12.282178
36 80 14.552407
36 123 14.322539
36 155 12.998074
37 81 4.044871
38 45 6.803231
38 51 6.473006
38 72 10.415388
38 96 13.471005
38 116 15.333095
38 142 2.727800
38 192 2.682002
38 251 8.939737
38 266 5.815777
38 280 2.948053
38 392 8.232935
39 142 13.423256
39 185 14.981736
39 349 19.261990
39 398 7.033198
40 129 6.344539
40 130 3.934946
40 222 15.288292
40 372 1.918189
43 66 15.512751
43 82 4.935120
43 89 12.325277
43 140 12.546802
43 174 3.021745
43 221 15.256502
44 51 3.176962
44 73 14.849785
44 94 10.640778
44 137 8.658475
44 144 8.353808
44 267 19.019737
44 378 10.213925
45 52 17.951379
45 129 16.141792
45 201 9.460272
45 322 18.544060
45 350 16.695674
47 111 9.129724
47 203 7.489712
47 257 1.873566
47 336 5.741887
47 395 5.262569
48 67 3.519814
48 68 1.413737
48 71 10.490942
49 107 8.409819
49 131 16.706170
49 163 14.753616
49 387 19.101290
50 314 11.507397
51 81 17.195761
51 84 9.058282
51 107 18.877025
51 169 1.900099
51 184 2.744235
51 220 1.468335
52 105 10.780000
52 120 10.907982
52 156 14.965549
52 254 16.474761
52 340 4.808389
53 55 16.490645
53 78 4.974902
53 154 10.004754
53 172 13.213716
53 304 15.310972
54 80 1.883542
54 115 15.636234
54 175 16.027217
55 191 1.733925
55 345 16.102933
56 85 14.716923
56 113 15.554825
56 283 16.789824
56 287 2.566125
56 346 1.206386
57 64 8.573292
57 70 4.629469
57 122 11.445396
57 172 18.243079
57 262 16.643007
57 320 13.600477
57 325 3.874714
58 70 10.457438
58 114 6.607168
58 134 12.632534
58 152 9.732297
58 175 4.796051
58 189 3.125423
58 274 13.099183
59 88 19.832656
59 131 18.662541
59 149 8.709323
59 168 15.279033
59 232 1.177450
59 238 18.469108
59 244 3.478133
59 297 12.059754
60 108 13.321334
60 236 1.754640
61 78 12.102149
61 200 18.983230
62 120 14.158851
62 177 1.733282
62 210 13.790382
62 367 3.624787
63 75 6.658791
63 133 9.709436
63 148 15.066433
63 313 5.299731
63 334 4.387854
64 79 5.832243
65 86 14.054098
65 102 1.372468
65 353 15.604616
65 362 14.279403
65 394 7.507559
66 164 19.234812
66 195 11.450641
67 96 9.479328
68 77 7.653796
68 103 4.931851
68 354 4.457479
71 83 12.606889
72 149 1.901247
72 153 5.593950
72 154 15.617209
72 180 5.524251
72 369 1.307334
73 158 17.263909
73 159 2.816042
74 108 18.701973
74 225 12.508801
74 242 4.772490
74 292 14.092797
74 322 12.714085
74 332 15.401159
75 92 15.854144
75 124 6.200895
75 272 2.467270
76 148 17.621082
76 173 5.182411
76 202 8.393089
76 265 18.649805
76 328 8.961298
76 389 9.697159
77 93 17.314283
77 316 15.074130
78 119 14.863678
79 298 12.543447
80 162 6.868624
80 209 15.667644
80 276 8.536963
81 182 6.661850
82 353 5.250610
83 118 7.675475
83 290 13.196668
83 337 13.590561
85 95 17.908931
85 98 14.904753
85 104 19.155406
85 229 18.563963
86 87 12.936649
86 245 3.493116
87 240 16.017284
89 90 4.845489
89 127 9.338992
90 109 13.532921
90 171 1.627837
90 219 13.164835
90 284 4.157726
91 115 2.600648
91 180 13.527782
91 181 5.866855
92 93 18.946261
92 141 11.730192
92 160 1.451437
93 99 12.372115
93 202 8.819793
93 268 16.395281
94 110 1.048812
94 392 19.737079
96 253 13.093253
96 255 10.866402
96 390 3.436630
97 395 3.523884
98 176 4.574988
98 252 13.214798
98 269 12.578392
98 315 15.996655
98 399 10.496347
99 110 13.651429
99 231 14.671479
99 308 18.926089
100 192 6.933728
101 130 11.585449
101 136 12.499382
101 155 17.817982
101 188 14.801215
101 262 11.298988
101 317 1.000388
101 333 4.987127
102 143 2.996028
102 314 12.778687
103 186 5.192984
103 242 18.740972
105 236 8.732043
106 109 10.058721
106 204 2.061469
106 284 1.467540
106 376 4.376754
107 150 6.065860
107 184 8.580654
107 208 12.733801
107 215 16.090085
107 248 9.514459
107 381 3.396423
108 112 12.329417
109 216 11.006916
109 357 1.752331
111 166 8.423014
111 243 17.762208
111 361 5.440455
112 164 19.527268
112 234 1.227486
112 237 19.593323
113 114 15.926560
113 230 10.992459
113 233 3.836461
114 125 12.315447
116 194 1.709329
117 347 4.126706
118 195 12.188775
119 121 14.587197
119 147 13.837702
120 216 11.006838
120 268 3.990321
120 270 8.044530
122 182 19.975066
122 197 2.037268
122 340 12.892881
123 212 1.137299
123 364 9.877738
125 169 6.859011
125 220 2.567346
125 261 13.388992
125 294 12.990375
125 305 17.120556
125 326 14.765776
125 393 16.935670
126 222 9.137072
127 253 1.664360
128 366 8.894377
130 135 1.641507
130 194 14.744661
131 145 17.451237
131 151 11.200441
131 217 4.673065
131 235 1.354902
131 391 8.724194
134 247 15.933955
134 331 16.508162
137 159 17.849552
137 170 5.864121
137 211 12.133534
137 235 14.902489
137 240 8.607179
138 147 14.770436
138 197 10.190846
138 239 8.890156
138 321 12.370960
138 376 4.383661
139 223 5.783995
139 232 10.214763
139 238 6.599627
139 345 12.931569
140 348 10.971540
141 145 9.826053
141 178 2.447408
141 330 3.257799
141 385 11.769468
142 151 16.020866
142 178 13.315884
142 181 17.927941
142 249 13.848889
142 373 5.571496
142 379 7.764846
143 221 15.272827
143 249 13.336028
143 372 16.526683
144 207 14.979900
144 386 4.839064
145 191 10.371669
145 263 14.589496
146 246 10.367264
146 359 6.354741
146 368 2.186646
147 304 6.156544
148 183 17.709242
148 255 2.905699
149 382 8.124749
150 271 16.835916
152 201 4.075740
152 244 10.838784
153 161 14.137795
153 234 9.036118
153 383 11.913896
154 245 12.528930
154 257 2.524843
154 301 15.500697
155 356 10.409020
155 357 2.615021
157 295 3.367894
157 319 15.508070
157 352 1.998007
158 203 18.483568
158 217 13.994604
158 278 15.208377
159 214 12.087443
159 250 12.978105
160 299 10.885414
161 228 7.306377
162 187 12.809900
162 277 14.299651
163 364 17.762195
165 199 12.257796
167 241 6.640850
167 335 7.263292
169 205 5.312278
169 230 18.396313
169 334 9.505788
170 209 5.937669
173 199 16.539203
175 213 12.488816
175 256 15.523290
175 320 15.130068
175 365 11.012392
176 205 15.540044
176 335 3.927285
177 219 6.263078
179 183 7.034900
180 250 12.162455
180 332 7.368588
181 273 1.070387
182 355 4.792877
183 300 4.857783
184 306 10.534039
185 365 2.129111
186 397 6.863167
187 252 2.131059
187 374 12.617131
188 302 3.873820
189 193 17.881439
189 208 14.964938
189 218 18.095201
189 396 16.973711
190 298 3.538363
191 261 9.913646
191 265 4.709069
191 271 17.666375
193 326 13.244869
193 394 5.815385
194 241 14.387747
194 362 1.743153
195 300 13.522664
197 296 2.762049
198 225 16.969492
198 243 10.243893
199 343 17.913435
200 386 2.036196
200 387 2.877999
202 260 2.305888
203 259 2.819202
204 264 8.990460
205 233 2.472001
207 344 8.075186
207 351 9.178758
209 264 9.052569
210 305 6.456083
212 269 6.049251
212 297 4.878365
213 246 12.408669
215 348 10.000734
220 321 19.162909
221 286 3.477196
225 258 13.753346
225 324 1.839920
225 390 13.017093
226 343 17.654474
228 307 1.701266
229 307 5.265831
229 356 17.574554
229 393 2.087615
232 260 15.640542
235 388 8.711074
236 248 15.070354
238 312 6.692462
239 277 12.452422
242 361 17.887248
243 358 5.986522
243 380 18.545267
244 311 6.157506
246 339 9.968569
246 346 8.846151
247 266 12.022719
247 282 15.730791
247 318 12.391638
247 350 4.703704
247 351 1.345069
253 319 7.651783
256 329 19.757073
256 347 4.779446
259 294 10.148997
259 366 3.869903
262 296 14.011387
262 323 10.930386
263 280 15.249552
263 331 1.033401
263 344 14.742383
264 302 12.741534
272 303 13.126101
272 327 12.066757
272 330 18.959361
272 337 5.853028
272 398 5.852557
274 324 14.191107
277 293 4.209959
279 312 9.965407
286 309 18.755084
289 325 4.700553
291 379 6.800511
293 370 5.159789
294 311 12.595367
296 367 5.169126
298 399 9.846689
301 303 3.349130
303 384 5.308414
309 358 13.242372
310 329 11.218497
315 354 15.247340
320 374 16.728909
335 342 12.533747
343 371 17.135325
346 375 19.131214
346 380 17.055975
349 391 14.488395
351 369 5.432480
22.789029 6.853651 6.228425 8.505790 7.735158 17.277592 15.286987 24.449989 15.581635 14.245365 7.250376 11.574992 6.779337 15.223304 9.234225 17.179736 7.764927 21.890711 6.375480 19.974183 17.192594 22.891913 16.418512 18.535741 11.689382 14.898834 20.996968 19.178228 16.995615 5.876145 17.480603 11.610783 16.927967 21.382573 7.905428 21.705935 14.601527 15.380104 22.414156 8.927674 16.208666 16.402733 18.779273 7.067805 14.686883 24.920743 22.155300 20.630581 8.113358 24.424689 18.115062 10.909113 5.354724 21.766703 19.482238 24.756871 19.733857 21.735709 6.858608 8.320674 10.340153 20.686471 19.601293 5.245935 13.140329 7.774286 23.325040 6.446009 6.855307 8.833139 12.339416 7.379006 8.117407 7.244792 5.601126 23.962558 22.585797 23.239570 21.860136 5.632637 9.480368 9.932228 14.785578 21.521550 15.760708 5.408541 24.262652 21.828987 15.784482 15.149226 14.600814 15.413328 23.945972 11.576016 7.492363 16.524000 7.165669 8.351039 20.624577 10.218056 19.037449 14.314861 5.829516 15.209646 14.038613 17.054660 11.969514 20.748771 15.441872 21.629047 6.928523 21.039288 6.327513 11.467081 8.528523 9.213635 17.953470 16.407332 21.945790 17.595874 11.452582 14.600328 7.389247 5.378395 10.075430 20.294979 24.956496 11.962570 12.953076 14.245961 15.709433 10.302181 18.533416 10.030069 6.822572 16.176365 9.114635 22.229759 24.554515 12.826679 9.949555 13.474493 10.338677 15.386973 13.828796 13.981193 13.991439 7.166018 5.957377 13.502688 23.118776 24.259532 16.624608 17.887767 11.053396 18.610949 17.802471 21.495687 15.220545 12.349449 19.255826 24.103698 12.524318 12.643446 21.780071 24.632178 20.507047 13.946029 12.182001 21.137061 14.693438 16.190293 16.112215 6.125859 21.221694 17.936273 11.208473 5.092314 19.259300 19.209792 23.478773 18.088340 9.447100 6.743383 21.712061 20.309747 13.315499 21.191557 22.701281 13.370684 6.280922 18.542029 10.333849 17.139486 23.158890 5.498290 15.782508 22.807235 14.671183 11.408726 14.212676 24.639756 11.522301 5.139238 24.359921 23.201825 5.528286 15.822691 14.185832 17.829238 20.759223 10.756863 19.228223 15.446454 18.070876 5.088818 11.388088 19.196795 16.697723 22.064371 6.392021 18.444798 15.595966 23.320597 15.753889 5.676658 19.807723 17.832035 17.223476 17.431941 11.314964 8.878000 15.610960 7.969119 13.588549 22.798745 12.484405 5.738987 17.617784 10.411847 22.316675 7.262798 18.748117 7.588437 9.163751 7.528887 7.114046 6.664820 16.773115 5.660730 11.725483 14.458506 22.275911 23.885225 22.359301 9.243516 5.111972 22.628744 13.384677 24.918681 8.164912 13.644080 15.732526 14.237348 10.467889 23.848758 13.326768 19.937939 19.724799 19.791925 24.657903 5.239779 6.439361 9.185816 19.459564 23.915208 13.762066 5.486404 20.505056 5.091321 15.994828 8.635708 6.017549 11.191280 12.411193 22.061483 15.330632 14.948830 6.727601 6.250887 21.620934 11.078815 11.055018 10.863531 18.227810 17.258295 18.327099 14.187951 20.507366 5.954950 14.204774 24.054867 12.057201 15.284218 10.442250 5.234452 18.227819 8.525362 12.647064 12.113685 13.672327 21.371002 5.287502 7.589695 19.060724 6.030742 21.848236 8.486656 18.570061 16.194737 22.703799 5.038631 20.166897 7.022192 20.379552 22.689740 22.682264 7.832887 17.401826 21.733930 19.920251 23.583960 18.695857 12.494257 6.476403 8.362026 14.660277 19.420437 10.928309 11.136347 7.249064 11.304202 12.929590 8.852536 20.276298 17.433642 22.073723 7.726429 16.331431 5.492690 17.792012 13.314288 10.381797 21.435109 11.965235 21.947926 18.627473 11.244206 11.640401 9.784739 15.005913 14.634620 9.398407 17.053839 16.681564 11.053028 19.632231 16.775152 7.693695 6.282316 23.275201 7.686400 16.077198 19.584978 11.902912 16.989168 13.992266 11.698462 21.751671 8.370604 6.518088 22.952980 23.920655 21.660091 22.013839 10.082416 17.723075 6.566577 23.850149 8.492814 7.529721 8.067174 14.426935 22.482945 18.439145 10.380620 9.592902 9.596922 15.889222 17.633607
26
76
0 5 7.484381
0 6 9.440115
0 9 5.065543
0 11 6.235599
0 18 1.273860
0 19 8.700016
1 2 7.330915
1 15 8.870763
1 16 1.328682
1 17 5.783072
1 20 2.964425
2 3 2.998078
2 7 6.040536
2 8 1.559771
2 10 1.009514
2 11 9.953799
2 15 3.929120
2 20 1.043816
2 25 6.233987
3 5 2.052741
3 10 7.602505
3 14 2.331504
3 16 7.057968
3 18 2.799402
3 22 1.445634
3 24 9.992899
4 6 4.791618
4 7 5.799834
4 9 9.286234
4 17 3.531999
4 18 1.859372
4 24 3.171830
5 11 3.007895
5 14 8.206491
5 21 7.714217
6 9 1.460833
6 12 1.462855
6 17 8.075974
6 18 4.139489
6 20 1.744659
6 23 2.902147
7 8 3.714337
7 13 4.992254
7 14 9.866972
8 12 1.309337
8 13 2.796344
8 20 5.199692
9 15 5.365574
9 16 9.166539
9 17 9.327274
9 18 2.692669
9 22 4.346722
9 23 6.319608
10 18 5.607313
10 20 5.258038
11 19 7.167878
12 15 8.998394
12 20 4.781386
12 22 2.871285
12 24 6.319459
13 14 5.803132
13 20 7.890301
13 24 7.641079
13 25 8.243253
14 17 6.317149
14 19 3.574185
15 16 3.877913
15 21 8.024233
16 24 5.813889
17 23 8.680144
18 22 5.736825
19 25 1.138610
20 24 4.101715
21 25 7.818999
22 23 3.173885
22 25 4.980233
391.759174 503.898054 428.066312 415.067737 223.272084 382.334266 256.626568 485.293612 317.903605 238.209343 344.955908 425.577245 403.988797 398.910246 464.053803 440.882596 457.830912 333.108019 419.685638 224.421186 423.172775 417.686173 445.568590 414.773675 398.678804 305.424854
