400
797
0 1 8.137400
0 2 1.727064
0 3 8.321893
0 4 1.491132
0 5 11.224981
0 8 15.323075
0 14 18.976527
0 15 4.520048
0 19 15.312459
0 26 19.118811
0 27 5.568839
0 28 16.574761
0 29 13.694623
0 43 12.188926
0 52 18.449979
0 59 10.456579
0 61 17.378006
0 69 11.540594
0 72 10.051582
0 79 13.390037
0 92 19.988802
0 103 16.929522
0 105 7.121246
0 109 3.538537
0 126 4.394448
0 146 15.774835
0 153 14.750827
0 160 3.642009
0 196 4.408948
0 200 14.825268
0 209 8.902696
0 263 8.246778
0 273 4.092436
0 307 14.690172
0 324 4.293861
0 325 17.424291
0 333 13.788063
0 360 14.213773
0 389 4.477486
1 2 16.174081
1 10 13.075006
1 15 1.229302
1 21 12.886726
1 25 1.601925
1 39 5.149763
1 49 17.481236
1 51 8.703711
1 55 6.205650
1 56 18.167406
1 58 14.559481
1 62 7.354640
1 83 15.705696
1 95 8.736385
1 116 11.203325
1 149 19.043081
1 155 7.074299
1 170 3.441333
1 179 18.814585
1 218 18.132969
1 243 4.644711
1 291 4.405759
1 346 17.411665
1 364 19.076212
1 399 15.909009
2 3 1.685754
2 6 3.507658
2 13 7.732321
2 32 7.932948
2 77 11.686909
2 89 16.138627
2 98 14.959833
2 107 17.842233
2 124 7.264762
2 125 7.724122
2 166 10.188805
2 168 19.367555
2 308 4.496198
2 340 11.612322
2 352 11.179613
3 4 8.874934
3 5 4.002759
3 6 19.591097
3 7 16.255840
3 9 7.464824
3 11 7.674756
3 16 4.523277
3 17 11.262896
3 21 1.911587
3 23 3.448066
3 47 1.722546
3 48 15.567191
3 57 11.241984
3 62 12.753348
3 63 1.278776
3 64 15.485569
3 67 15.334756
3 68 1.266524
3 81 3.262666
3 86 6.722080
3 113 11.857436
3 114 14.703019
3 116 16.668765
3 119 11.531065
3 122 19.159584
3 157 14.487534
3 169 10.046038
3 177 7.933993
3 182 6.531510
3 184 1.445187
3 193 8.507953
3 195 7.627190
3 220 2.157709
3 230 5.909006
3 237 8.703880
3 256 8.663651
3 266 3.269507
3 286 3.034754
3 306 16.081361
3 318 9.993223
3 319 10.274505
3 335 6.504650
3 377 19.344435
4 14 7.668824
4 20 4.391649
4 27 15.432468
4 39 17.622489
4 64 3.992484
4 112 18.049412
4 138 1.844430
4 180 9.177512
4 216 2.593012
4 301 14.046253
4 354 4.493558
5 8 14.389086
5 12 2.603632
5 16 5.955430
5 31 4.177581
5 85 11.932041
5 334 12.606315
5 348 1.064163
6 7 7.795351
6 9 7.925591
6 13 6.866530
6 17 7.113755
6 18 12.722770
6 26 12.399282
6 33 3.389569
6 41 6.854889
6 58 19.247838
6 63 9.259053
6 87 7.112214
6 123 15.043215
6 143 8.704135
6 205 12.756516
6 258 10.673692
6 269 18.846212
6 334 3.011626
6 364 8.357531
7 12 3.004409
7 22 16.140900
7 54 3.680776
7 74 1.711837
7 92 13.509329
7 137 9.156948
7 182 2.293709
7 199 4.920239
7 300 5.809814
8 18 19.845814
8 24 4.260946
8 30 11.241638
8 33 8.099990
8 35 14.113871
8 37 7.076986
8 44 11.735310
8 53 2.219315
8 70 14.228917
8 76 19.140544
8 79 10.982735
8 80 12.366766
8 94 1.436938
8 126 13.792802
8 144 1.855628
8 197 3.000265
8 198 16.120949
8 238 19.255909
8 332 7.642968
8 333 17.604836
8 345 13.614044
8 373 14.428313
9 10 16.173595
9 45 4.385590
9 53 13.715958
9 60 2.735368
9 90 4.359976
9 128 15.014394
9 139 3.254267
9 291 19.670049
9 313 5.150377
9 371 8.531015
9 379 10.833090
10 11 4.525711
10 29 5.689217
10 34 7.540677
10 41 4.041009
10 54 4.622840
10 70 18.869758
10 130 13.640115
10 245 17.164111
11 40 6.807094
11 56 16.340496
11 68 18.005352
11 121 8.111067
11 190 9.463064
12 20 9.581966
12 22 16.937163
12 69 19.378336
12 71 4.906599
12 166 5.720832
12 210 15.609554
12 213 10.516326
12 230 5.690342
12 313 2.992078
12 368 5.359240
13 88 5.345298
13 140 17.586654
13 218 10.879797
14 19 16.154779
14 42 18.216835
14 74 14.719957
14 175 15.332946
14 205 11.910851
15 40 1.889403
15 81 12.158669
15 99 5.555165
15 118 13.127965
15 285 15.813446
15 325 19.759421
15 381 3.338936
16 113 16.212648
17 36 2.290102
17 37 15.847861
17 43 9.328131
17 46 18.208939
17 82 12.897739
17 141 2.298101
17 206 4.125315
17 253 19.859779
17 257 13.156480
17 314 15.883634
17 329 4.556236
17 350 6.918767
17 361 17.973837
18 47 15.855530
18 91 8.111108
18 121 2.803338
19 48 8.657965
19 97 1.997127
19 102 11.064910
19 118 15.688484
19 141 15.616060
19 371 9.831888
20 28 8.326559
20 32 6.527117
20 46 19.513255
20 104 13.156681
20 110 13.441131
20 142 12.910199
20 235 14.700917
20 254 7.874676
20 287 19.512646
20 294 8.550253
20 305 8.844650
20 317 8.220320
20 319 2.677281
20 393 7.728066
20 397 2.047503
21 25 2.976211
21 35 4.566476
21 55 5.129580
21 86 7.970851
21 96 3.075526
21 262 17.282100
21 274 4.993034
21 314 13.348890
21 336 13.260258
21 375 8.706775
21 377 14.785919
22 23 8.377001
22 67 3.349336
22 93 17.847468
22 131 1.331378
22 162 1.451939
22 183 7.869373
22 296 17.095899
23 24 7.325819
23 34 14.060779
23 167 11.621388
23 229 1.910537
23 277 19.850057
24 31 7.809646
24 76 9.831107
24 82 7.484629
24 95 4.396721
24 104 16.137673
24 107 18.360988
24 135 6.352750
24 273 18.905849
24 338 6.244036
24 353 2.103474
25 57 2.251826
25 125 16.716616
25 153 17.808653
25 211 19.218027
25 227 2.281523
25 282 15.989246
25 340 17.297803
26 105 13.170456
26 254 6.352311
27 120 4.745939
28 30 6.982842
28 129 8.215117
28 306 2.449125
29 72 10.421169
29 87 15.052603
29 98 14.205027
29 101 17.852895
29 110 5.647546
29 191 4.696627
29 232 1.997047
29 268 19.563344
29 327 9.520396
29 382 15.871652
30 165 14.927073
30 311 18.172239
30 388 9.051344
31 42 18.520440
31 80 13.131032
31 139 9.783271
31 249 18.764485
31 266 13.319914
32 38 10.464511
32 49 18.707600
32 50 9.342489
32 115 7.040905
32 227 17.835505
32 292 1.576679
33 108 12.570682
33 152 13.529570
33 159 7.386751
33 201 4.632090
34 36 17.324698
34 45 5.485417
34 148 1.711559
34 151 18.132572
34 164 6.503499
34 178 12.652386
34 236 3.322103
34 259 9.081802
34 288 11.483501
34 289 19.087924
34 298 12.569811
34 344 12.774803
34 391 10.719672
35 50 11.822784
36 136 7.287005
36 147 6.583002
36 367 7.482594
37 38 1.746945
37 51 4.791126
37 91 13.097540
37 167 7.769101
37 223 17.901752
37 307 1.644473
37 342 3.646874
37 357 13.380059
37 372 14.281230
38 151 11.643518
39 365 6.245069
40 103 17.302085
40 160 16.012835
40 204 14.017231
40 219 17.542101
40 269 2.083956
41 59 14.613814
42 44 19.347467
42 93 10.427210
42 127 2.514979
42 158 12.524962
42 161 9.425866
42 194 7.821836
42 198 12.336389
42 231 5.980641
42 234 16.064262
42 261 12.911196
42 326 17.647806
42 386 3.540363
43 60 15.320968
43 119 19.107326
43 155 11.962091
44 235 4.975859
45 94 11.180257
45 114 7.364597
45 124 14.832208
45 202 14.064059
45 222 18.749559
45 369 15.437894
45 370 18.763455
46 52 18.904412
46 66 7.807227
46 78 13.900446
46 241 19.894680
46 259 4.437538
46 289 2.430969
46 399 15.853543
47 102 10.906903
47 187 13.768311
47 297 5.223461
48 65 6.116676
48 117 1.799958
48 398 16.428752
49 89 8.950549
49 271 14.905941
50 108 2.854989
50 127 18.266565
50 138 8.308701
50 147 13.116103
50 296 11.647036
50 310 18.340224
51 61 9.775207
51 75 10.551197
51 131 4.678152
51 240 8.445089
52 66 7.270868
52 73 9.145206
52 84 10.633568
52 238 19.494218
53 65 12.544830
53 214 6.504932
54 129 7.436084
54 144 2.831347
55 73 4.679382
55 145 19.226591
55 154 11.999234
55 188 7.958098
55 192 6.171863
55 246 1.699017
55 287 5.662718
55 303 15.779908
56 75 10.537891
56 78 11.004563
56 106 2.604888
56 111 5.877312
56 120 11.646252
56 130 7.195591
56 252 6.940820
56 267 15.316165
56 276 6.928757
56 321 3.764818
56 396 13.036369
57 275 17.209434
58 134 12.699237
58 322 12.176857
58 342 11.820362
60 84 4.880282
62 133 10.180222
62 156 16.794734
62 264 16.604763
62 321 15.549910
63 71 10.330094
63 99 16.054053
63 193 18.043205
63 363 2.951117
63 374 19.186345
64 249 4.985021
66 77 12.462553
66 83 10.126549
66 328 11.803501
66 380 10.531677
66 396 7.273521
67 115 5.442985
68 164 3.255948
69 394 4.673042
70 173 14.980337
72 168 9.605458
72 204 4.169291
72 234 15.316283
72 309 5.212796
72 355 5.548174
73 135 2.102299
73 177 19.156534
73 256 4.750430
73 262 1.368978
73 374 7.133065
74 101 4.895113
74 221 1.261799
75 90 2.670904
75 97 8.088098
75 146 10.716470
75 202 13.504662
75 224 12.267704
75 248 18.724220
76 117 5.480593
76 128 2.728339
76 132 11.455884
76 134 16.379480
76 145 10.424643
76 189 8.498999
76 251 9.297785
76 252 10.954112
76 330 14.761305
77 180 19.162108
78 88 13.473390
78 369 8.224542
79 85 12.486532
79 96 10.925863
79 208 10.672069
79 217 6.623235
79 278 8.849509
79 392 13.599360
80 123 5.309335
80 143 1.910497
81 137 4.751467
81 142 17.641083
82 386 5.883014
83 336 10.148704
84 149 5.779201
84 176 8.628648
85 187 19.533331
85 309 3.527763
88 109 8.326363
89 335 2.953892
90 292 15.118234
92 106 4.977870
92 181 17.085656
92 186 3.125475
92 222 10.077627
92 243 17.719540
92 281 3.171685
92 341 10.211338
92 382 8.781400
93 112 14.768259
93 140 4.328596
93 215 15.864205
93 329 1.688120
93 357 10.561821
93 365 13.180869
95 100 3.778282
95 122 6.938333
95 150 15.726345
95 236 14.258031
96 195 19.411095
96 279 11.310264
96 337 19.087477
96 375 15.932761
97 100 17.213130
97 162 15.779079
97 169 11.320006
97 209 15.231999
97 228 8.921016
97 293 15.814934
97 366 13.809250
97 383 9.198750
98 194 5.366646
98 393 1.112848
99 217 1.929832
100 226 19.638168
101 210 2.141732
102 175 10.225734
103 188 13.489217
103 379 6.360456
105 111 6.480945
105 133 3.268857
105 179 14.807890
105 283 17.177917
106 315 18.916463
106 326 12.444979
107 163 12.114720
108 174 4.948646
108 199 7.485377
108 213 1.123779
109 351 9.961916
112 152 13.959430
112 170 3.521940
112 280 13.831363
112 384 2.352539
113 171 13.711785
113 173 4.482266
113 178 11.472933
113 224 6.958433
114 150 1.356584
114 331 14.123857
115 253 1.137009
116 158 13.104249
116 171 15.021521
116 247 3.546454
117 360 1.517496
119 148 7.760191
119 225 2.072027
120 239 15.529828
120 246 5.959587
120 271 7.012688
120 398 5.235536
121 136 7.404809
121 165 10.914946
121 275 14.511917
121 345 7.651331
122 362 8.046744
123 132 13.796031
123 159 12.848425
123 183 19.686829
123 272 12.982285
123 280 15.259760
123 347 18.240469
124 250 16.660561
124 305 3.709765
126 184 15.438968
126 197 15.346286
126 228 4.318488
126 299 14.554032
126 320 14.841050
127 316 3.013849
128 190 16.492217
129 154 10.283428
129 161 13.565566
129 206 12.286249
129 355 12.387479
130 356 5.387388
132 354 15.237303
134 181 15.553394
134 311 18.883949
135 304 16.028517
136 212 19.714409
136 265 7.670026
137 207 16.609952
138 223 18.354570
138 295 8.221894
140 264 16.113151
141 157 11.411990
142 174 14.044546
143 172 6.895847
143 277 7.222034
144 299 9.197185
145 215 18.452081
145 220 14.067133
145 330 4.617075
145 372 2.338557
149 251 14.041679
150 156 14.000444
151 308 6.264905
152 286 4.677233
152 290 11.468814
152 348 14.621329
152 352 17.954988
153 163 11.196759
153 192 8.618279
156 263 6.652285
157 186 8.005094
157 189 10.849234
157 221 15.557913
157 378 6.417627
158 270 18.262912
158 272 11.815191
159 172 18.520056
159 242 14.144128
161 211 17.238471
161 295 5.537699
161 370 1.592936
161 395 8.543766
164 260 13.717071
164 270 6.471906
164 324 2.123046
165 298 7.008784
166 185 12.201104
166 304 13.363960
166 328 6.352779
167 176 10.460121
167 397 12.064231
171 185 10.244640
171 255 1.896151
172 318 13.439514
172 358 9.769224
173 191 18.691393
173 200 8.055839
173 219 14.957337
173 233 19.963737
173 276 3.621271
173 390 1.312774
174 196 11.006713
174 380 14.796459
174 387 16.955030
175 203 19.815133
175 241 18.356159
175 385 10.115960
175 388 19.444193
176 226 3.364816
177 244 10.948939
177 353 4.355800
178 201 18.418517
178 212 13.495992
179 337 16.992071
180 248 2.412900
181 207 10.513939
182 242 3.847704
183 327 6.689947
188 341 8.328898
188 381 11.530814
189 247 5.209855
191 229 2.517814
193 323 1.299638
195 239 9.211362
197 312 1.095227
198 245 18.845213
199 203 3.029167
200 237 4.254178
200 265 5.615370
200 384 3.442239
201 208 6.927838
202 346 1.254108
202 391 18.338305
206 317 3.358095
207 216 14.137672
207 244 3.973526
207 284 6.089645
207 362 10.465842
209 359 9.015292
210 214 14.006352
210 260 16.403473
213 255 10.797269
214 250 16.330044
214 258 5.474159
214 267 6.822358
216 232 1.301027
219 225 12.547332
219 240 7.893384
219 339 10.357084
224 231 16.526498
224 383 9.597708
228 294 18.812933
229 261 10.483070
229 322 3.813821
229 395 19.547874
230 368 19.684256
231 233 4.787899
232 344 6.408005
232 347 3.073110
234 257 7.695484
234 288 16.981910
234 343 19.592373
234 349 3.836588
235 332 12.206265
238 297 8.759643
243 268 2.006246
243 351 4.464334
245 363 15.599347
248 312 2.231719
248 320 16.266603
250 293 18.113191
251 392 13.404203
256 361 7.202906
258 279 11.086679
258 331 19.375901
260 283 7.587814
260 343 9.303402
263 282 18.553226
265 274 16.684229
265 284 7.425333
265 376 10.385581
268 278 6.748949
272 281 6.993041
273 303 14.624428
274 302 9.478794
277 300 7.226211
279 316 5.665444
280 378 3.110811
282 290 8.845696
283 285 16.604597
283 358 14.907001
287 323 6.643199
290 301 2.733894
290 310 17.037887
291 350 16.324105
292 302 9.039316
294 349 2.340045
298 376 10.008432
303 315 14.891387
315 339 1.086904
320 367 4.165820
324 373 6.446502
330 366 2.754916
332 356 16.939285
334 338 5.006105
338 359 7.494706
347 390 8.495572
363 389 13.709977
365 394 5.743916
370 387 17.097102
384 385 3.510494
8.570816 15.755130 19.717392 23.080230 22.027312 14.320246 9.062230 23.977918 12.900388 20.590831 13.116789 15.152207 15.744053 19.748956 13.691627 9.077350 19.737760 12.955349 15.317574 24.020976 9.626042 18.285388 12.791505 16.625155 11.196784 7.876081 10.020977 15.604457 15.379396 14.110669 15.736691 23.399985 11.313621 20.730175 21.790300 19.982748 5.344182 9.447886 17.822394 19.438219 23.230673 21.156858 5.131456 7.975549 16.797375 10.135248 13.484341 5.238879 7.482520 10.929004 14.107746 12.691508 15.761613 23.571311 19.202767 12.083140 14.392808 7.196287 23.492527 17.523733 19.242068 18.719792 23.447559 18.303319 6.951329 9.706602 15.950678 9.810300 15.905927 22.087954 16.028648 13.189550 22.027973 9.713069 9.296003 18.384976 10.149130 19.500954 23.495410 22.731625 24.395589 18.115024 23.622702 7.855803 13.006726 8.144524 11.833841 8.839156 10.628682 8.072610 20.097649 21.459793 12.091056 22.185392 9.788511 19.250609 16.761867 15.999120 17.292281 17.091923 16.975716 5.697327 22.474486 22.777475 12.540383 12.986509 12.826143 8.866172 10.416066 16.811652 15.009529 24.345564 23.299706 6.620300 24.870366 19.397696 21.047264 7.367929 6.187796 21.054731 22.381121 15.190366 13.608131 15.675149 6.699449 22.418477 23.443164 11.668895 21.804446 11.392147 14.980342 16.628291 17.550820 8.736338 17.607849 18.463895 21.000940 19.778177 19.326781 19.842097 23.797582 6.935567 5.046868 8.554950 22.176922 17.694552 18.659315 5.440230 24.661432 14.901819 12.693856 19.645437 19.973550 13.787912 18.321421 5.569983 8.640820 16.936313 22.189996 6.295440 20.463518 15.273321 24.061547 17.674695 19.896063 20.743445 23.930006 8.855290 7.891124 12.535241 12.468249 7.825457 16.130252 24.775174 11.410009 22.500180 12.517223 10.273382 24.103868 20.581899 16.635507 7.343941 14.539382 15.442206 19.046265 8.712980 21.964355 13.426152 6.837643 12.696615 21.107336 9.183564 13.842037 22.760214 15.779995 15.383002 23.649973 16.457235 12.407800 24.869695 10.539383 17.275090 5.098432 5.131837 14.326200 23.908357 15.796424 18.116400 14.874071 19.774092 12.347547 24.778425 18.452357 19.044122 6.530499 9.453115 12.623519 19.574492 23.521262 14.351525 15.266656 16.651096 22.342317 22.549745 13.229283 21.612261 18.013096 15.436262 5.951439 18.748110 22.453494 12.658456 6.835180 12.206812 9.994573 15.626842 14.953368 16.138022 6.706104 19.244613 22.415470 11.730864 12.166563 8.364370 7.047465 8.467395 22.238259 14.283941 24.296075 9.652327 16.336657 10.900931 23.648913 12.922707 10.539154 15.881593 11.001663 10.981593 9.928102 10.486982 5.172348 17.272172 21.027041 20.253776 21.267509 6.722166 24.688912 15.719753 11.621368 15.392735 7.549727 18.866042 11.473006 24.778902 22.019141 16.967937 16.118355 17.156241 5.253814 21.768711 24.503720 16.498905 8.825438 22.608863 7.267574 23.439461 23.550103 21.706222 5.347595 19.354193 6.989576 23.938312 9.892353 8.342311 22.847853 18.735439 13.082819 8.895488 8.519772 6.873803 16.750127 15.241764 12.642131 17.931498 9.917659 23.393069 5.170153 15.199557 13.709098 16.762550 15.794610 16.910865 20.242478 12.482182 20.269856 18.691666 13.396366 19.205425 14.186612 12.431294 22.778132 10.288989 5.750160 7.462403 15.752165 19.455798 7.809834 10.335504 17.650011 7.691865 6.979973 21.882933 23.887149 14.394635 11.066718 21.501422 12.255502 20.613788 23.369571 10.549104 15.619076 9.850315 17.065096 14.155706 15.760370 15.503905 13.046935 20.649294 8.765072 9.479092 9.547418 6.850433 6.917912 9.798657 7.191514 13.828472 23.171281 24.759013 13.552090 9.958773 7.578693 7.160223 8.121757 15.619204 13.057802 22.394698 24.357690 17.022721 12.649595 7.769026 19.284753 22.313032 9.522083 15.652781 6.487542 8.242212 20.079076 23.280113 15.087799 19.039560 5.371852 12.344962 10.140838 6.597135 7.330099 24.612592 8.742852 23.525188 16.004844 18.512008 24.005858 8.110906 8.464132 24.874653 19.260448 11.864071 6.537952 11.582526 17.151028 14.625844
26
78
0 8 1.438979
0 9 9.681959
0 15 1.652731
0 19 7.966598
0 21 5.267483
1 8 2.921878
1 15 7.560177
1 19 1.589804
1 20 9.816589
2 8 2.467539
2 9 9.073673
2 10 5.255436
2 13 7.901191
2 19 2.308409
2 21 6.162113
2 23 1.937253
3 5 7.706322
3 8 1.242691
3 10 2.405908
3 11 9.490096
3 18 6.814909
3 22 2.361642
3 24 7.981103
4 6 4.695494
4 11 4.298350
4 16 2.606411
4 21 1.452247
4 23 6.842356
5 10 7.218946
5 12 1.202756
5 22 9.061255
5 24 8.965188
6 9 7.671432
6 18 8.430099
6 19 9.415363
6 21 4.169917
7 11 7.493422
7 14 5.885320
7 15 1.712510
7 24 3.224482
7 25 7.313413
8 25 7.627014
9 11 1.910534
9 12 2.989402
9 13 5.578438
9 22 1.416653
9 24 1.397329
10 14 5.465711
10 18 5.009921
10 20 4.143126
11 13 6.705910
11 16 6.567817
11 17 9.023904
11 18 2.597237
11 21 7.567373
11 22 2.441705
12 18 5.693767
12 24 3.456449
13 18 4.930108
13 19 6.739589
13 22 7.748012
13 24 5.224890
13 25 7.392894
14 18 6.613826
14 19 9.396719
14 23 6.439376
15 16 3.469646
15 17 6.828481
15 19 1.423085
16 24 5.107522
17 20 4.826054
18 22 7.140913
20 23 9.706884
20 24 1.654836
21 22 5.246799
21 23 6.537859
21 24 8.192733
22 23 4.774072
397.900344 274.580971 434.157860 310.205361 348.617107 316.195461 254.513232 435.038350 433.998279 245.036506 464.892277 478.733806 414.320609 376.684202 314.854238 461.295104 393.136233 346.667583 335.361450 416.168458 321.950803 252.344905 251.881009 258.823274 244.159426 318.022403
