400
797
0 1 9.028761
0 2 19.058126
0 6 3.732500
0 7 6.965523
0 11 6.259131
0 17 15.604651
0 23 16.974989
0 24 4.255516
0 29 16.398961
0 33 1.772468
0 35 4.813610
0 42 9.352014
0 49 10.206086
0 52 12.381882
0 69 18.833819
0 72 1.155819
0 110 10.820706
0 160 9.562859
0 204 8.475980
0 209 19.025877
0 257 3.146821
0 263 3.924577
0 358 7.461286
0 363 6.754953
0 375 8.630625
0 388 7.970202
1 2 5.358547
1 3 6.220429
1 6 8.370152
1 8 4.433904
1 15 18.923047
1 20 7.100700
1 22 4.559734
1 29 5.064010
1 37 16.702063
1 61 3.133540
1 62 8.531952
1 98 10.998623
1 100 6.721295
1 124 17.552210
1 144 17.592947
1 173 18.571348
1 241 14.652969
1 258 17.049874
1 330 11.834396
1 373 10.313073
2 3 16.897677
2 4 17.101116
2 5 17.346678
2 7 9.195623
2 8 8.760575
2 9 6.899476
2 11 3.332584
2 15 17.664793
2 18 6.928074
2 25 10.675035
2 32 17.635818
2 40 9.869046
2 50 5.464996
2 60 4.752126
2 65 4.286913
2 68 3.231266
2 85 6.421196
2 102 16.715373
2 105 12.546539
2 128 7.996926
2 129 10.725365
2 133 16.343888
2 146 12.148900
2 195 16.083998
2 207 11.630246
2 236 11.401794
2 240 10.308298
2 281 13.361522
2 290 12.184593
2 322 10.807836
2 341 1.816890
2 367 17.361588
3 4 2.985860
3 5 5.579276
3 13 4.245707
3 16 5.944335
3 21 12.073425
3 30 8.298975
3 36 18.746292
3 67 3.987421
3 69 9.658972
3 71 12.830735
3 101 14.482706
3 102 6.567880
3 104 14.378727
3 141 4.386515
3 180 8.008207
3 190 5.419428
3 205 8.688907
3 208 2.287756
3 225 11.111665
3 261 15.431966
3 284 1.893904
3 295 6.419281
4 9 10.770469
4 13 3.683174
4 22 16.304199
4 90 5.106382
4 117 10.577086
4 128 7.332138
4 138 13.958947
4 206 8.573071
4 374 9.444511
4 377 12.140883
4 382 19.238286
4 391 4.912797
5 10 4.186739
5 12 18.503389
5 17 2.678858
5 20 11.677007
5 24 3.399734
5 26 4.103085
5 46 2.624505
5 63 3.896388
5 64 15.635595
5 89 2.434785
5 98 15.621616
5 107 15.612674
5 125 5.832129
5 127 9.185797
5 132 4.326289
5 142 5.429632
5 189 8.716420
5 222 14.543312
5 290 13.779412
5 299 13.674945
5 335 3.636846
5 345 3.126993
5 362 6.426493
6 10 5.249095
6 30 9.438760
6 41 12.067642
6 44 8.541008
6 56 9.496319
6 79 9.844611
6 94 9.567779
6 125 13.204273
6 131 1.465678
6 137 11.720904
6 139 5.096927
6 170 2.641627
6 174 12.659557
6 175 6.748602
6 218 12.917587
6 239 7.954483
6 282 8.149282
6 359 15.650447
6 361 16.073182
7 12 18.332739
7 14 9.938340
7 43 6.847427
7 107 10.118977
8 50 17.747816
8 97 2.425778
8 116 8.861880
9 21 2.050745
9 41 1.567683
9 57 8.084614
9 82 15.330656
9 90 12.720960
9 182 16.559403
9 360 16.843446
10 66 19.331684
10 155 12.200034
10 183 9.514770
10 197 2.541256
10 212 12.452362
10 215 12.573973
10 229 6.429489
10 249 2.574578
10 274 7.768570
10 275 18.497706
10 312 17.339706
10 317 11.619924
10 337 7.727939
10 394 6.266773
11 14 17.671044
11 25 8.777584
11 27 6.945955
11 36 3.613835
11 38 17.450808
11 39 12.642012
11 57 1.624741
11 58 1.438325
11 76 2.979169
11 124 5.710767
11 134 12.785915
11 154 18.193518
11 161 18.329072
11 234 11.184563
11 271 13.724579
11 279 10.076715
11 286 16.121657
11 306 9.008388
11 325 13.891703
12 43 8.893036
12 133 7.772317
13 45 19.335590
13 53 17.367443
13 221 9.637434
13 269 15.347482
14 16 6.327303
14 18 7.719824
14 32 19.655772
14 34 2.060578
14 40 16.706824
14 51 7.337424
14 60 17.336509
14 67 16.924010
14 83 13.601696
14 86 11.293996
14 115 7.799714
14 145 7.395528
14 155 4.661537
14 195 15.217888
14 202 16.109620
14 219 5.717737
14 227 19.009464
14 228 13.552385
14 231 5.026668
14 246 12.109428
15 19 19.664400
15 84 18.551735
15 96 15.122853
15 109 14.359652
15 283 13.934114
16 19 3.352369
16 37 10.332049
16 81 2.156579
16 120 10.356631
16 122 17.505207
16 233 6.049073
16 278 2.809163
17 31 16.343726
17 38 14.138296
17 106 6.529707
18 34 17.557472
18 49 4.818442
18 119 14.117831
18 138 16.027211
18 169 1.716598
18 172 6.889223
18 187 4.313918
18 196 16.652172
18 203 5.064388
18 277 10.891469
18 305 1.553912
19 33 6.062926
19 72 18.902262
19 110 14.255484
19 181 1.184109
19 226 18.648616
19 254 13.493120
19 281 18.158832
19 348 17.620040
19 376 15.209294
19 379 18.088239
20 28 16.906128
20 177 12.318119
20 232 14.003200
20 253 2.489482
20 278 4.910262
21 58 10.588965
21 82 11.303566
21 242 17.450072
21 244 6.954564
21 324 3.859429
21 349 16.359653
22 23 3.555343
22 134 9.212327
22 203 8.691165
22 205 10.279797
22 327 8.310692
22 343 3.268913
23 45 2.415032
23 63 5.825948
23 71 8.708563
23 74 6.671130
23 80 13.857595
23 88 1.718822
23 100 6.759859
23 126 2.560559
23 136 17.568420
23 163 18.493171
23 174 6.818772
23 320 1.457017
24 26 16.145032
24 35 11.422905
24 44 12.798886
24 78 11.467457
24 199 6.135328
24 219 9.531134
24 223 14.665609
24 262 6.187453
24 309 13.900765
24 332 7.025247
24 360 12.800932
25 28 5.089959
25 53 7.592414
25 61 16.066851
25 109 1.841889
25 156 9.263994
25 164 17.604474
25 192 19.526490
25 294 1.659255
25 366 17.672427
26 27 6.562865
26 31 10.720348
26 55 18.406940
26 105 12.952410
26 108 1.310155
26 111 9.395588
26 276 6.778973
26 308 3.689373
26 345 10.002175
27 47 15.101244
27 97 12.586542
27 135 9.211545
27 165 11.537945
27 199 18.328221
27 238 6.168966
27 254 14.703870
27 292 10.898132
27 347 13.314955
27 353 17.255296
28 235 10.306347
28 248 2.181599
28 329 14.877030
28 386 6.853819
29 73 8.634530
29 313 16.826114
30 48 1.629156
30 64 17.686225
30 249 3.419281
31 103 15.435037
31 119 10.800705
31 211 14.942112
31 306 10.533121
31 388 11.687091
32 68 9.708855
32 325 12.161547
34 75 7.797942
34 91 19.478167
34 104 7.893238
34 191 1.214820
34 302 14.210417
35 42 6.495717
35 52 9.321033
35 56 10.266981
35 78 10.952554
35 86 1.002062
35 92 9.748454
35 117 1.947156
35 120 5.522380
35 270 19.514587
35 321 17.569442
35 337 9.281148
35 386 6.252845
37 314 3.338311
37 344 8.617969
38 39 4.115234
38 47 4.773057
38 51 11.118847
38 54 13.381176
38 66 11.311963
38 70 6.281995
38 75 12.350420
38 99 12.344205
38 158 3.322531
38 159 8.592361
38 169 5.676521
38 271 3.416925
38 272 10.550186
38 293 1.596271
38 358 13.306090
38 378 1.708878
38 383 12.878124
38 392 11.789607
39 114 9.608703
39 143 3.471835
39 223 7.129323
39 371 17.673723
40 59 3.599209
40 77 7.971922
40 147 2.446555
40 242 4.810140
40 269 8.130315
40 311 13.888064
40 387 4.709840
41 81 3.571573
41 126 17.751874
41 175 8.171027
41 315 19.690325
42 48 2.348161
42 54 9.415791
42 55 18.474740
42 59 10.791383
42 62 11.073305
42 79 7.153403
42 88 10.223887
42 91 18.732799
42 118 17.393724
42 182 14.742921
43 46 13.049622
43 74 16.602733
43 103 9.623639
43 193 8.569070
43 232 12.636903
43 380 11.909130
44 351 18.789547
45 116 8.861727
45 178 9.652904
45 318 14.712792
47 106 1.343907
47 127 9.823434
47 356 16.197880
49 89 8.384953
49 145 12.928765
49 152 11.385873
49 243 18.661134
49 245 1.234323
50 324 4.878130
50 336 10.754526
51 130 2.469092
51 186 17.357815
51 288 15.324292
52 167 9.686193
52 172 11.440278
52 200 4.606652
52 245 15.689955
52 250 13.536840
52 256 18.936870
52 257 3.886202
52 295 11.732979
54 132 19.219679
56 94 14.638878
56 123 10.564930
56 153 4.431392
56 168 15.684751
56 369 1.517645
57 129 9.046391
58 70 6.361365
58 272 8.043390
59 65 14.379571
59 96 7.262688
59 259 4.472941
60 130 4.712322
60 164 4.677762
60 235 13.847518
60 250 1.290151
61 143 4.777667
61 184 9.946044
61 264 16.607847
61 309 14.604476
62 83 8.465974
62 150 15.128294
62 189 17.983902
62 213 2.545762
62 280 15.802067
62 334 17.781036
63 262 10.501208
64 118 10.141352
64 157 8.776045
64 180 19.329852
64 233 2.233674
65 73 5.690023
65 101 2.491464
65 266 2.884052
65 300 17.692059
67 76 12.238541
67 77 7.274064
67 92 5.267819
67 207 10.920857
67 251 8.807300
67 289 14.718819
67 302 14.807042
67 330 18.221257
67 395 7.842326
67 398 17.097424
68 123 3.912661
68 154 1.255704
68 167 5.800664
69 80 18.659395
69 114 8.534103
69 148 18.178716
69 161 16.854510
69 176 4.896287
70 158 5.311806
71 85 2.570469
71 87 1.138239
71 95 7.523672
71 108 15.804659
72 197 15.674839
72 247 8.222655
72 267 7.628216
73 87 14.120619
73 93 17.463234
73 140 1.551567
73 166 19.003092
73 200 11.237305
73 213 8.468485
73 255 13.641008
73 355 14.536153
74 95 4.024184
74 113 10.403464
74 214 7.458902
76 113 17.888098
76 122 4.011965
76 322 3.817621
77 208 13.090721
77 284 9.492864
77 288 13.802168
77 327 11.700136
77 368 18.606709
80 341 4.634467
81 84 7.785758
81 136 19.230406
81 141 10.612871
81 287 8.856300
81 312 17.702239
82 210 7.422948
82 216 4.955188
83 112 18.624308
83 218 14.348995
84 135 6.007566
84 142 3.369628
84 280 17.897042
84 297 19.300349
84 308 18.423469
85 179 13.902576
85 314 4.974320
86 225 6.131039
87 185 6.673690
88 93 11.628871
88 193 3.656230
92 112 19.592746
93 162 2.890881
93 351 19.303633
93 374 9.800115
94 234 4.168237
94 289 8.008247
94 333 11.392083
95 147 10.633560
95 160 11.796238
96 300 14.964418
97 252 15.349340
97 276 10.543227
97 328 16.810457
97 364 13.169748
97 365 4.104794
97 395 17.879006
98 99 2.442910
98 131 8.015769
99 150 15.550824
99 348 4.670470
100 224 2.291088
100 299 16.267263
100 303 10.862579
100 315 14.388870
101 212 11.041099
102 206 17.579830
103 215 6.157879
104 230 19.708807
104 231 3.412427
104 252 12.077249
104 285 11.435503
104 397 15.573127
106 340 16.218378
107 148 15.674178
107 286 3.026809
107 310 5.683578
107 331 11.822154
107 361 19.229024
108 171 5.093211
108 194 7.849885
108 305 9.084649
108 338 6.602226
109 115 8.262384
109 157 12.312201
109 183 18.290312
109 237 17.818156
110 111 17.815165
110 121 2.927320
110 140 18.031012
110 277 1.358274
111 151 4.067594
111 293 16.169162
112 221 19.372850
113 137 10.509329
113 282 18.434085
113 316 19.703280
115 121 13.246807
115 165 16.550227
115 187 18.267645
116 237 3.398649
117 274 19.153785
117 307 17.263556
119 266 16.898463
119 321 8.960344
120 166 1.061022
120 220 10.601020
122 384 12.047903
123 146 14.623835
124 151 10.885371
124 181 3.737998
124 228 11.176634
126 188 19.336064
126 238 16.564383
127 149 8.407094
127 152 6.190682
127 163 15.163650
127 171 5.847085
127 188 9.413076
127 210 13.918264
127 340 11.016117
129 263 8.850017
130 291 7.330591
130 334 19.322461
130 357 18.530731
130 364 17.497327
130 370 2.097340
131 194 10.856019
131 256 4.506497
132 216 5.089826
132 224 17.333544
133 144 11.826279
134 153 16.219477
134 222 4.116172
134 380 4.633049
135 162 11.596334
135 362 7.542847
136 236 8.437934
136 335 3.472002
136 367 10.746570
137 139 2.924811
137 196 12.581155
137 304 17.447484
137 391 2.064213
138 178 15.275857
138 381 12.510134
139 168 17.369880
140 375 11.978727
141 185 3.510761
142 176 8.829617
142 283 4.581315
144 149 9.789133
146 190 16.730507
146 399 2.643539
147 159 14.903867
147 258 5.762841
147 260 13.377242
147 352 14.856162
148 170 5.339591
149 156 19.665599
150 316 5.138882
151 319 6.633822
153 227 8.679561
153 355 3.382220
154 191 7.092823
154 202 19.167062
154 370 19.978077
157 192 9.291770
161 179 12.799877
161 214 7.121277
161 291 12.419498
161 298 6.879784
161 363 7.094950
162 279 3.066105
162 296 15.315153
163 198 6.199589
164 177 12.495334
165 201 12.862924
165 240 2.904723
165 317 16.370664
167 173 19.995444
167 211 2.145805
167 229 9.862383
167 246 1.711222
167 344 1.981056
168 365 2.710507
168 384 4.440710
172 209 14.076011
173 326 18.152919
174 201 17.507902
176 184 3.924132
176 301 3.252023
179 198 1.753494
180 251 18.492589
181 268 16.032914
182 385 12.853033
183 248 13.865315
183 259 1.217770
183 323 10.659837
183 353 10.501547
184 354 10.575431
185 186 16.847476
185 217 19.821156
186 220 6.267412
188 268 3.424919
188 397 1.174032
190 265 8.098061
190 294 5.462262
190 319 14.159391
191 298 7.609418
193 342 2.752498
193 390 12.523846
194 275 12.480562
194 399 3.061675
195 230 9.262570
196 204 2.658555
196 239 10.227524
197 387 8.334372
199 217 10.635668
199 396 14.748148
201 323 2.871841
205 356 2.171998
208 253 2.790460
208 329 16.005381
208 346 12.186337
208 366 13.250437
209 273 3.847448
209 297 14.478099
209 331 6.348980
209 359 11.811198
209 396 19.863272
210 226 16.443063
212 349 7.106066
213 265 16.618518
213 373 19.778404
214 332 19.531868
215 304 14.072322
216 378 11.749545
217 336 1.394174
217 390 14.492935
218 267 7.622846
218 342 17.967353
218 369 6.081177
219 381 4.328036
220 354 3.899468
227 243 10.235479
227 255 17.587464
227 264 13.372970
227 339 8.596978
232 241 5.520606
232 333 14.199917
233 247 17.408573
233 301 9.445093
233 347 12.763936
233 371 14.330057
235 287 7.320946
237 310 14.302292
237 326 1.129341
239 244 7.396199
240 260 1.351716
242 273 19.719831
244 313 3.750736
246 376 4.147610
247 350 14.961695
247 393 8.592559
249 270 5.591735
255 307 16.019789
255 339 13.009026
256 296 13.878416
259 261 18.095701
259 372 3.230636
261 311 5.658840
264 318 18.368421
265 338 11.665631
267 285 13.135680
268 383 15.738314
271 346 16.951058
273 328 4.754531
276 393 2.891200
280 350 12.642139
285 292 3.407122
285 372 15.756467
286 303 13.241443
288 320 1.996711
318 382 9.024072
319 377 17.033732
319 385 19.498811
326 343 12.176260
335 379 18.806523
336 352 11.715232
337 389 2.267572
346 368 5.952996
349 394 2.906993
349 398 5.346049
355 357 6.221193
368 389 14.689320
373 392 2.177680
6.675681 12.999928 15.270570 7.159442 21.279861 22.705356 14.734746 14.231988 16.408826 7.879155 6.723727 19.867280 18.526159 20.774413 8.970483 6.243776 24.186460 11.450800 12.274463 24.469405 6.016005 11.117237 16.833701 11.757559 24.116918 5.718317 20.614219 16.914899 5.716810 19.332288 20.286133 24.181026 5.683867 13.459247 24.051958 20.946036 23.752733 8.424930 12.491646 19.764375 11.024774 11.502023 16.243479 11.987917 8.728400 20.423831 22.257548 15.118300 13.729777 9.247311 24.819604 15.549667 13.232396 18.954630 8.625557 18.753853 6.081134 13.101311 20.862085 24.626760 22.999032 22.713415 8.087487 9.386620 20.527010 8.725105 8.166539 13.422417 19.767071 14.930538 6.979045 6.670362 15.076253 12.223511 8.814353 21.119895 16.183690 12.420440 8.673172 10.251212 22.218953 15.312232 5.894429 12.721220 22.896526 17.218487 8.140526 9.709394 23.595324 9.130877 16.027892 22.733288 9.123854 10.311327 21.389656 20.170878 22.692096 24.932874 17.889152 15.361188 5.320475 5.695870 10.815115 21.366532 17.624130 19.471274 6.577966 15.426949 10.514015 5.184311 8.331143 14.971097 19.787468 19.914724 15.833646 24.956056 18.064050 18.627200 10.384046 24.892864 11.538461 6.418225 8.652226 9.254841 9.992366 16.940044 22.940640 22.105387 22.236506 21.223621 13.047323 24.291545 11.835159 21.153547 9.626363 12.193997 15.112844 15.701683 9.380362 21.419182 19.887789 12.935187 16.882498 18.824199 9.814661 12.286758 9.305113 14.973223 12.297076 16.660306 21.811414 20.924573 15.222086 22.661558 22.027025 11.102479 21.789399 21.917094 14.689355 22.451094 9.144481 18.939867 7.696410 10.354540 20.436864 6.823433 14.256724 11.952555 11.386329 9.977078 6.618313 20.168212 17.428196 20.399985 16.130929 13.078351 18.072636 11.596354 16.060910 21.035258 14.784809 16.395141 22.119243 13.048609 5.256352 21.261165 24.002502 21.912179 21.988162 23.901938 14.448385 17.565881 16.774083 14.375303 14.399108 5.545885 21.839490 9.466620 19.516098 12.330891 5.155724 16.140714 12.511526 24.463948 6.391440 14.416136 9.349029 23.271083 23.745658 5.215393 17.178951 18.043523 15.890884 13.056833 6.872873 21.678760 8.341153 23.115698 17.855869 10.056395 23.321857 9.648879 9.727394 7.685566 21.859596 6.394554 7.460655 11.365070 22.977219 14.290416 19.677185 17.554761 6.906662 7.042864 5.254502 17.527986 19.341977 22.811049 10.195196 13.281283 14.834753 8.484710 17.373999 6.226361 24.283997 12.430327 23.566279 10.414420 16.557712 15.962612 19.909125 14.133748 11.878263 9.607701 9.870707 7.570497 20.738019 6.260628 13.259184 7.779861 16.187539 5.492305 7.057549 12.325800 6.564668 12.765192 8.878224 18.635794 20.253911 14.322112 23.380936 21.465454 13.982038 6.988187 24.953582 12.676846 11.632534 10.310654 20.891256 5.736030 15.763809 11.717322 20.811454 20.317141 8.450076 15.164115 23.362331 17.153511 18.049326 19.108147 10.486583 7.362091 20.171924 14.702522 8.234742 24.253450 13.814926 19.044572 12.387570 23.912851 19.306434 8.979277 15.899601 8.945750 13.388389 23.054808 19.964005 20.852366 10.954883 5.111512 13.052515 8.087190 10.520892 15.288526 17.722992 17.719813 21.092150 23.731803 13.996364 21.374958 14.887590 8.924500 23.596324 9.662252 12.343658 10.061899 21.697180 19.419777 16.378522 24.387247 14.756982 22.024092 23.780909 12.709541 12.612418 24.769761 13.683968 20.361174 21.858789 21.250704 8.529565 9.074827 24.218861 20.190474 23.816446 6.133564 16.293091 10.498373 11.620932 22.509761 15.017593 9.100059 5.421744 11.647290 7.828003 19.892671 6.403263 18.289240 9.800336 12.699716 24.310507 6.010372 10.828671 17.151201 6.872367 17.309646 19.933573 10.571376 16.427793 22.089507 22.974226 6.033732 20.896814 11.301717 20.909072 12.830965 20.611509 15.399332 24.635725 16.078934 21.832673 10.324189 23.826852 9.719180 14.491402 19.982438 19.129998 8.775287 8.676156 24.460926 10.713123 15.801921 24.556364 22.571331 15.815134 16.855619 17.402207 20.731411 6.938942 18.690262
26
71
0 1 6.155101
0 3 9.152149
0 6 9.942473
0 14 2.984417
0 21 6.789932
0 25 7.217177
1 13 5.668553
1 20 1.500924
1 22 7.910068
2 4 9.800669
2 6 6.142743
2 9 4.502918
2 14 1.665851
2 21 2.875439
2 22 2.749030
3 4 8.942195
3 9 9.458846
3 10 9.858971
3 15 7.998124
3 21 2.184709
4 5 2.221802
4 7 7.591217
4 11 1.061013
4 16 7.832276
4 18 1.351191
5 8 2.173829
5 9 2.156873
5 11 2.999069
5 13 6.713440
5 16 3.147456
5 20 7.098547
5 24 7.945385
6 9 2.011983
6 19 3.218925
6 24 8.561390
7 19 2.442893
7 22 3.629813
8 13 2.788683
8 16 7.772255
8 22 8.157580
8 24 3.522842
9 14 8.214790
9 16 4.113174
9 21 5.075905
9 25 4.811397
10 12 5.882852
10 25 9.033547
11 20 2.765245
11 22 7.391548
11 24 7.841949
12 17 7.026730
12 21 5.364079
12 22 7.119549
12 23 2.988046
12 25 3.421394
13 18 1.202874
14 18 7.627453
14 23 3.157305
14 25 2.431378
15 16 9.734623
15 23 3.770073
15 24 2.049803
16 19 9.940783
16 21 7.065379
17 19 1.943833
17 20 5.007809
18 19 6.095146
19 22 3.547523
22 23 9.382754
23 24 1.410837
23 25 7.160532
438.049438 351.856073 258.764710 292.559880 350.769601 313.130116 244.804384 506.259791 289.555100 413.618521 270.466168 420.486513 487.984725 482.465338 459.054222 467.725648 440.916399 493.021021 453.521414 412.196944 300.062001 308.125634 499.579784 421.792302 234.064436 362.172891
