400
797
0 1 8.949663
0 2 13.751581
0 3 16.219836
0 4 15.327452
0 5 19.062844
0 7 17.453079
0 13 17.626453
0 14 13.564599
0 22 12.156179
0 24 18.566837
0 33 3.541833
0 36 4.378300
0 38 8.324828
0 39 2.486979
0 53 11.501997
0 81 3.842924
0 84 16.238114
0 100 2.984969
0 109 5.037148
0 119 4.582383
0 123 15.318073
0 125 8.433178
0 131 18.533619
0 164 8.014482
0 203 9.975940
0 249 19.948889
0 262 13.189973
0 283 2.876590
0 335 13.215105
0 366 13.411976
0 367 5.039745
0 369 19.012257
1 2 6.590428
1 5 17.644810
1 12 13.985338
1 25 11.078305
1 41 11.706753
1 89 16.756960
1 129 5.213028
1 185 19.588060
2 3 18.321268
2 6 11.670104
2 10 7.766965
2 46 12.806833
2 72 5.478361
2 89 7.938080
2 90 12.570129
2 91 6.674790
2 117 2.752654
2 136 11.890492
2 163 15.744307
2 164 2.660750
2 174 19.678614
2 240 6.589884
2 261 11.153216
2 308 6.900979
2 323 1.398367
2 340 11.883063
2 364 16.402501
3 4 14.513449
3 8 7.938520
3 10 8.687818
3 17 9.863781
3 23 9.597000
3 29 17.115679
3 46 6.931378
3 54 4.737814
3 65 13.493944
3 87 5.931986
3 88 18.772629
3 109 11.748456
3 125 9.615841
3 130 18.781401
3 189 18.852289
3 191 8.026450
3 269 17.048582
3 282 4.963175
3 286 13.650106
3 387 6.452977
4 6 1.093767
4 7 3.057625
4 9 5.404356
4 28 4.043690
4 47 5.676037
4 57 9.404792
4 83 14.578681
4 88 3.498238
4 90 9.216753
4 94 3.989928
4 107 11.150399
4 120 11.281976
4 146 16.836125
4 182 18.086557
4 186 18.713571
4 208 12.545176
4 215 7.929518
4 228 6.826729
4 265 12.932505
4 279 4.223786
4 321 15.752131
5 8 17.418062
5 12 19.195919
5 13 3.998158
5 16 12.585919
5 17 7.155176
5 38 14.014852
5 58 5.908665
5 85 9.800430
5 126 18.771773
5 127 12.497522
5 133 18.862295
5 217 8.119211
5 274 14.438268
5 313 17.160331
5 352 16.552760
6 9 6.134023
6 11 11.982471
6 20 12.036955
6 29 8.266952
6 31 15.327357
6 36 6.346650
6 96 17.288315
6 101 4.333909
6 121 3.326541
6 122 3.172057
6 151 1.020213
6 288 3.689883
6 297 18.540735
6 324 14.553876
6 325 12.769060
6 365 15.725445
7 25 14.736281
7 45 9.588512
7 54 16.148215
7 60 13.772728
7 82 6.424155
7 115 15.659672
7 176 4.523347
7 185 17.294309
7 214 11.363518
7 274 15.748512
7 313 13.009809
8 15 6.690202
8 79 5.180140
8 93 1.528968
8 99 18.176151
8 187 11.314653
8 272 10.260962
8 320 19.143305
9 11 16.399685
9 14 5.416679
9 16 3.529987
9 26 14.190499
9 33 11.140339
9 35 7.340069
9 48 18.786794
9 64 11.835743
9 74 14.502463
9 113 2.088076
9 207 8.548397
9 210 17.313329
9 223 15.703609
9 231 12.536792
9 295 19.020853
9 349 1.157476
10 19 13.146645
10 20 17.221485
10 30 1.598318
10 31 5.181334
10 41 4.049048
10 154 13.970911
10 187 14.399107
11 23 1.434909
11 27 6.409561
11 28 4.215691
11 42 2.588161
11 50 19.773607
11 100 15.620469
11 104 13.389173
11 258 2.692020
11 306 17.040540
11 316 3.962902
11 341 4.897170
12 37 6.863191
12 87 17.101296
12 97 15.696721
13 15 2.919426
13 80 12.774587
13 117 16.658368
14 45 6.082413
14 51 12.202007
14 80 12.224795
14 102 11.957533
14 131 9.484181
14 134 8.512118
14 201 16.192762
14 222 10.892633
14 305 16.977520
14 324 2.397943
15 18 18.525646
15 19 2.024650
15 49 12.688012
15 112 9.641283
15 155 15.184242
15 275 10.865246
15 285 19.199313
15 293 12.935924
15 304 7.075414
15 389 2.616335
16 21 1.964294
16 27 8.716353
16 37 18.898837
16 128 16.929057
16 152 19.005143
16 169 17.870904
16 205 9.738635
16 206 12.572954
16 385 4.111314
17 18 1.150576
17 40 19.670523
17 56 6.447106
17 58 9.920982
17 61 8.684151
17 69 12.476263
17 111 7.170793
17 136 8.954020
17 144 13.988147
17 232 1.390749
17 338 5.558224
18 24 13.716841
18 75 1.472919
18 85 14.113067
18 96 17.460174
18 151 16.091292
18 181 17.757395
18 227 18.513535
18 257 10.600466
18 327 9.121328
18 336 10.978979
19 21 10.381739
19 30 11.863729
19 34 19.296231
19 52 9.720556
19 93 8.262449
19 102 17.181780
20 22 6.462892
20 44 18.638820
20 338 13.179153
20 372 18.227678
20 386 10.793036
21 86 19.807642
21 115 10.523647
21 171 13.883759
21 200 17.209007
22 40 2.572048
22 43 9.911503
22 62 9.050634
22 72 8.226893
22 127 8.584139
22 138 9.643748
22 204 11.318408
22 211 18.740112
22 270 17.371118
23 26 11.857308
23 47 15.801731
23 48 8.195533
23 63 2.563958
23 84 3.566824
23 97 1.474635
23 98 18.374559
23 111 1.385870
23 122 9.152127
23 124 10.074516
23 180 18.436789
23 199 10.198796
23 215 16.958391
23 294 18.930943
23 315 19.200082
23 389 15.692571
24 70 7.570845
24 81 4.190064
24 176 16.507869
24 259 12.405326
25 130 13.478489
26 49 18.762727
26 311 14.388954
27 68 16.311639
27 77 19.446000
27 107 14.433996
28 39 10.908022
28 66 5.761333
28 68 3.388552
28 76 16.157551
28 101 1.439018
28 129 8.055328
28 153 2.272905
28 167 16.200320
28 181 13.793724
28 221 18.834258
28 264 13.326847
28 371 2.304616
29 32 4.658461
29 35 1.953183
29 44 14.098128
29 150 10.088477
29 153 2.991652
29 163 10.704794
29 188 8.948922
29 232 2.903471
29 234 10.476079
29 265 2.472586
29 300 2.683916
29 381 13.761848
30 32 12.371308
30 34 9.421213
30 55 12.234221
30 67 13.592792
30 135 19.804338
30 179 1.253865
30 188 16.146268
30 266 12.799716
31 62 16.873810
31 67 4.094768
31 128 14.309120
31 156 17.273459
31 159 19.670918
31 202 16.475250
31 225 8.851636
31 361 7.328178
32 42 4.055635
32 137 8.738709
32 270 13.102015
32 329 2.150696
33 143 17.532046
33 197 13.200301
33 230 4.034069
33 320 11.182448
34 95 12.493711
34 105 14.653844
34 106 3.206604
34 145 7.427629
34 278 14.658563
34 315 1.036061
34 354 14.312617
35 82 11.598047
35 132 11.015589
35 233 19.685653
36 43 13.292217
36 92 19.130111
36 192 5.472883
36 200 8.145154
36 280 4.617828
36 302 17.377858
36 307 8.788408
36 340 5.569957
36 345 19.783317
36 390 17.734861
37 76 10.730756
37 113 1.787910
37 162 12.155121
37 254 10.178948
37 257 7.562800
38 73 9.822093
38 144 14.559432
38 152 10.765719
38 175 14.051716
38 290 10.439896
38 330 2.836551
38 347 10.053726
38 386 7.310564
39 56 18.503970
39 66 18.658224
39 78 14.547244
39 86 16.255056
39 170 15.271779
39 194 13.226892
39 214 17.583248
39 239 15.773504
39 243 16.387333
39 319 9.642066
39 337 14.197673
39 360 17.085900
40 140 14.286979
41 299 16.432187
42 52 2.074508
42 63 2.222734
42 78 3.447660
42 105 14.804812
42 112 2.498850
42 133 2.617159
42 182 16.877141
42 273 6.981728
42 307 11.982888
42 395 5.416881
44 180 12.182952
44 266 7.732767
44 273 8.719563
45 57 13.139323
45 150 3.228913
45 172 8.100256
45 211 2.095207
45 219 10.017763
45 241 1.540190
46 50 4.374180
46 149 13.357744
46 177 15.363875
46 193 10.071733
46 198 16.645286
47 51 6.390725
47 148 15.541482
47 302 14.521599
47 334 13.754776
47 384 14.382128
48 370 10.711845
49 59 14.687274
49 118 5.810794
49 226 6.232004
49 296 14.102503
49 332 19.048892
50 53 9.798168
50 59 18.682439
50 61 16.771732
51 258 19.563346
52 79 12.666244
52 92 19.795946
53 55 4.732304
53 69 13.517859
53 77 10.221787
53 99 19.237611
53 172 15.734683
53 252 18.812907
53 303 2.663437
54 70 19.923602
54 108 5.419871
54 135 7.675255
54 243 18.117713
54 379 18.778616
55 60 6.701575
55 98 15.676701
55 160 6.071458
55 184 11.144047
55 289 19.433622
56 74 19.226561
56 157 11.225002
56 173 18.159052
56 174 18.304460
56 212 2.261433
56 221 19.641651
56 244 2.107966
56 271 9.498756
57 191 11.925130
58 195 9.600077
58 207 3.309354
58 299 9.845934
59 64 12.376902
59 73 1.437376
59 137 14.383382
59 193 17.680136
59 203 10.031728
59 224 7.472483
59 277 1.053340
60 65 1.900084
60 71 12.539776
60 134 18.115284
60 159 14.302120
60 287 7.958705
60 348 6.331297
60 357 11.120255
61 165 13.556752
61 306 1.269881
61 362 6.186831
62 103 16.453091
62 110 6.846930
62 310 15.502139
63 114 19.957958
63 175 7.082985
64 179 5.403499
64 318 16.177259
64 391 7.484176
65 83 2.761222
65 94 18.488008
65 305 15.700639
66 106 19.507207
66 201 18.318993
66 229 10.412473
67 71 15.031722
67 119 4.527746
67 178 5.801331
67 322 3.889733
67 353 15.715450
68 75 5.531785
68 138 8.713784
68 256 10.841370
68 328 3.636275
69 212 8.535717
73 240 1.284677
73 242 5.438233
73 280 19.317017
73 359 5.880297
74 183 16.109638
74 213 4.749801
74 247 5.705853
74 337 14.559445
75 108 15.111878
75 110 18.934281
75 121 19.529022
75 132 9.038868
75 275 10.640282
76 104 6.638894
76 116 3.223286
76 124 4.995468
76 246 10.062474
76 341 10.537464
77 189 2.379818
77 195 5.862493
77 318 7.460898
78 95 12.453411
78 177 6.343897
78 346 3.611811
78 396 3.799297
79 194 14.513121
79 346 11.699204
80 373 6.221307
80 382 7.051415
80 383 1.958794
82 325 17.602442
83 378 11.214822
84 262 11.816954
84 263 2.546569
85 149 9.699351
85 161 10.333069
85 226 1.922654
86 91 6.211609
86 357 6.386739
86 376 8.670145
87 223 18.513979
87 260 8.239422
88 234 8.685279
89 255 10.214850
90 126 17.781741
92 114 12.743640
92 147 8.200345
92 167 2.282821
92 178 3.317913
92 235 12.690875
92 249 9.076992
92 277 14.973737
92 283 8.824327
92 348 19.162760
92 379 3.607045
95 147 6.814652
96 116 16.167770
96 145 17.071703
96 158 13.099508
96 190 9.378596
96 209 10.585494
96 268 2.641113
96 271 13.127390
96 331 10.393641
97 298 12.465201
98 142 14.318701
98 294 13.142318
99 298 5.676125
100 168 7.197823
100 388 14.483163
101 103 5.481934
101 123 2.698946
101 199 8.221954
101 394 14.020225
102 148 2.876220
102 206 1.750348
102 217 14.761431
102 368 1.287915
104 139 13.149364
104 140 6.503885
104 329 17.388186
105 118 3.024005
105 142 19.138774
105 162 5.650581
105 168 6.482293
105 170 3.937735
105 186 1.477541
105 219 13.361588
105 264 2.131606
105 375 15.954692
108 120 18.767118
108 225 17.749183
109 349 1.428008
110 146 16.054207
110 183 14.316333
110 236 1.234435
110 260 7.253313
110 292 5.318630
112 157 18.024721
113 161 15.385412
113 381 10.178344
114 192 12.146778
115 158 8.106041
115 213 17.430884
120 238 1.854922
121 202 3.755847
123 141 10.221514
123 204 19.990077
123 322 18.451010
124 328 15.861843
127 282 2.460742
128 139 9.960371
129 239 2.827755
129 284 6.681074
129 384 4.816838
130 336 9.449707
131 244 5.313138
134 224 13.417626
135 368 18.371279
136 141 13.792444
136 160 13.177723
136 360 16.259715
136 364 19.647015
138 143 2.629696
138 292 7.033417
139 166 3.655842
139 190 2.300017
139 196 17.998643
139 256 17.581157
139 398 18.718284
141 166 15.011954
141 205 11.388183
141 220 14.340931
141 250 12.283840
141 287 1.808456
141 304 9.250735
141 310 9.473924
142 218 4.255403
142 247 9.842019
142 330 14.754077
142 343 9.980851
143 245 13.297678
143 276 12.698530
143 293 5.516572
143 392 16.098801
146 216 12.646599
147 269 17.683935
148 297 17.001709
149 156 19.745234
150 196 17.455670
150 242 19.597404
151 154 19.950095
151 238 18.253713
154 155 3.572975
155 229 18.951552
155 374 7.806237
157 218 18.640837
157 253 3.069574
157 312 14.780273
158 342 9.827690
160 165 11.640646
160 171 4.062242
160 197 18.846262
160 237 1.692006
161 169 18.470759
162 245 16.993409
162 291 12.490885
162 309 2.928007
162 311 13.635289
164 228 4.928289
166 316 19.602845
166 382 9.581632
167 222 19.131421
167 331 12.556072
168 284 2.045972
169 173 19.817063
170 286 14.059702
171 198 13.844800
171 209 11.023698
171 281 14.658967
174 184 19.788673
174 253 13.647925
174 290 18.783316
177 395 16.411269
179 237 13.730060
180 289 18.057661
181 210 9.623787
184 261 11.343254
184 276 8.839013
185 230 16.804881
187 267 11.855973
194 252 13.853421
195 227 18.707793
195 231 9.441585
195 246 7.035558
195 291 1.036595
195 383 12.890074
197 236 15.164556
198 390 2.162508
199 233 12.246712
199 375 11.735407
200 241 19.298012
202 278 11.417283
202 355 5.753104
203 208 18.838837
203 254 18.588698
204 301 12.176886
204 387 15.963828
206 216 15.350919
208 358 10.923317
209 279 18.441158
209 288 3.253325
209 326 14.671404
209 372 18.386769
210 263 15.432300
210 314 9.840125
210 362 5.033912
210 396 7.541595
212 363 1.775547
213 374 10.610790
214 356 18.560633
215 248 16.272957
215 251 3.975273
216 220 13.620719
216 235 11.692663
218 308 5.405437
223 332 6.488223
224 250 12.878430
224 365 3.361310
228 323 8.953205
230 281 12.316684
230 385 1.641110
231 255 15.177637
232 251 8.653856
233 314 15.713086
234 267 4.119016
234 388 13.264597
235 356 4.749796
241 272 3.685914
241 303 10.346671
241 326 13.852633
243 248 3.424097
248 259 8.541120
248 317 17.131466
250 367 14.004375
250 376 14.058969
254 399 7.300828
259 333 7.435780
262 342 3.293348
262 343 14.408228
262 380 10.647094
263 268 8.972753
263 295 2.968518
263 296 14.417478
263 321 1.171494
264 333 3.850925
267 350 4.683501
268 285 10.038989
270 312 8.369118
270 351 15.042943
271 392 7.729019
277 347 18.602503
278 339 17.287705
278 393 1.842348
279 361 19.128450
280 300 6.026705
280 377 19.014060
281 359 8.062319
282 397 11.867704
284 363 13.382579
285 335 5.153909
286 344 17.298581
286 380 5.230174
287 377 17.430474
288 327 18.171029
288 397 2.466467
288 399 5.802529
289 309 6.988631
289 352 1.965604
293 353 19.051626
295 398 17.073375
297 334 7.398690
299 317 12.044081
300 301 16.560014
303 394 8.643224
304 344 7.433078
304 350 17.743213
304 355 1.614694
310 339 2.753521
310 371 18.846481
310 391 4.645802
313 373 4.892891
314 319 10.518318
329 345 13.450261
333 378 16.461535
335 369 10.506260
337 351 14.907700
338 354 5.306885
342 358 2.770728
349 370 12.202931
354 393 9.701377
363 366 2.823707
16.850108 6.382484 6.215844 7.379004 5.748630 22.356186 12.126026 10.516315 23.905724 14.742827 19.648153 14.678661 12.741254 18.035271 18.083959 22.073194 18.197091 6.360808 18.387666 14.163925 10.414569 5.334398 15.124011 23.868640 10.872891 7.876321 6.776942 24.285193 21.940627 14.263551 13.611373 23.065192 14.179326 13.220929 13.272427 17.901893 17.933772 5.752788 8.871681 21.914398 21.842599 17.053445 5.967151 13.415882 11.092891 17.251631 7.619819 20.427199 13.764061 20.028400 17.796989 22.492233 23.815679 23.869278 18.103734 8.355407 9.989836 23.608685 7.305072 14.350000 17.792635 19.943249 24.532436 24.704408 5.859640 9.719413 19.155709 7.993355 18.878909 12.933354 16.825630 18.805296 15.001571 20.482455 16.951794 24.155184 6.515031 11.004312 10.510480 19.946216 17.954143 20.683597 6.935453 15.888640 16.509389 23.009860 15.570797 14.930215 23.119481 10.929243 21.087542 8.296947 24.660898 21.987324 17.750617 23.211337 10.304678 16.293596 9.818997 17.226752 19.337125 21.765799 13.547159 16.973418 5.821297 8.709120 17.824010 20.342853 15.115782 20.329230 6.896185 12.417892 8.659755 14.983241 14.913024 22.538069 11.872342 12.812618 24.967898 23.753787 20.327901 7.301530 6.340785 18.260185 20.185669 20.389482 16.998524 24.832501 13.222882 13.516840 12.671734 14.650616 24.546629 15.505224 13.948925 18.447292 24.175676 23.678032 23.746537 24.951630 22.425442 18.998045 23.397221 20.374919 19.952725 8.397748 18.929401 6.539747 13.911435 9.260516 9.410103 17.510710 11.797099 19.062795 20.130142 18.232772 7.905910 9.822258 5.005890 19.159425 11.739545 5.501590 21.616039 13.212647 16.077535 5.648665 10.899484 9.137075 24.661333 11.334970 17.445041 18.182597 5.841928 10.872403 14.972987 19.956025 12.518817 22.486091 13.783405 21.477574 16.233659 8.068780 5.152885 14.552661 21.596665 6.147598 14.958464 14.492608 13.202198 15.159986 22.888553 21.023868 7.454513 23.782688 17.908428 14.064324 17.296706 8.457260 23.043530 23.089397 19.035445 22.731712 21.398331 22.062923 16.851482 21.147835 21.839865 15.426490 11.105099 6.487909 24.274864 22.790309 20.912484 24.354599 11.428737 16.884590 16.289834 6.822069 5.792256 16.419791 10.114217 17.222001 20.546844 9.775988 6.128595 7.615465 7.573987 21.228045 11.568641 12.128618 24.796110 19.691849 16.380357 19.899325 18.657963 8.054521 11.587883 21.652146 22.099924 18.712639 16.964973 21.081147 14.696488 22.119268 20.342596 23.509354 15.486305 11.491146 6.115831 19.359864 13.191931 7.913679 24.085132 14.419684 16.945499 7.118618 15.801962 14.947239 20.256920 17.622101 9.552695 16.870885 15.999523 19.897750 12.073543 5.852135 11.689631 14.516447 10.824049 21.235911 8.569577 23.793195 20.131854 15.099760 10.782525 15.629893 18.660366 21.937870 5.923383 8.415594 24.400132 19.504131 7.248665 21.329558 20.947679 22.264240 8.706974 14.545389 13.247558 20.344287 23.679855 12.226138 12.293085 6.569142 6.432954 24.326130 22.240491 8.436640 18.727867 7.458094 15.970248 23.600499 20.936903 22.699139 23.397201 17.637514 16.304450 5.396401 8.128577 23.869615 11.796354 18.630398 13.485159 22.538415 17.321863 9.551807 15.167561 20.397795 6.700204 21.986530 11.751301 18.694685 18.397987 17.832413 22.072310 11.546176 5.680677 21.731133 7.776402 14.062085 11.096152 18.038782 8.068631 8.859525 6.105073 24.978687 5.064079 10.941640 15.755001 13.641803 23.737897 8.042836 23.945320 18.770017 24.062887 16.881373 19.291104 10.437172 14.898142 9.893537 13.998077 23.991467 20.666267 20.215057 5.204976 12.161022 8.557507 14.482211 9.712732 11.782430 14.977102 8.408823 7.155733 22.062255 16.074874 8.428101 19.080916 20.977769 10.116667 9.818135 19.065291 9.980862 20.995056 14.971613 24.720972 10.970326 15.995069 11.959470 22.844695 24.017832 5.330143 11.413245 10.750855 20.311365 23.914563 18.199881 13.368795 6.635582 24.978790 12.781774 21.727918 13.141493 12.088516 24.453644 19.437331 16.848249 17.966923 23.157533 24.366278 21.349027
26
73
0 9 4.840678
0 13 9.306766
0 16 4.740831
0 22 4.589721
1 14 9.336848
1 21 6.557171
1 23 7.385887
1 25 8.360244
2 5 4.537026
2 11 4.216321
2 13 3.124926
3 5 8.294446
3 6 8.917048
3 10 9.612093
3 13 9.316741
3 18 6.014767
3 20 6.372745
3 22 9.162928
3 23 9.527820
4 6 7.986878
4 12 1.484293
4 16 4.994279
4 22 5.192151
5 6 2.281370
5 9 5.847826
5 12 4.643889
5 13 6.200730
5 16 8.224168
5 17 1.654010
5 18 8.034647
5 22 1.942298
6 7 4.975660
6 14 1.794017
6 19 6.852256
6 23 4.882450
7 11 1.548256
7 19 1.956119
7 21 1.504274
7 22 7.213736
7 25 5.065418
8 9 2.301856
8 12 1.311376
8 16 5.922700
8 20 2.168383
8 21 1.150932
8 25 1.378604
9 17 6.598354
9 19 6.229253
10 13 8.833006
11 14 8.128259
11 17 3.068466
11 18 9.551024
12 15 3.714406
12 16 2.013223
12 18 4.209876
12 24 9.366276
13 19 3.304636
14 18 4.082892
14 19 6.383773
14 21 9.290059
14 23 6.044975
14 25 7.300636
15 20 2.038548
16 18 2.163199
17 21 4.586213
17 23 7.182935
17 24 1.177802
18 21 9.831004
19 20 7.871633
19 24 4.140677
20 22 7.972308
22 25 3.251431
23 24 4.137487
328.666149 282.240184 526.367282 257.090141 438.005140 248.578352 404.408123 238.182385 293.599356 345.754390 331.320647 425.456061 336.952909 411.479146 448.133392 463.249771 400.471745 511.867729 287.899265 259.815357 491.361875 317.892278 450.872479 264.211761 373.167767 517.255810
