400
797
0 1 16.334366
0 2 13.583465
0 3 7.247655
0 4 6.848791
0 5 2.573340
0 10 14.936007
0 14 16.976590
0 18 18.415819
0 23 8.966930
0 24 17.589422
0 26 17.625901
0 29 18.588239
0 33 18.410176
0 70 10.673715
0 73 11.766973
0 94 11.600712
0 103 8.183054
0 107 19.270093
0 157 1.983641
0 173 6.539736
0 189 19.700414
0 200 1.606030
0 209 4.709622
0 219 14.989211
0 230 6.502668
0 280 4.867478
1 2 13.631096
1 3 7.175092
1 6 4.015344
1 8 11.673144
1 9 18.226698
1 15 18.909130
1 16 14.081133
1 19 4.638040
1 22 11.284832
1 28 9.422540
1 37 7.055193
1 101 1.848613
1 120 7.734948
1 121 3.625620
1 125 1.432623
1 126 19.508792
1 147 19.943986
1 148 3.734800
1 170 10.496265
1 176 14.799643
1 192 6.967032
1 204 8.653897
1 210 15.375921
1 246 17.804210
1 247 12.911157
1 261 13.796212
1 337 3.669987
1 394 10.962828
1 398 7.573968
2 5 9.950308
2 7 5.479891
2 9 9.974063
2 10 5.363702
2 17 6.003891
2 33 14.430978
2 69 3.004073
2 78 6.697936
2 88 7.669809
2 90 3.777774
2 148 4.204323
2 158 10.212594
2 215 10.128229
2 308 1.444442
2 322 6.710693
2 363 12.093145
2 364 17.556620
3 4 11.528672
3 16 19.214963
3 21 1.473392
3 26 10.058688
3 114 8.302671
3 234 17.139271
3 319 18.100579
4 6 9.909560
4 12 8.587774
4 20 12.882121
4 27 2.849246
4 46 1.913507
4 68 17.852074
4 73 14.594946
4 76 5.701983
4 89 12.282639
4 95 1.922651
4 100 8.499542
4 116 12.462933
4 118 14.206790
4 152 12.228294
4 173 3.787373
4 196 18.672194
4 226 16.220296
4 240 4.290374
4 285 5.539998
4 317 18.327884
4 330 3.492167
4 368 16.250048
4 389 18.204130
5 18 12.041380
5 21 19.265487
5 22 3.573590
5 32 12.533914
5 47 4.836841
5 54 12.436802
5 55 17.091845
5 71 1.449323
5 78 16.506480
5 95 11.285033
5 96 9.880259
5 109 1.897979
5 112 7.230447
5 114 15.739814
5 135 3.152290
5 161 1.718091
5 181 2.656027
5 225 10.055250
5 226 12.814117
5 242 2.175278
5 275 15.343351
5 276 15.454710
5 328 3.466648
5 355 17.553417
5 361 10.805410
6 7 1.361077
6 8 8.676715
6 13 13.562640
6 27 10.937314
6 86 13.554012
6 238 1.960910
6 241 17.277162
6 290 14.919174
6 351 15.338039
6 394 17.213526
7 17 8.270255
7 19 10.120977
7 20 1.126982
7 30 4.314190
7 34 13.129090
7 49 11.895066
7 50 7.572318
7 53 9.165621
7 57 15.608096
7 71 15.085959
7 75 11.051839
7 86 12.453905
7 111 18.118864
7 140 1.477402
7 211 14.978535
7 233 16.654950
7 249 18.613942
7 299 7.830797
7 347 9.106674
8 11 12.799085
8 133 9.790340
8 211 19.042987
8 290 5.945435
8 327 1.358209
9 23 13.610262
9 24 18.804735
9 25 19.762141
9 41 1.646969
9 42 1.202108
9 48 8.158547
9 57 11.225081
9 84 8.076690
9 90 1.649845
9 125 13.779455
9 130 8.859846
9 147 13.709759
9 215 1.862672
9 267 13.368746
9 268 14.168098
9 334 17.524214
9 385 17.744156
10 11 4.303171
10 15 7.266441
10 52 17.849870
10 135 12.707659
10 175 3.036601
10 252 9.227999
11 12 14.239991
11 13 9.816536
11 28 16.443097
11 30 9.830359
11 36 14.373733
11 37 15.463519
11 69 8.422526
11 117 5.868844
11 179 7.486491
11 253 9.312286
11 257 19.961936
11 337 14.735620
11 338 17.004148
12 35 2.976228
12 42 19.470203
12 183 3.636775
12 190 3.552534
12 397 10.721324
13 14 10.935202
13 168 3.060032
13 256 14.890507
13 315 11.442489
14 34 7.427068
14 44 17.491710
14 96 15.696378
14 137 18.588032
14 169 4.607809
14 283 18.340696
15 85 9.158807
15 89 5.986788
15 119 3.825913
15 129 1.913426
15 145 16.319584
15 204 17.926284
15 323 8.758796
16 45 17.865390
16 58 13.080799
16 61 13.712257
17 97 9.150143
17 152 15.617179
17 162 5.318809
17 182 12.881926
17 191 1.115045
17 263 7.897979
17 284 4.236551
18 62 18.288961
18 119 17.373414
18 263 10.880656
18 269 11.282695
18 300 19.951176
18 350 1.107032
18 385 9.281673
19 25 17.976697
19 31 18.086785
19 39 6.147738
19 41 14.587076
19 56 13.198410
19 68 12.321505
19 174 9.422130
19 195 5.287087
19 214 14.612337
19 237 11.190179
19 351 1.355719
19 381 13.696119
20 39 4.384035
20 83 8.287837
20 87 4.079478
20 141 16.227433
20 142 6.148507
20 348 6.390099
21 29 3.953028
21 31 10.112449
21 40 4.804046
21 43 13.262021
21 64 9.796010
21 92 11.956780
21 121 19.357184
21 126 14.211291
21 382 11.547728
22 346 16.732705
23 65 2.534401
23 94 6.437174
23 124 19.399728
23 127 6.088453
24 32 6.905293
24 48 3.720775
24 72 4.084180
24 87 3.096074
24 93 17.601681
24 144 12.721763
24 145 19.371607
24 199 8.435544
24 219 18.393005
24 221 9.674077
24 229 5.291812
24 271 15.503546
24 274 11.415683
24 314 19.171368
24 332 9.976172
25 45 3.496378
25 46 2.538507
25 66 3.194798
25 79 12.962212
25 257 14.482963
26 36 18.026768
26 50 13.662664
26 150 11.201490
26 198 16.755160
26 228 6.572639
26 243 14.100039
26 303 2.405626
27 64 9.079260
27 177 16.082619
27 188 1.568775
27 369 15.937660
28 35 15.191387
28 58 18.875511
28 62 18.223034
28 158 2.369897
28 191 10.620163
28 286 4.789564
29 40 17.130095
29 106 19.497626
29 109 7.266393
29 141 7.488160
29 144 15.089657
29 197 7.406611
29 198 1.802321
29 212 3.416217
29 239 11.550778
29 341 7.531628
30 38 9.082371
30 51 17.835361
30 80 2.108083
30 110 4.847714
30 115 15.183518
30 130 15.211117
30 139 13.525423
30 213 13.770654
30 251 4.010212
30 269 19.106048
30 306 14.536198
31 136 1.828029
32 44 19.666083
32 51 9.499468
32 54 12.251854
32 102 7.285557
32 133 3.047131
32 181 4.570775
32 238 11.666651
32 244 13.919375
32 266 15.690215
32 268 9.144730
32 345 15.541434
32 396 8.441563
33 38 4.229823
33 63 9.247278
33 67 16.979335
33 74 6.205227
33 111 1.669876
33 140 14.044865
33 150 19.713888
33 192 19.474704
33 287 18.546029
33 293 1.400899
34 43 3.278626
34 72 14.499700
34 107 19.153939
34 113 7.037506
34 241 5.336393
34 245 9.732601
35 55 18.499841
35 77 17.688547
35 91 10.330682
35 100 7.077065
35 155 11.639554
35 172 10.308993
35 184 14.912257
35 264 8.919750
35 329 13.694496
35 340 2.369295
35 391 2.493143
36 59 13.741094
36 210 2.544516
36 305 5.962188
37 123 18.394325
37 235 15.162933
37 277 15.387818
38 60 3.723649
38 79 13.215135
38 81 11.199372
38 105 2.893645
38 169 14.660661
39 97 18.155843
39 164 4.864909
39 353 10.675485
39 356 19.030821
40 63 4.201932
40 98 13.188242
41 47 18.815974
41 128 8.916634
41 207 19.954286
42 118 18.547832
43 122 11.168483
43 168 3.032077
43 174 3.812335
43 286 17.145072
43 309 7.670895
44 80 2.445433
44 127 16.139552
44 128 1.712942
44 149 3.181708
44 209 11.808381
44 306 11.768141
44 393 15.189570
45 202 14.382882
45 321 8.022713
46 52 3.809083
46 106 15.700945
46 167 18.666748
46 232 18.698841
46 310 1.972127
47 193 14.648620
47 258 7.979809
47 325 13.376304
47 375 18.645177
48 49 10.931986
48 206 18.108422
48 303 14.712360
48 377 14.377170
49 60 13.467617
49 92 18.403945
49 102 1.109745
49 131 9.948062
49 399 13.840336
50 53 4.425881
50 56 2.164810
50 166 16.492770
50 281 18.247626
50 347 4.806118
50 354 16.372883
50 379 17.122832
51 59 9.956842
51 266 11.668321
53 70 2.413983
53 76 5.937850
53 110 19.802667
53 131 6.906090
53 155 3.850964
53 205 4.301345
53 295 2.288728
53 326 14.565536
54 77 2.099226
54 108 11.190958
54 143 11.905755
54 170 13.092265
54 221 15.906170
54 242 5.095136
54 308 7.192121
54 362 13.991001
55 371 12.308601
56 61 6.886838
56 65 3.104750
56 105 19.776040
56 132 3.832151
57 248 4.791315
57 297 12.311949
57 307 8.675448
58 136 13.586228
58 156 19.436654
58 159 2.862594
58 214 11.984498
58 264 14.526051
58 357 14.166249
58 374 7.255825
59 66 2.184653
59 206 4.147513
59 223 14.739750
59 254 13.795342
60 82 16.620423
60 85 4.249892
60 231 12.166139
60 333 15.822070
61 81 12.671883
61 103 14.407968
61 104 1.313126
61 167 4.319086
61 261 17.177331
61 301 16.914900
61 359 11.540282
62 67 6.189902
62 91 18.720677
62 93 13.399646
62 120 6.737052
63 134 17.019620
63 163 6.608188
63 250 3.261793
63 363 13.585811
64 172 13.443107
64 346 15.548083
65 216 16.466528
66 84 12.409106
67 75 3.294153
67 178 18.909008
67 392 8.469583
68 160 19.683226
68 217 8.803725
69 74 5.327299
69 373 1.084364
70 113 19.631471
70 171 6.634121
70 228 19.892736
70 331 1.483200
70 377 7.179105
71 186 13.745487
71 217 11.368513
71 244 3.952942
71 251 9.127980
71 265 8.295878
71 298 1.817546
71 335 10.848720
71 365 1.549514
71 390 3.277330
72 176 8.162906
72 318 5.266288
73 237 16.624735
73 343 5.818735
73 386 19.781967
74 99 17.471371
74 187 7.891323
74 224 19.712800
74 270 14.299085
74 293 1.181241
74 305 16.644867
74 319 16.640061
75 159 17.624530
75 222 18.816440
76 101 5.796927
76 116 4.215406
76 132 7.267573
76 166 10.733956
76 194 17.401477
76 220 3.017276
76 343 18.850715
77 138 4.462257
77 139 15.082162
77 187 19.954946
77 245 17.959936
77 376 19.702054
78 82 11.308968
79 340 9.960756
80 104 18.974059
80 112 16.084290
80 146 6.714142
80 188 7.591271
80 225 16.232416
80 248 14.750625
80 281 1.678071
80 376 16.917442
81 83 11.047016
82 88 3.191614
82 325 5.657017
84 307 6.103439
86 156 13.456223
87 98 19.145692
87 115 8.128446
87 124 6.543498
87 239 2.782518
87 283 13.908670
87 378 11.382878
89 164 4.000214
90 207 1.885141
91 267 4.969393
91 302 15.627745
91 379 14.539258
93 142 13.026386
93 213 6.762369
94 123 10.522049
95 99 12.222444
95 149 12.743908
95 177 8.663241
95 224 2.256210
95 272 11.480963
95 295 5.952200
96 296 19.488869
97 143 16.133285
97 253 3.143725
97 316 18.373569
98 129 4.931245
98 162 12.536078
98 165 13.535647
98 342 7.633336
98 382 2.934230
100 117 9.017539
100 184 3.577801
100 279 2.434387
100 292 4.830685
100 374 3.726206
101 356 5.175039
102 282 17.003553
102 354 4.246373
103 235 5.584493
104 108 19.687965
104 153 17.287792
104 364 4.743852
105 180 7.715375
106 154 9.623245
106 230 11.796861
107 160 16.569656
109 247 7.571184
110 397 12.780084
112 275 17.112994
114 178 7.970284
114 189 9.369078
115 233 4.959079
115 304 3.558358
115 336 5.517814
116 122 13.506329
116 297 5.771480
117 360 13.678898
119 134 5.001363
119 146 16.193936
119 179 13.702015
119 212 17.610062
119 259 14.502210
119 372 18.912427
120 165 16.556639
120 195 6.964745
120 387 8.151424
121 324 15.624993
122 138 10.722177
122 298 19.453430
122 318 8.778929
124 151 6.348798
124 220 14.993882
124 254 17.024187
125 196 2.995624
125 384 4.426500
127 252 4.886260
128 218 6.525160
128 236 14.245934
130 151 13.985183
131 154 5.385309
131 193 14.768463
132 190 19.806762
133 186 5.350356
133 229 17.655896
133 258 4.329179
133 345 17.531192
134 137 17.244066
134 194 17.883709
135 222 8.144108
135 288 2.346304
135 296 11.009116
137 161 17.799925
137 175 8.039097
137 185 2.196385
137 282 4.224120
139 301 17.487071
140 163 14.454815
140 396 7.884750
141 323 7.248832
142 302 2.686654
143 270 7.665505
145 232 5.873022
146 182 12.577010
146 370 3.349244
146 384 10.021636
147 202 8.392236
147 234 10.604767
148 326 1.760859
149 153 14.017073
149 157 13.181625
149 171 4.158941
149 278 7.337243
149 280 15.585990
149 299 12.080450
150 201 19.421320
150 331 7.942677
151 355 7.580008
153 180 12.972533
153 262 17.014562
154 330 8.894608
155 388 8.294775
156 183 10.855121
156 208 18.540201
156 316 1.751088
156 349 15.540128
156 370 7.796754
157 284 2.366099
158 199 2.720773
158 203 6.049158
159 324 19.278484
160 227 17.908035
162 256 9.727137
164 250 1.803469
164 348 14.928199
165 265 9.025984
165 339 12.574477
166 200 16.455244
166 291 2.708266
167 185 2.534941
167 208 7.434210
167 260 16.686153
167 322 16.344161
168 246 19.321291
168 249 5.177894
169 349 18.466580
169 375 14.726408
171 203 10.970248
171 276 19.009268
172 240 14.647445
172 317 11.904975
177 313 16.286978
178 227 5.864017
180 273 14.445208
180 311 19.905103
184 255 11.653506
184 274 6.635154
184 304 13.274704
185 360 17.473946
187 393 17.686214
189 243 18.046249
189 353 9.710965
191 197 19.964511
191 236 13.008402
191 292 13.623893
191 373 4.938449
193 201 2.745270
197 205 10.933911
197 289 4.217137
197 392 15.478678
199 272 3.654612
200 350 7.153890
201 329 5.458321
201 338 14.180742
202 216 12.728256
202 309 9.914970
202 366 6.386592
203 231 6.771312
203 273 16.000524
203 312 12.389983
204 344 6.665914
204 352 7.609540
205 285 4.584249
206 218 6.572219
207 361 6.482843
209 334 10.954230
209 388 16.270546
210 352 19.123575
211 223 15.637249
211 399 9.560489
213 320 3.702249
213 336 16.197097
214 277 1.646831
219 262 1.398893
221 294 7.559361
224 259 13.171823
224 390 12.900846
226 372 12.269341
227 300 5.582817
228 311 14.844483
229 289 4.807499
231 310 11.077050
233 341 17.105196
233 362 6.999027
234 327 8.681762
235 320 8.992281
237 386 17.563804
242 278 3.728219
242 389 3.166757
243 332 7.204398
243 383 13.080411
245 291 18.690471
250 369 7.139444
250 387 10.160075
251 255 9.608914
254 335 10.580824
255 287 5.132793
255 313 3.624938
256 271 7.492742
256 279 3.853409
256 288 7.977230
256 315 9.827778
258 260 6.762466
258 367 1.409847
264 339 4.067323
273 294 8.537167
275 328 4.322299
279 366 7.833602
282 378 3.448520
285 333 12.337575
291 380 13.007172
291 395 19.774314
294 312 8.872919
299 371 14.463580
305 381 1.302467
312 314 15.659023
313 321 6.162931
315 359 17.408790
317 344 1.895642
326 358 1.695770
328 342 10.312913
328 383 2.246246
329 357 18.381128
335 398 15.468451
336 365 2.122824
347 380 12.072654
354 358 18.229736
357 367 19.241054
360 368 19.401907
363 395 11.648460
376 391 2.678401
13.001290 5.130087 13.618881 21.559078 21.347452 5.281779 17.750639 6.663133 22.255091 24.570573 8.023076 21.983809 20.047436 6.984000 17.849239 7.926014 10.072184 23.668923 22.781339 22.466823 21.162495 14.343634 21.870249 13.798380 19.482450 23.992273 13.194102 18.480544 21.430708 11.692546 20.873840 20.659767 20.367809 11.773810 11.928952 19.899306 19.810157 10.041248 16.537474 11.478041 16.843498 18.556617 16.515419 9.600436 9.313233 11.509843 10.629907 13.432267 17.378343 22.272394 16.548462 6.485252 22.174113 11.982417 24.042876 17.403942 5.938461 6.535012 17.505061 8.881276 21.831059 16.414543 9.758582 15.811708 12.863911 11.385961 23.629014 9.251641 11.646477 8.650166 24.347340 14.082371 14.534610 18.884388 24.107329 15.087720 18.050689 24.715369 19.818078 24.332517 8.352288 14.320801 5.310062 20.920770 15.115740 5.127749 24.093333 13.945578 17.767190 24.628874 16.248664 22.783028 23.514187 13.496409 15.902618 11.387751 8.116696 20.616061 23.062705 21.764501 24.227110 17.523119 18.116359 20.918742 15.677140 5.380905 23.301008 17.294976 15.604854 17.879304 6.809818 11.255605 8.472076 14.130882 19.801065 5.744098 17.823369 6.736736 23.974638 11.271141 16.440813 8.330624 10.080795 15.120844 18.690102 6.003669 18.099823 5.888401 24.081042 13.161451 7.373418 12.749345 24.154088 16.587014 17.727848 12.245115 6.191108 9.596296 10.312335 6.516087 16.836423 13.150711 13.767713 14.669623 8.309196 21.357905 21.393936 10.700945 12.604862 13.606255 18.850238 22.854773 14.272682 15.450198 17.309519 11.644647 8.025219 23.483152 20.120232 11.409381 24.200494 24.324488 22.676670 21.936547 18.545457 13.390460 13.306588 24.594748 14.775342 14.972429 10.535972 7.264044 23.264237 15.056703 18.579984 5.233965 17.892679 19.499081 7.552656 14.130623 14.379999 8.470752 18.677163 18.932743 20.828476 9.303389 23.459992 17.645200 22.568546 7.330019 8.601948 16.340907 5.571133 20.431547 9.154497 22.052812 11.777973 21.077482 9.395579 19.025003 5.915769 11.617898 12.972363 22.172097 17.409865 5.761765 15.314639 13.707258 7.351293 10.572226 12.123797 12.240393 9.029239 18.887870 6.207069 7.636578 23.370480 11.152044 18.797536 21.542595 19.184259 10.151370 17.590071 16.433825 23.789354 5.530579 13.352830 23.840251 14.227440 24.761190 19.136258 11.176148 24.772785 16.134183 5.298150 23.156669 12.337777 18.707566 16.715180 19.365543 20.511312 24.991065 19.460020 24.726229 5.578015 21.050967 23.710980 12.675993 14.707843 5.758107 9.503869 9.945399 20.761429 20.760353 6.428758 23.337529 24.628332 23.820645 17.674534 22.837684 16.315632 20.305840 6.933100 24.769284 10.251580 21.954649 7.130597 19.136751 5.572435 14.478362 6.354091 13.890249 8.952988 7.548292 12.473334 21.210076 17.331921 21.438474 18.933717 7.603839 24.124048 18.078399 21.037726 16.569511 8.209251 21.687317 12.271898 19.223073 13.555628 13.269691 15.256300 5.486548 21.154657 8.969804 19.053916 21.683441 19.081562 19.172830 24.227465 21.554339 12.274508 14.632065 5.091086 6.053370 15.760359 19.698348 17.364061 15.290103 21.362852 11.840613 9.396998 6.798965 20.684181 23.888454 8.679128 18.442698 9.456348 10.285972 11.070938 14.892781 6.904044 21.955804 11.605702 21.281614 23.632941 16.973693 20.420744 8.000646 13.172099 6.681978 9.259536 20.623748 10.469410 16.582374 24.899907 23.883682 11.556927 23.422222 20.716509 12.607187 21.617223 12.212936 17.562205 7.000194 18.250115 6.126034 16.575670 23.784203 5.599359 19.587319 16.585051 14.274693 17.262991 21.873054 18.152877 13.909660 9.034470 13.358771 11.806989 10.447775 7.881193 23.494135 16.621260 10.278027 11.284864 15.436695 11.996644 20.661481 20.326740 12.696995 10.124812 22.343492 19.154189 17.712452 8.442551 5.444814 17.741028 22.200263 18.614149 11.567883 12.851714 9.631791 5.107426 20.286834 9.555703 19.967391 21.232909 5.504170 13.165426 23.199528 13.793652 9.976051 7.009948 24.636578 17.894468 24.976363 21.139244 13.458916 21.514686 18.932918
26
73
0 2 9.754119
0 19 5.418111
0 24 4.158407
0 25 4.626461
1 13 6.776247
1 14 1.973519
1 17 1.491656
2 4 2.465683
2 5 8.731450
2 12 8.401614
2 22 5.319919
3 4 5.903118
3 6 6.500957
3 9 5.097057
3 10 2.822301
3 16 7.770331
3 17 8.364477
4 9 8.773962
4 12 1.245193
4 15 9.537452
4 16 2.049123
4 17 7.370411
4 23 9.732980
5 8 8.839628
6 16 5.787346
6 19 1.596513
6 21 5.371501
6 24 4.288266
7 8 2.432688
7 9 4.223110
7 15 2.129176
7 25 1.984554
8 13 4.990111
8 16 9.380504
8 23 1.555617
8 25 3.397975
9 10 9.253570
9 11 3.790463
9 13 6.748718
9 22 8.303631
10 13 1.429175
10 14 2.887083
10 15 7.283193
10 18 2.410808
10 21 4.177356
11 12 9.781011
11 17 1.731092
11 23 8.839824
12 15 2.896557
12 16 2.214285
12 21 9.142579
12 22 4.999012
13 25 5.778159
14 15 1.875145
14 17 3.475367
14 18 5.029064
14 19 8.645711
14 23 1.741442
15 20 2.818151
15 21 9.775168
16 18 9.578249
16 23 8.847274
16 24 5.490273
16 25 5.015410
17 18 2.898938
17 24 8.633608
17 25 5.586159
18 20 3.184757
19 20 7.785103
19 25 1.678114
20 22 8.456485
21 23 3.080073
22 24 7.144005
360.119330 362.417229 514.088916 370.797117 395.707830 346.864149 315.614148 334.849846 454.814550 427.758560 248.154190 504.386932 259.345049 294.589295 421.200619 350.028420 283.886401 397.698863 333.133060 482.877184 523.620920 232.678857 288.424572 235.400386 511.286079 481.390984
