400
797
0 1 15.033027
0 2 7.025910
0 5 17.910370
0 6 12.282780
0 10 3.394500
0 15 3.730655
0 27 14.168813
0 35 4.285935
0 43 10.638561
0 68 19.843715
0 75 1.076144
0 102 1.315016
0 119 19.868607
0 197 12.108138
0 211 3.411290
0 267 18.048742
0 297 17.727226
0 323 11.187808
0 370 12.814049
0 371 6.190557
0 382 1.959874
0 387 12.296785
1 2 6.600349
1 3 13.608800
1 9 16.888658
1 16 1.345050
1 19 12.318562
1 38 5.394330
1 63 17.603881
1 82 5.819626
1 88 12.604633
1 113 11.517276
1 134 8.527164
1 259 13.874795
1 341 14.789623
1 398 11.771818
2 3 15.410023
2 4 19.684924
2 7 8.966175
2 14 10.777078
2 19 1.236928
2 20 16.124543
2 26 10.884371
2 30 8.751267
2 31 2.787367
2 43 17.903472
2 49 8.505138
2 50 13.969050
2 55 3.838109
2 62 19.269443
2 65 4.390393
2 70 4.791298
2 129 17.320674
2 135 18.339072
2 136 5.030801
2 140 9.926217
2 143 14.936403
2 145 17.688949
2 207 8.202001
2 210 10.823370
2 211 15.092612
2 217 14.891584
2 225 15.876242
2 242 11.828743
2 277 2.987687
2 294 18.175493
2 309 17.445878
2 316 16.163851
2 324 2.897387
2 361 4.883550
2 383 15.128407
2 397 1.439662
3 4 19.605268
3 9 8.165749
3 12 14.666938
3 26 17.863851
3 42 8.497968
3 45 7.063517
3 46 12.566081
3 64 12.038798
3 77 8.773660
3 80 12.433720
3 94 18.772246
3 214 9.885165
3 224 4.738101
3 256 8.166914
3 317 8.488033
3 321 3.491065
3 362 4.094559
3 379 14.006679
3 381 7.450077
4 5 19.143069
4 6 5.628338
4 8 2.879566
4 10 15.316587
4 18 17.739685
4 23 6.284154
4 25 4.839674
4 36 4.529557
4 37 10.918234
4 56 9.899916
4 58 5.929357
4 66 1.858289
4 76 10.148335
4 96 19.227315
4 102 13.397865
4 103 10.414625
4 104 3.103149
4 108 5.796290
4 109 6.600705
4 115 15.531267
4 119 17.657505
4 128 18.131195
4 134 19.706804
4 144 19.664967
4 146 19.106984
4 168 2.364621
4 169 3.618077
4 174 6.784864
4 181 11.505067
4 206 2.842580
4 227 17.070142
4 255 12.718367
4 273 11.304924
4 283 4.140915
4 340 5.811854
4 363 4.045928
4 365 17.186730
4 367 12.100329
5 11 14.967459
5 15 6.624624
5 34 8.053800
5 38 8.692244
5 87 15.440284
5 97 15.674707
5 131 4.929457
5 150 18.889238
5 180 3.292451
5 181 18.026320
5 201 2.907517
5 204 6.026256
5 280 17.083092
5 313 4.410349
5 331 8.857791
5 396 9.547327
6 7 5.659920
6 8 14.494659
6 20 17.175358
6 21 17.616928
6 24 7.447121
6 39 11.086157
6 52 5.719722
6 54 5.651134
6 98 4.063827
6 130 18.860361
6 133 17.871788
6 154 15.769816
6 167 10.835569
6 170 10.321550
6 194 11.065168
6 195 11.194792
6 218 9.256699
6 236 3.503342
6 291 3.387613
7 12 19.092745
7 18 10.158584
7 48 19.110905
7 81 4.107961
7 99 11.533914
7 106 4.946628
7 132 5.810508
7 135 1.571037
7 187 3.260113
7 254 18.420120
7 262 7.109127
7 317 12.554455
7 358 9.835269
8 11 8.608574
8 29 11.105836
8 57 4.557540
8 140 19.783474
8 208 16.547850
8 236 15.090678
8 303 9.906427
8 362 3.904665
9 14 18.492651
9 16 7.486354
9 36 1.952027
9 73 7.505670
9 103 16.094684
9 175 12.831466
9 187 15.265933
9 220 16.079072
9 230 5.027138
9 234 18.551883
9 309 9.321802
9 366 13.141259
9 370 1.043867
9 384 19.874001
10 13 6.337031
10 17 2.179199
10 21 9.706979
10 32 3.451571
10 35 3.894207
10 41 13.013373
10 47 8.465620
10 49 18.515197
10 64 7.063973
10 78 14.797422
10 86 9.760889
10 95 13.539075
10 96 12.394212
10 121 9.982895
10 261 19.051161
10 272 7.511559
11 85 4.367475
11 165 13.883787
11 226 17.074144
11 275 1.764821
11 335 9.543021
11 339 17.957266
12 13 15.242754
12 22 19.844347
12 30 11.096862
12 44 13.539919
12 47 6.747125
12 67 19.003176
12 73 7.960374
12 84 15.031704
12 126 8.659664
12 127 11.674560
12 141 14.675868
12 156 10.669749
12 227 18.234640
12 257 8.966719
12 268 13.294364
12 269 7.504886
12 381 8.754977
13 25 9.360952
13 32 3.390333
13 34 2.742750
13 92 13.682309
13 112 13.454837
13 141 13.595285
13 209 1.375562
13 221 7.204390
14 28 4.758387
14 45 15.784877
14 54 17.351978
14 56 5.686927
14 60 13.689134
14 62 3.457893
14 100 6.227898
14 110 3.634435
14 217 6.386895
14 276 13.819994
14 293 18.296211
14 351 4.847926
14 380 11.299502
15 40 14.326431
15 83 19.105527
15 133 12.591149
15 154 5.847032
16 17 12.884085
16 22 7.089332
16 23 19.546439
16 24 8.593847
16 28 14.023127
16 31 1.441324
16 33 8.601167
16 173 17.627045
16 388 12.594321
17 27 9.434915
17 74 18.782812
17 93 17.225703
17 131 7.122098
17 240 11.346420
17 294 10.306661
18 29 13.011848
18 39 7.348114
18 63 5.639895
18 138 18.340765
18 207 18.553615
18 213 17.023135
18 243 19.585884
18 267 15.154839
18 331 15.528677
18 398 15.489212
19 41 10.131545
19 69 9.672592
19 72 5.564299
19 159 13.251565
19 164 6.497083
19 185 5.898360
20 33 12.133266
20 48 8.789665
20 71 5.158276
20 88 16.505064
20 357 17.350828
21 57 4.186291
22 110 1.142634
23 157 7.386469
23 340 16.152706
23 383 16.944303
24 46 3.628252
24 61 15.712382
24 74 3.198379
24 124 8.411189
24 161 19.973581
24 222 4.659226
24 277 3.925308
25 44 9.033206
25 203 12.773702
26 40 18.725115
26 65 19.635602
26 67 2.323172
26 143 3.621953
26 186 16.024022
26 198 6.142011
26 280 17.812132
26 368 13.605612
27 51 3.125051
27 60 16.818056
27 68 4.350771
27 72 9.046412
27 77 11.491514
27 86 10.514557
27 123 14.037095
27 137 13.401048
27 156 19.848798
27 157 19.989016
27 200 10.812729
27 237 2.808783
27 321 14.829023
28 37 19.556617
28 115 7.048201
28 184 9.762969
28 326 9.070762
29 42 1.976964
29 53 13.773024
29 61 7.713416
29 82 15.961814
29 91 16.810281
29 101 16.603385
29 124 8.916654
29 153 7.109368
29 158 15.227595
29 231 16.226399
29 256 10.333891
29 346 17.967589
29 395 3.734265
30 142 17.702307
30 237 2.825809
31 377 3.916985
32 105 11.142960
32 111 2.282851
32 118 2.003335
32 350 1.009856
33 59 9.290017
33 126 15.717854
33 186 1.661929
33 241 13.392895
34 53 16.639419
34 155 4.192016
34 246 3.790411
34 278 17.355218
34 297 16.639368
35 363 11.239894
35 376 16.564798
35 385 2.762365
36 253 8.495149
37 59 15.018154
37 258 5.891587
37 264 15.294249
38 79 10.579393
38 189 15.255054
38 192 9.828913
39 78 7.990182
39 307 5.164595
39 330 4.959207
40 390 15.278325
42 98 3.259297
42 375 2.633665
43 51 4.349536
43 106 4.331584
43 114 16.639045
43 121 8.571626
43 152 19.817381
43 182 3.607014
43 257 13.417257
43 296 9.525861
44 138 8.465445
45 58 17.626600
45 345 19.536317
46 50 17.584320
46 55 4.653713
46 70 5.195161
46 79 13.465404
46 155 6.492588
46 160 14.959777
46 328 11.761992
46 334 11.467267
46 352 16.742392
47 93 14.500123
47 249 1.504978
48 188 1.939724
48 285 12.429611
49 52 10.237649
49 116 5.943508
49 144 8.954466
50 151 15.400296
50 177 16.705618
50 262 11.663238
50 289 8.322020
50 293 6.143238
50 349 10.916451
51 80 6.980243
52 260 11.717808
53 199 13.856395
53 368 2.255505
54 75 1.020282
55 104 5.033266
55 114 17.995718
55 122 13.279525
55 123 4.267247
55 129 17.915015
55 151 9.929163
55 197 10.045743
55 235 18.775297
55 284 2.130247
55 308 5.088387
56 90 12.129655
56 142 4.714244
56 161 13.911013
56 179 5.067753
56 199 2.883982
56 239 4.932718
56 240 9.031947
56 266 4.346628
56 346 3.559148
56 350 17.345356
56 365 7.087547
57 66 7.854415
57 111 2.050138
57 136 7.790023
57 163 6.031336
57 191 12.599216
57 242 4.902416
57 332 17.878944
58 105 18.663666
58 273 2.896790
58 327 3.040656
58 375 3.191202
59 84 12.771816
59 94 3.317410
59 238 17.195264
59 342 15.331159
59 393 16.576368
59 396 10.995150
61 83 19.936867
61 92 1.839327
61 107 8.624034
61 177 7.154797
61 373 19.024264
61 378 11.960358
62 125 16.317628
62 248 4.236483
63 76 19.594049
63 228 10.474151
63 316 10.379769
64 69 19.446810
64 71 8.233915
64 291 8.552975
65 108 12.110301
66 100 3.433000
66 339 7.100627
69 81 4.670958
69 176 2.962386
71 176 17.456748
71 235 12.197292
71 274 7.814783
71 397 8.764718
72 97 9.198861
72 149 13.029834
72 190 18.608618
72 218 18.722813
72 243 8.438348
73 89 7.255987
73 137 9.569884
73 153 11.790750
73 171 9.774540
73 174 13.516315
73 272 11.533581
74 90 7.093595
74 107 7.568885
74 167 8.193263
74 312 2.798156
74 325 4.155190
74 329 14.739162
74 337 8.392838
74 392 5.076240
76 91 11.690776
77 164 15.355251
77 179 5.891025
78 85 16.709008
78 87 18.622592
78 127 12.350496
78 175 13.710006
78 234 1.998944
78 334 18.964878
78 366 8.457210
79 99 18.554108
79 118 12.000573
79 162 1.087757
79 275 1.732298
79 295 13.927957
79 304 11.690692
80 254 1.504116
80 369 15.125739
81 117 17.190761
81 196 10.431932
82 120 9.849391
82 251 1.103989
83 343 15.946345
84 158 7.283605
84 249 17.696509
85 95 8.088151
86 278 11.736480
87 89 6.136494
87 252 4.051178
87 279 15.723250
87 286 10.435219
88 120 11.193271
89 369 19.342903
90 300 19.308018
90 311 17.257200
91 128 4.564577
91 166 12.291181
91 182 17.684801
94 195 8.114815
94 212 2.921017
94 230 16.408295
94 247 10.153507
94 268 11.723461
94 287 19.660742
94 290 12.537017
94 341 9.074608
94 354 8.029703
94 360 8.934767
94 373 3.249583
94 395 16.100261
95 130 16.916620
95 183 6.403546
96 101 6.772136
96 109 17.612351
96 122 1.455437
96 232 10.888691
96 244 9.809839
97 310 14.112409
98 125 4.104442
98 244 13.698284
99 113 8.157946
99 149 12.755581
99 150 1.761805
99 165 9.772817
99 168 10.922767
100 223 5.072202
100 364 3.652849
101 205 4.581012
101 241 7.538680
102 148 2.839393
102 224 18.999076
102 284 8.694887
102 290 16.370422
103 112 19.513925
103 219 2.533970
103 270 13.381720
104 117 17.556773
105 139 13.050454
105 196 9.151496
105 205 9.190451
105 210 1.682079
105 354 11.157414
105 379 19.877317
105 391 19.215443
106 145 1.767585
106 238 14.410143
107 338 6.733532
109 116 18.156794
109 147 1.857180
109 229 18.781608
109 323 16.912039
110 139 3.232583
111 193 2.136662
111 376 16.859446
112 163 3.959396
112 189 11.163065
112 261 18.399152
113 178 11.781514
113 239 8.547433
114 132 9.455305
114 172 2.199226
114 233 19.406294
114 248 6.902430
114 279 4.597906
114 305 6.434899
114 372 19.323091
117 152 2.791435
117 171 17.478758
117 172 14.449034
117 185 16.770364
117 288 19.542053
118 183 17.000938
118 245 18.924265
118 314 3.411770
119 216 16.119983
119 360 11.367838
120 246 11.326416
120 347 18.079510
120 372 19.464273
122 178 14.391928
122 364 10.175829
123 147 9.671673
123 162 8.340488
124 344 7.870382
125 191 8.438630
125 296 2.705311
126 222 2.471286
126 266 15.817527
127 146 9.475385
128 166 18.683005
128 226 12.632199
128 232 1.668344
131 281 3.992943
133 201 4.910576
133 221 19.538984
134 299 5.155380
135 219 10.799358
135 245 18.787362
135 292 19.566662
135 335 5.490848
135 352 1.933235
136 282 3.918435
137 208 2.203241
138 160 4.707361
138 298 11.802825
138 329 18.336527
138 358 11.207159
141 215 12.893802
142 265 4.835478
143 148 16.211089
144 198 12.737989
144 282 17.418600
144 337 19.028019
145 159 7.610115
146 348 2.721002
147 212 5.292650
147 322 9.318990
148 194 18.968179
148 265 8.187887
149 214 15.644691
149 250 11.269057
149 385 4.473367
150 305 7.093948
151 169 13.410646
151 203 13.784214
154 184 9.260435
154 229 5.344266
157 173 14.716229
157 258 4.208588
158 170 18.796724
159 180 4.570168
160 386 3.038935
161 216 10.455306
162 342 10.871442
163 202 10.655665
163 213 9.296682
165 247 19.901483
165 298 10.239332
166 318 10.080985
168 188 9.013555
168 220 2.269689
169 190 12.266176
169 326 5.331388
169 391 13.114571
169 394 1.965836
171 264 19.646355
171 274 9.911097
171 324 18.038352
172 206 10.035662
173 200 2.146286
173 252 16.622057
173 301 13.315491
173 349 15.853384
173 384 9.135227
173 388 13.120798
177 193 17.268351
178 359 12.990243
179 209 7.605799
179 283 13.588062
180 304 13.765230
182 318 19.251152
183 225 8.047334
183 286 9.076554
183 307 16.430336
185 355 10.609484
187 192 14.994889
187 253 9.734480
187 336 5.094408
188 259 15.158873
189 215 3.491948
189 300 4.773090
190 255 12.909675
190 308 15.198126
191 332 17.999070
194 320 6.179143
199 269 3.103761
200 260 19.164887
200 302 3.934039
200 377 4.755673
201 202 6.535260
201 271 11.058436
202 367 17.773686
203 204 15.450374
203 310 14.454994
204 250 4.328431
208 319 7.795970
210 231 10.089694
210 233 3.801093
210 281 6.195164
212 348 6.858331
213 313 3.418248
214 285 11.454554
214 344 14.395536
214 380 2.328701
215 223 10.141339
217 314 15.862013
218 251 15.211812
218 287 16.486389
219 289 9.516572
220 228 16.590585
220 320 5.574308
223 399 7.855401
227 315 4.350756
234 276 9.882206
234 333 8.449140
234 399 5.577615
235 353 15.283833
239 303 6.963089
240 353 6.183282
241 357 3.486916
244 263 9.337612
245 288 6.756328
248 374 8.016184
250 322 5.483948
252 292 15.499954
252 319 18.670064
252 327 10.460705
252 328 13.216970
252 389 17.476273
253 356 19.977763
254 301 12.656813
260 295 17.905810
261 263 18.263557
265 270 16.037578
266 271 9.757696
270 330 2.541926
271 325 1.300306
271 394 10.066812
277 315 10.391976
279 393 8.739885
281 351 11.795180
281 374 11.491091
283 302 16.895648
288 345 3.064485
289 299 5.278376
290 306 16.067095
290 371 17.108900
292 338 19.901660
293 386 17.585328
296 347 17.908081
296 387 6.972611
298 306 8.631571
299 389 6.093617
300 312 12.519689
300 356 18.837302
303 311 7.548177
320 343 11.583034
332 333 6.629693
332 382 4.226200
333 359 4.708525
334 336 2.100962
334 378 19.036577
337 361 8.654713
337 390 16.848297
351 355 13.945260
382 392 4.646502
8.509245 21.239764 10.294234 23.265704 7.801108 18.554172 21.289478 9.705128 10.524147 24.290378 10.291952 13.599141 13.650312 10.060695 20.515822 20.436987 12.566360 21.702516 9.261499 5.086116 16.423347 24.881555 5.772886 9.159961 15.378293 21.198815 6.780840 12.904693 19.941516 12.430864 8.776728 8.909917 13.200976 14.588341 22.236288 17.845048 18.808039 24.659743 13.236869 13.067088 23.466939 9.917512 19.596305 20.091463 6.955760 14.364628 9.011249 8.707505 14.276562 10.788594 20.921209 23.152098 21.054412 10.320617 10.482688 10.094567 7.700762 23.875967 13.040956 9.493789 21.933421 12.983906 5.702336 8.238831 17.785007 20.658105 9.218688 23.347912 22.019942 21.967615 9.553223 6.010720 22.348471 11.116005 17.378328 20.199338 7.565865 20.616767 23.770229 19.567499 13.824455 22.533563 15.549153 19.895419 21.410119 19.987057 10.757098 7.356878 9.766771 15.057499 15.105538 16.652887 12.902037 20.737828 23.263075 9.934501 19.730464 18.559437 15.461810 8.770605 20.904645 24.212526 19.436727 23.357200 24.683705 12.041013 17.764471 14.478655 24.732575 6.876156 13.247498 22.510781 10.681026 20.755857 12.655663 24.599571 22.670597 11.026407 20.403862 11.737131 17.127257 18.169615 21.591908 5.489017 9.403158 19.238356 16.270465 14.912102 6.104199 11.965518 22.302005 5.617857 12.928725 23.902966 6.017615 19.994115 10.152252 22.332177 19.921360 22.714103 9.318496 15.625855 20.585399 9.913995 9.614926 5.543643 24.170306 19.200338 17.711207 19.879894 15.632258 14.522676 13.990645 17.808784 9.030700 22.761174 21.235047 11.991272 16.572186 7.820546 24.446925 23.057854 23.437950 11.643261 8.382694 9.235443 6.800028 7.402213 6.426091 24.796461 6.481154 7.650842 21.545092 16.604804 20.488344 17.618240 22.643501 17.769351 15.442502 19.254994 13.947855 11.921276 14.353049 8.394282 20.931435 10.214076 8.070631 9.927045 21.841403 11.604026 18.720997 22.128193 6.554893 20.300488 11.153309 9.332447 18.778029 23.195932 10.900384 16.376676 10.796682 16.085712 17.437241 17.206708 17.470927 7.701596 18.870809 18.495007 18.651762 6.481411 13.936777 13.180703 6.734230 9.447359 13.819253 19.858126 9.741242 21.594998 15.915966 20.208434 14.451120 14.983885 17.394388 23.559412 14.836252 15.573151 17.039939 19.750303 6.437007 15.313749 14.631832 23.433700 14.870132 14.366411 24.244000 14.011529 8.617689 9.338322 6.903751 5.011363 13.638913 20.384852 19.669329 5.642982 16.399658 8.085663 23.821526 8.347300 17.532784 11.524767 17.831227 13.245172 20.192861 9.613583 23.115837 15.004193 20.121863 21.994604 24.976572 9.478913 10.737848 10.008662 10.257427 16.648895 24.870450 24.805562 15.535465 17.780544 22.199411 23.658669 9.077213 15.570835 21.656741 11.064042 13.796181 24.712422 24.700934 23.122136 20.968967 10.382610 11.417001 15.945657 16.215547 15.110056 17.733406 13.166460 19.983483 11.670999 11.613540 7.544519 8.774244 22.010418 13.925647 9.557356 20.186822 16.079623 5.423120 11.327229 8.540028 18.117457 10.500621 6.298936 6.098700 16.634546 5.434469 21.975842 8.107942 17.131327 13.893761 13.857030 6.435943 21.055045 22.861050 5.220333 8.572084 23.078084 15.989872 8.000792 9.055809 18.199725 19.496336 16.988536 24.062968 14.881272 11.005438 14.544658 12.193326 9.488318 5.919265 12.044250 19.228187 5.368756 13.783570 17.880188 17.208082 20.532969 21.210394 19.234116 7.055954 14.500449 17.068119 9.911321 5.851036 9.471806 14.097888 13.278606 8.533340 21.488311 23.513733 9.026966 23.591458 5.357219 23.499249 24.038576 5.241037 20.260386 24.404031 23.118044 24.414203 16.006470 6.563123 21.995784 17.276565 17.294735 13.345072 16.436840 8.071596 19.795401 6.500346 19.595615 21.979568 14.449374 15.196607 11.244285 24.389172 19.662489 12.379771 8.496148 9.391592 14.278446 23.851368 19.682927 9.304875 22.191223 12.564010 22.034444 9.833992 17.373212 23.533410 10.157880 18.858532 24.746252 8.011966 6.768046 18.483904 11.794719 6.424890 14.506112 20.075414 10.702448
26
75
0 5 4.462151
0 9 2.626356
0 10 4.169084
0 11 3.587257
0 18 2.570834
0 20 7.876684
0 24 5.466599
1 3 9.273210
1 11 1.293332
1 14 1.602802
1 15 4.629462
1 16 1.722496
1 19 3.364566
2 3 9.874268
2 4 2.880636
2 8 2.783060
2 19 6.162766
2 24 5.481985
3 4 6.223945
3 5 4.390618
3 21 8.440861
3 23 2.247225
3 25 4.855534
4 7 7.207857
4 20 8.814128
4 23 4.326144
4 24 6.109710
4 25 1.622260
5 8 2.532872
5 9 1.622243
5 10 7.550928
5 17 3.592540
5 18 7.513708
6 11 1.597585
6 17 8.762930
6 18 8.519772
6 21 1.800359
6 23 1.213809
7 10 1.506599
7 11 8.682672
7 14 3.112331
7 16 5.934460
8 20 4.836198
8 23 8.159730
9 14 5.400085
9 15 5.505948
9 18 9.901827
9 21 2.351166
9 25 8.476335
10 19 1.465748
10 25 5.298839
11 12 8.977013
11 13 6.986926
11 24 7.166932
11 25 3.369856
12 16 4.767173
12 20 4.299230
12 21 5.692989
13 14 5.160051
13 15 3.942085
13 25 3.749326
14 22 3.257676
14 23 4.285425
15 18 2.349473
15 20 8.848939
16 21 6.419075
17 19 2.204078
17 24 7.244734
18 20 8.628998
19 22 3.137821
19 24 2.355405
19 25 1.077555
22 24 1.425253
22 25 7.860262
24 25 9.884677
239.037346 450.501661 247.151357 403.607762 452.908731 333.561251 228.829184 404.526924 523.629133 303.011897 282.524922 262.808022 392.518005 404.904554 463.793500 452.005963 493.947010 467.853796 299.899330 392.704989 314.978956 324.714330 505.796289 430.601421 518.620858 350.915311
