400
797
0 1 18.902401
0 2 6.534695
0 5 6.990590
0 8 6.044764
0 9 7.778153
0 11 19.878176
0 13 18.920032
0 19 13.777330
0 22 12.007355
0 32 13.531304
0 39 9.606042
0 58 12.891695
0 74 1.120280
0 116 7.143765
0 154 1.837094
0 224 7.690422
0 270 17.927501
0 293 11.803839
0 296 1.956718
0 324 1.917638
0 377 5.457630
0 379 1.377784
1 2 12.772495
1 3 16.918188
1 4 18.534280
1 7 15.314846
1 17 10.560975
1 38 12.309881
1 39 4.709706
1 40 13.037805
1 42 14.992299
1 44 12.840760
1 49 6.673809
1 55 11.343203
1 64 1.969500
1 66 18.907476
1 71 2.783027
1 109 15.821985
1 112 18.731460
1 149 17.127661
1 160 12.370549
1 191 1.028242
1 212 16.005230
1 219 17.518481
1 303 11.700914
1 336 12.115538
1 370 11.075461
1 386 10.912775
1 387 1.072476
2 3 7.963610
2 6 2.342290
2 8 2.788357
2 13 16.654065
2 14 11.421835
2 19 19.796034
2 27 16.115797
2 53 4.653905
2 59 7.279046
2 60 1.617824
2 63 9.766694
2 70 8.103715
2 77 19.597339
2 88 3.521151
2 100 6.754837
2 102 9.831482
2 104 5.591065
2 126 19.594248
2 127 18.714978
2 131 14.993362
2 145 5.245675
2 150 15.078187
2 157 8.235208
2 168 8.790636
2 170 17.878835
2 201 10.101534
2 202 14.616440
2 203 8.341750
2 240 2.571852
2 262 5.464691
2 282 6.658181
2 306 14.395175
2 327 11.172513
2 376 11.844969
2 390 14.622927
2 396 2.534937
3 4 7.496147
3 5 15.218730
3 6 8.321798
3 12 14.024549
3 15 1.918139
3 20 8.212878
3 29 4.803369
3 31 1.236241
3 33 9.973808
3 43 14.454341
3 48 14.305502
3 50 2.518568
3 55 6.758813
3 68 16.583204
3 71 2.844165
3 120 8.910069
3 125 4.283213
3 130 7.486949
3 137 3.100944
3 179 12.749136
3 233 18.347662
3 235 10.034645
3 260 12.039889
3 297 11.973984
3 298 18.914255
3 316 13.445866
3 333 17.639493
3 348 4.511561
3 361 1.944082
3 368 8.428773
3 395 9.783873
4 10 1.761522
4 14 15.924639
4 24 16.009828
4 47 15.440510
4 62 4.355566
4 67 3.019084
4 81 18.439063
4 88 13.066680
4 122 10.958221
4 136 12.323795
4 141 14.929664
4 164 14.018879
4 222 4.410799
4 291 8.983293
4 358 9.491007
4 359 13.199936
5 11 16.977794
5 16 3.428573
5 25 9.094741
5 58 7.836320
5 65 18.459290
5 76 15.403934
5 79 7.088969
5 95 19.022261
5 163 2.018832
5 198 9.621611
5 275 19.852926
5 323 17.861195
5 332 1.491604
6 7 9.922123
6 21 7.571254
6 86 14.482416
6 124 13.505457
6 134 10.991795
6 153 3.358676
6 203 13.432789
6 340 16.173969
7 12 15.118557
7 17 14.556353
7 24 19.485388
7 26 9.519114
7 27 3.635823
7 28 2.556403
7 34 11.141892
7 41 10.907456
7 48 10.439888
7 49 9.591523
7 64 8.502106
7 70 3.608925
7 84 7.347627
7 89 1.606181
7 97 17.267219
7 107 14.981956
7 108 9.877901
7 112 2.307861
7 121 18.381964
7 128 14.912190
7 159 11.645893
7 168 17.274811
7 211 3.957069
7 224 9.315967
7 254 10.517369
7 265 7.305095
7 290 16.808931
7 328 4.316077
8 9 2.912774
8 10 2.392949
8 23 6.109031
8 35 15.123327
8 52 11.198936
8 53 18.411531
8 67 18.566373
8 72 5.854404
8 132 5.765767
8 146 8.357193
8 228 13.925348
8 233 12.456632
8 246 16.937570
8 304 6.316929
8 320 7.105241
8 347 8.204489
8 399 2.624895
9 15 17.300627
9 18 8.976146
9 20 15.909334
9 29 13.872124
9 30 11.917511
9 37 6.993324
9 65 6.319171
9 93 10.820717
9 100 10.012461
9 105 9.479962
9 119 11.766059
9 150 15.183318
9 154 12.016907
9 188 9.579742
9 201 14.315427
9 228 1.417574
9 236 7.090655
9 267 4.165364
9 305 2.125917
9 311 7.028978
9 312 12.333582
9 369 11.981838
9 385 12.771728
10 16 19.177886
10 18 19.864931
10 35 15.969466
10 36 17.882722
10 46 4.173972
10 72 9.702961
10 75 6.844436
10 158 10.927247
10 192 13.207277
10 315 2.741980
10 344 18.465215
10 376 7.870651
10 387 13.960438
11 83 7.244366
11 110 16.264565
12 33 2.215125
12 43 18.104299
12 66 18.441311
12 189 4.884906
12 218 5.770032
13 28 4.181781
13 92 5.010430
13 106 11.117115
13 204 13.542999
13 242 17.920990
13 365 1.241500
13 380 16.580985
14 243 9.975697
14 248 5.525790
14 351 8.174281
15 37 3.697184
15 196 4.266498
15 306 2.796119
15 375 17.263516
16 173 12.684598
16 205 9.185682
16 345 3.842136
17 21 13.846156
17 22 11.776905
17 25 13.277848
17 50 5.987971
17 57 7.662520
17 101 13.776132
17 115 11.823193
17 199 11.094680
17 211 18.073575
17 286 10.228388
17 291 2.734163
18 69 5.364503
18 80 15.118380
18 102 10.638741
18 304 13.216663
19 40 1.006655
19 45 11.843267
19 78 4.740145
19 163 11.280419
19 278 6.945035
20 23 16.600473
20 76 19.660231
20 130 9.866553
20 151 12.920062
20 165 2.461901
20 183 2.147058
20 212 4.649668
21 56 2.364198
21 122 18.508943
21 184 15.743753
21 227 19.101651
21 307 15.892509
21 337 12.948119
22 26 13.085575
22 41 9.746910
22 46 6.040459
22 69 19.744999
22 106 17.789872
22 123 15.640938
22 175 13.819636
22 343 7.705027
22 380 4.026629
23 30 15.871657
23 63 19.583642
23 73 17.108470
23 339 9.906260
24 31 18.832036
24 38 18.423083
24 57 16.741464
24 94 10.447276
24 101 6.509032
24 117 9.426816
24 120 18.629619
24 176 3.587938
24 190 13.979812
24 221 19.745798
24 276 13.873409
24 349 15.911674
24 358 18.884002
24 369 16.478416
25 59 2.333363
26 236 3.869402
26 279 4.794335
27 34 3.573207
27 167 3.792258
27 338 19.857017
28 36 19.881474
28 82 17.039749
28 132 11.758617
28 138 14.701849
28 156 17.907808
28 265 15.468788
28 355 5.858992
29 197 18.971348
29 245 1.022274
30 44 17.256454
30 60 2.645276
30 91 5.010682
30 133 14.450222
30 225 8.955033
30 352 12.441984
31 32 14.048944
31 74 14.410085
31 108 17.367810
31 157 11.121895
31 281 7.804340
31 397 3.416328
32 42 12.147380
32 54 7.195193
32 80 5.914226
32 86 6.176139
32 96 6.358739
32 143 19.285696
32 177 9.746032
32 251 16.670111
33 62 17.276224
33 141 15.124453
33 237 10.181658
33 381 12.623564
33 383 4.680482
34 61 17.448897
34 99 1.328072
36 179 11.038130
37 272 10.483169
38 97 15.286093
38 239 2.576623
39 68 3.438106
39 96 11.520010
39 145 13.238612
39 169 10.580717
39 290 10.800273
39 335 2.176445
40 54 1.724536
41 103 12.536029
41 146 12.547039
41 177 12.653576
41 193 8.231654
41 213 4.638900
41 294 17.716445
41 297 15.561363
41 314 10.185458
41 368 13.380947
42 51 8.636920
42 93 14.450709
43 45 12.406162
43 47 3.369536
43 56 8.109339
43 136 13.363728
43 180 8.748019
43 181 13.818298
43 227 16.908440
43 232 16.850162
43 256 16.892998
43 281 17.469926
43 311 4.389832
44 77 13.896854
44 397 18.986666
45 75 16.720693
45 87 11.227927
45 131 1.042065
45 207 1.558519
45 239 6.614778
45 364 8.883713
46 52 6.511449
46 82 8.664362
46 231 17.942013
46 267 5.239815
46 342 7.219554
47 51 12.370897
47 182 5.177250
49 94 2.598880
49 288 7.617759
50 124 8.048623
50 147 16.963777
50 166 19.512437
50 283 15.235739
50 357 5.288385
50 375 10.124073
51 73 4.362518
51 206 14.089534
51 338 11.590559
53 81 10.445641
53 113 6.223232
53 155 2.854439
53 189 7.500862
54 105 5.351209
54 114 10.584175
54 115 11.844206
54 198 2.280924
54 392 12.877041
54 398 5.310400
55 103 16.237237
55 142 2.622686
55 183 16.931214
55 225 6.014513
56 84 9.250235
56 90 2.564143
56 99 6.302916
56 129 13.483452
58 85 16.915896
58 91 16.744186
58 174 17.037540
58 321 19.449534
58 326 15.293842
59 111 17.499317
59 139 1.495973
59 247 4.712840
59 260 3.570983
59 298 6.171172
59 389 5.650294
60 61 8.404262
60 83 9.009079
60 138 2.849796
60 268 5.964249
61 78 9.115668
61 85 4.162206
62 252 2.948035
64 152 19.830240
64 185 16.480089
64 285 5.565930
64 308 13.777229
65 107 19.318564
65 140 19.360963
65 148 9.000423
65 152 10.285153
65 178 8.910959
65 209 8.609347
65 318 19.348606
66 174 1.301568
66 258 6.354612
66 289 16.863030
66 346 9.860800
67 264 5.437308
67 396 16.407296
68 133 10.750704
68 140 16.123404
68 171 12.382201
68 273 17.985487
68 285 15.202083
68 325 7.256205
69 125 12.041773
69 187 3.904597
69 284 18.036764
69 372 14.851566
69 377 8.803085
69 390 15.659574
70 259 13.562044
71 79 10.634262
71 90 13.300566
71 127 13.253326
71 205 3.507648
71 269 19.668931
71 294 6.837571
72 159 10.927329
72 185 15.971181
72 302 9.757630
72 315 13.809747
72 317 1.839974
72 326 6.160004
72 332 10.612314
73 214 17.781428
74 280 15.160086
75 89 19.857084
75 171 7.985548
75 176 13.631413
75 194 12.339583
75 261 4.661754
76 123 12.027547
76 350 18.579624
77 92 1.533961
77 135 5.908870
77 181 10.619746
79 109 16.955028
79 114 10.668077
79 251 8.816283
79 284 14.670272
80 87 5.173133
80 216 18.208279
80 322 18.949790
80 354 2.628656
80 367 18.461962
80 374 2.559934
81 300 10.651757
82 95 1.743729
82 148 3.862102
82 277 6.306964
82 371 2.547500
82 382 6.147156
83 190 5.618728
83 303 15.619625
84 371 9.655483
85 98 8.155434
85 121 12.827350
85 178 2.920554
85 235 19.872717
86 98 7.095488
87 167 6.411742
87 209 13.616660
87 210 19.184490
87 238 10.625166
87 292 4.674863
87 333 2.987008
87 363 11.804145
88 155 4.537779
89 288 12.940636
89 320 2.906688
90 200 6.358696
90 246 2.874523
90 342 16.260901
90 354 13.406377
91 119 11.421732
91 382 19.462876
92 117 12.649761
92 151 7.093248
92 172 2.521925
92 286 2.266372
93 144 18.904935
93 160 5.475952
93 173 15.871206
93 182 1.305773
93 186 1.179572
93 234 6.465310
93 337 9.826670
94 104 17.116018
94 118 12.599069
94 161 16.450409
94 356 16.540029
95 111 9.781043
95 113 13.225304
96 219 13.434882
96 392 9.984669
97 149 7.764498
97 295 15.188254
98 126 19.726438
98 169 12.330153
98 269 10.601178
98 348 16.409101
99 110 6.161277
99 193 14.951803
99 249 15.530068
100 135 6.643242
100 363 15.226991
103 128 8.751251
103 240 8.544112
103 274 19.410758
103 319 17.729316
105 208 14.819018
106 241 18.862990
106 350 13.581389
107 259 5.589154
108 116 17.014857
108 118 9.781262
108 200 19.054043
108 215 5.586667
109 188 16.091434
109 245 4.780218
109 271 3.873922
110 144 9.706767
110 191 1.463045
110 250 15.565853
112 345 1.858825
112 388 16.655291
115 134 9.624063
115 299 13.875763
116 192 14.155624
116 256 4.803021
116 274 3.181783
117 238 1.507612
117 241 13.780429
118 210 11.302320
120 218 4.562333
120 344 1.814034
121 129 5.095580
121 302 17.677994
121 316 2.908810
122 186 14.039868
122 195 3.972354
122 206 3.343926
122 331 11.944632
123 137 17.747245
123 162 1.842660
124 196 11.207090
125 143 11.046013
125 194 1.699314
125 222 15.358249
125 330 17.011160
126 158 3.135220
126 172 12.760860
126 217 2.492034
126 253 1.140243
126 275 17.847979
126 293 9.034639
126 384 5.229562
127 153 15.409441
127 325 3.761696
128 207 16.932330
129 147 6.533232
129 243 6.572931
129 385 1.075769
130 139 5.922180
130 164 4.589838
130 197 1.728054
130 283 14.968242
131 242 4.902447
131 321 2.664603
131 389 17.058632
133 175 6.981146
133 202 4.071259
133 208 18.706650
133 330 14.018659
134 142 14.630416
134 249 19.757524
134 353 12.589605
135 170 7.157983
135 248 5.731408
135 374 9.128292
136 231 10.534056
137 166 7.413817
138 220 4.617228
140 156 17.361003
140 252 19.349056
140 263 9.696196
140 336 2.239732
142 162 11.383789
142 234 4.011168
142 357 12.515908
143 223 5.686372
143 299 16.172316
144 204 14.706634
144 253 13.744855
144 360 3.439001
145 322 10.394025
145 346 9.162236
146 161 11.445489
147 230 8.042306
150 165 4.095670
150 187 1.857207
150 255 9.380292
150 300 7.985010
150 309 16.262556
151 349 4.560727
151 356 9.644626
154 229 7.234139
158 216 19.500237
158 229 12.948185
158 308 18.873442
159 305 16.886491
159 378 3.880567
160 261 14.504943
162 394 17.504949
163 310 11.840879
164 215 10.070935
165 195 14.516972
165 266 3.038201
167 391 7.529761
168 244 1.270581
168 276 15.107888
169 373 14.555577
171 257 6.941913
171 273 10.925947
172 199 16.166050
172 244 2.814437
172 258 16.635654
172 339 9.603845
173 383 12.232469
177 180 1.444171
177 362 10.380788
179 184 13.703588
179 272 19.460159
179 384 6.829321
180 221 15.213496
180 301 15.753016
181 226 5.382084
181 335 13.171678
181 366 19.754033
183 232 4.707246
183 266 12.168428
183 341 9.762542
183 366 15.357843
188 220 4.000992
188 279 1.846353
188 353 1.224976
188 381 2.832540
189 352 17.750816
190 223 2.881565
190 230 1.119805
191 318 19.585331
192 247 1.486563
193 292 18.412968
193 343 4.887229
194 226 9.805614
194 254 19.958104
194 255 18.457206
194 307 7.778677
195 214 1.940257
196 282 19.709900
198 309 9.854962
199 237 3.344839
199 280 6.596212
202 296 14.132819
204 217 15.657915
204 278 18.968352
204 312 1.847796
204 361 15.735349
206 270 16.660482
212 213 1.769070
212 262 6.687200
213 287 14.945453
213 323 18.870160
220 313 16.601024
222 370 13.833318
223 331 11.707499
226 250 10.773740
226 257 6.132115
228 264 3.749397
228 289 7.739569
232 271 15.548034
233 277 9.841690
235 295 14.460893
237 313 14.869411
238 327 7.413869
242 287 12.400436
246 263 7.665540
247 319 19.435467
250 268 7.338900
254 355 11.352162
257 365 13.647892
257 379 4.713943
258 394 1.683898
260 364 17.925434
261 388 2.005235
262 340 7.028908
263 301 12.393606
263 373 6.925100
269 351 12.930217
269 372 11.289470
269 378 12.615365
271 334 18.502496
271 367 16.957749
272 314 4.389646
272 359 2.636054
275 324 17.806276
275 347 17.223354
277 329 2.793680
277 393 10.370337
287 395 18.859661
290 362 13.005890
297 328 7.389270
298 334 13.259950
300 399 18.672464
304 317 16.073006
305 329 2.565834
307 310 3.662904
332 341 7.875379
339 360 6.428576
363 398 10.684816
372 391 17.774281
375 386 7.604850
382 393 11.094549
18.297585 18.410696 22.740591 7.120453 24.479329 23.388753 18.221342 6.374281 10.439391 16.361698 6.120293 16.781206 7.419518 12.983653 23.130014 14.961324 6.062270 5.336873 18.182594 14.839946 7.640930 13.607196 21.853380 24.357072 23.889214 13.141721 10.545028 9.949305 20.266837 16.247549 22.516641 7.976719 17.928202 9.223953 6.241683 13.057593 14.427510 14.573620 11.549240 12.858927 12.800891 13.248285 6.336155 17.263835 5.263635 10.591637 9.371016 21.713185 24.588354 8.290316 6.732703 13.849798 8.002253 23.532319 15.462597 8.212458 11.787194 9.922670 13.253925 21.742358 7.187647 21.462070 10.954035 23.012571 5.616368 17.882606 14.028353 23.511241 20.018572 22.694193 13.738072 14.367865 24.286794 14.621968 9.495211 9.462930 23.387640 22.282728 5.706008 8.651033 11.751226 19.800005 15.544369 10.931541 19.812604 6.592998 5.465537 23.663947 16.186403 12.637508 19.409606 11.355872 20.542826 21.566879 5.868160 5.046682 23.279682 20.703334 10.673183 12.563665 10.986346 15.975109 20.452407 8.529054 18.304103 16.554617 20.721439 10.456751 19.221169 15.966507 23.547217 23.494751 9.935521 19.633912 5.358224 23.649625 19.801919 11.280963 18.760370 11.749746 6.927371 20.075315 16.445558 7.470186 9.541484 15.126116 19.453360 6.310400 12.876103 7.290471 20.458809 9.699801 22.147820 22.422786 16.531490 22.047843 10.912427 22.136416 19.708676 11.682179 6.092979 6.159222 13.595181 9.841462 15.426483 11.911501 21.878576 10.131790 16.581020 21.711024 6.235350 21.357495 12.403581 20.566337 11.488018 11.361525 19.889097 20.712881 20.270702 6.722058 11.550219 5.117180 19.078307 8.903118 19.071985 18.118121 8.563201 16.713188 11.820347 5.935556 10.225434 8.023758 9.445065 18.298372 22.350499 15.436552 5.288460 22.217297 12.188042 5.088542 19.682168 5.335932 20.041396 10.174516 5.787691 23.754009 23.408326 10.094569 21.541450 19.000595 22.751100 8.730364 8.146449 11.516795 17.596999 10.848237 12.999172 5.697840 23.149445 10.206915 24.223834 9.213564 5.563494 8.065492 11.905487 21.045123 18.736104 24.185192 24.812405 5.867661 21.286108 14.119093 23.530124 13.911466 11.853696 7.819453 24.723260 9.449079 16.429343 8.997539 15.486270 9.714942 18.247889 21.827774 12.673971 8.786986 24.894169 13.927520 10.577761 9.265888 17.836117 23.680856 16.016613 22.735655 17.046516 6.610821 18.857884 16.907718 10.438605 20.818040 14.112984 14.622051 15.134966 24.679304 16.143402 13.003888 5.694629 6.961661 5.356314 9.107457 17.118089 24.897799 8.915390 14.497217 11.761497 16.256556 20.565350 14.226564 21.434254 20.350312 6.942593 10.282164 12.964113 14.430417 15.660382 20.457149 20.574366 14.103076 15.122550 8.965200 22.109404 16.693000 21.549090 5.554111 19.622469 6.198005 12.849629 5.923864 18.224305 6.603085 18.446403 24.241297 17.138243 5.097324 12.822201 15.255880 14.795297 24.957896 15.137646 6.958519 6.578628 24.614465 15.347063 8.157747 13.521456 17.091090 14.394656 22.889360 21.158110 21.102737 6.144071 22.346489 23.074086 13.446086 23.400061 16.050647 10.918470 13.203971 6.526907 5.068060 11.618792 21.071507 13.942301 19.940331 16.530701 15.939896 15.749167 7.479186 5.225285 10.868963 11.539536 12.069164 8.886389 15.055544 5.831777 15.094214 22.692861 9.161806 15.213301 19.285716 5.277342 7.704986 22.587207 5.401752 7.639590 12.859135 20.133020 6.061842 18.626262 11.124111 7.152760 14.442773 11.543787 8.201465 11.314638 6.506287 22.705830 6.441213 14.138356 21.604602 5.550046 5.031516 12.750948 6.256777 21.672995 24.553555 18.863289 8.623406 9.189177 15.928042 21.470987 17.265208 24.340943 20.011027 7.040604 11.897180 14.048429 14.295887 7.012841 11.577167 17.410821 16.350106 8.262522 19.756544 16.850486 16.441815 14.304558 12.443170 15.016824 16.508962 20.357241 20.963413 23.097606 8.005987 11.785959 7.924736 11.332950 8.553696 19.726732 5.960732 15.879358 18.139364 22.862415 18.836660 8.343929 9.082619 17.785723 9.824789 21.191354 10.565773
26
76
0 1 2.851597
0 13 4.282914
0 18 4.223143
0 19 7.863214
0 23 7.861548
1 5 4.321294
1 7 2.382998
1 12 1.664781
1 13 6.399519
1 15 8.828436
1 18 4.736104
1 21 5.907018
1 24 2.005914
2 5 6.481616
2 9 6.122528
2 11 2.395161
2 13 4.398761
2 16 5.969891
2 21 9.007370
3 6 1.611299
3 8 8.309370
3 12 7.402105
3 18 3.279830
3 22 8.181365
4 5 2.505148
4 11 2.678764
4 20 1.951058
4 25 7.016224
5 10 1.592351
5 12 5.695622
5 21 4.753661
5 22 6.413192
6 9 1.078024
6 19 8.498973
6 24 4.433066
7 12 1.316712
7 19 9.577692
7 22 9.225558
7 24 2.584829
8 9 3.784681
8 21 5.579824
8 22 3.954956
9 14 4.175126
9 17 2.451702
9 20 9.825471
9 22 5.682839
9 25 8.877392
10 15 5.883007
11 17 6.163207
11 20 9.087598
11 21 6.867011
11 25 3.318494
12 16 3.061527
12 22 9.507787
12 25 8.833008
13 15 4.774374
13 19 2.153200
14 18 4.739240
14 21 7.425559
15 17 4.471291
15 18 5.867089
15 23 6.734591
16 17 7.695174
16 19 8.950091
16 22 2.254551
17 20 8.080695
17 22 9.564971
17 23 2.253789
17 25 1.269683
18 25 4.856586
19 24 9.219542
20 22 5.275946
21 22 4.305723
21 25 5.736390
22 23 5.769390
23 24 7.517167
296.831178 241.350320 332.613805 417.590276 329.298904 495.741988 238.120748 339.925531 268.321964 393.934674 325.688392 350.362215 293.683257 391.312531 328.187336 231.338547 454.097049 390.532947 423.564542 347.142139 385.564447 249.525127 402.164924 301.171430 362.590220 273.415338
