400
797
0 1 5.912602
0 2 3.735974
0 3 15.724246
0 4 15.066306
0 5 17.260324
0 10 5.286082
0 13 11.556259
0 40 13.574845
0 82 9.945433
0 85 11.831485
0 91 8.736201
0 108 2.564063
0 129 17.303945
0 137 13.528916
0 205 6.507842
0 244 2.975536
0 245 15.164364
0 290 8.684673
0 294 6.884483
0 320 12.014275
0 330 9.004599
0 344 12.619642
0 383 19.575932
1 2 4.317808
1 3 19.487092
1 6 13.857877
1 12 6.527109
1 14 18.297536
1 17 14.077103
1 21 2.852738
1 39 19.542831
1 42 17.901530
1 45 16.696670
1 80 16.639977
1 84 7.912948
1 106 3.564442
1 137 14.013651
1 168 13.639125
1 194 4.824647
1 202 10.582231
1 257 10.630507
1 295 15.458304
1 369 9.787743
1 398 15.787513
2 8 9.957074
2 19 15.610589
2 37 1.274016
2 63 19.497694
2 99 4.107620
2 123 3.345681
2 176 13.911754
2 179 10.413922
2 221 8.278334
2 227 12.284768
2 253 1.474167
2 286 8.920757
2 293 19.871686
2 310 14.578303
2 314 9.536879
2 369 10.639177
3 4 19.901183
3 6 17.627980
3 7 8.276533
3 14 14.296825
3 15 13.077758
3 17 3.549333
3 19 18.392815
3 24 4.385289
3 31 6.047371
3 52 5.421840
3 56 14.770231
3 57 2.015326
3 62 1.920254
3 79 6.617998
3 109 11.849506
3 134 8.456371
3 150 1.521879
3 165 2.990855
3 191 3.335714
3 203 1.980618
3 211 6.607068
3 213 1.684961
3 222 2.490195
3 231 8.893974
3 236 11.850110
3 250 19.270959
3 257 12.356088
3 261 14.151596
3 267 16.143064
3 348 3.479269
3 359 9.284267
3 367 7.131745
4 5 5.884909
4 11 2.797107
4 22 12.640276
4 26 9.569928
4 30 8.244593
4 34 19.097815
4 39 10.615540
4 47 9.725205
4 54 18.266162
4 55 18.889018
4 68 4.579845
4 78 5.535296
4 112 9.614880
4 127 7.928844
4 128 1.482171
4 154 16.905398
4 210 14.615695
4 264 10.387546
4 270 12.203674
4 307 4.866863
5 9 11.749252
5 28 5.891274
5 44 18.521432
5 62 5.126994
5 66 7.530680
5 68 14.570919
5 71 5.794100
5 74 17.574145
5 87 6.295302
5 105 16.794216
5 116 18.996633
5 120 4.421275
5 127 10.159308
5 141 3.679261
5 144 3.385040
5 147 2.206819
5 155 14.944245
5 236 6.234097
5 280 8.297706
5 285 8.960226
5 329 11.314236
5 366 8.251667
5 380 17.255036
5 394 13.252553
6 7 4.163246
6 13 4.948664
6 18 8.601563
6 31 10.036945
6 38 9.722331
6 63 16.217626
6 83 8.324989
6 92 16.145121
6 94 2.234824
6 97 2.369045
6 145 17.596378
6 152 9.329498
6 153 2.088393
6 169 3.258470
6 186 4.219776
6 300 11.836892
6 306 11.914014
6 315 8.297269
6 342 3.193447
6 374 1.329527
6 376 18.238267
7 8 9.321519
7 10 12.003815
7 29 14.205214
7 37 9.121302
7 50 7.015860
7 52 11.451018
7 97 16.473369
7 102 19.095935
7 130 7.515252
7 206 10.536621
7 281 11.213212
7 371 14.071711
7 396 15.900416
8 9 6.534296
8 21 15.224161
8 27 8.922965
8 32 3.961519
8 90 9.330747
8 110 15.187758
8 146 11.113610
8 249 9.884878
8 282 1.438336
8 354 16.874405
8 391 10.725726
9 11 6.884264
9 12 16.573097
9 16 8.192159
9 20 16.148467
9 33 1.489858
9 36 17.986897
9 55 7.659297
9 60 14.534613
9 73 5.873513
9 92 5.972269
9 118 7.415837
9 166 5.073659
9 196 1.645894
9 221 8.165375
9 223 1.280278
9 225 3.261642
9 235 14.617814
9 245 13.261031
9 309 7.478633
9 334 2.477477
9 339 17.073278
9 341 13.691298
9 361 1.284566
10 16 4.881497
10 25 14.809443
10 35 4.865087
10 165 5.740873
10 254 3.092540
10 356 8.554366
11 18 13.859613
11 46 16.340025
11 86 13.123890
11 124 3.738341
11 125 17.410258
11 143 5.420848
11 346 19.574398
12 167 17.112035
12 213 1.907536
12 266 13.961751
14 15 1.195858
14 46 6.608375
14 48 12.466342
14 67 16.640168
14 72 7.530703
14 76 15.357908
14 111 6.555414
14 114 18.124760
14 118 4.475161
14 121 4.670464
14 122 3.628538
14 163 15.171574
14 188 19.863304
14 250 8.970140
14 270 13.624283
14 294 16.918028
14 302 19.751963
14 376 4.404199
15 58 16.830899
15 105 1.771936
15 175 10.567299
15 177 15.787854
15 182 14.678830
15 326 5.512899
16 23 12.216469
16 26 2.907396
16 27 3.637485
16 28 7.052451
16 29 1.072640
16 36 19.135719
16 43 16.535179
16 77 6.929915
16 133 18.137688
16 135 11.285797
16 157 2.439438
16 162 8.529899
16 237 7.960608
16 239 13.702063
16 259 17.955438
16 278 11.972532
16 357 11.773168
16 371 2.811948
17 38 1.291302
17 136 7.133861
17 140 1.380241
17 179 8.193410
17 183 6.572542
17 283 9.840098
17 295 4.281551
17 306 7.411947
17 317 1.869131
18 56 1.615233
18 318 14.249316
19 20 6.122835
19 22 4.300155
19 23 7.436236
19 32 18.244857
19 33 4.724262
19 61 8.589882
19 102 6.718179
19 104 4.562158
19 131 16.389500
19 170 5.997642
19 171 8.082437
19 174 15.965827
19 204 14.800262
19 266 3.423011
19 330 14.895260
21 25 19.944138
21 41 5.908826
21 49 3.045742
21 101 3.853980
21 117 4.631804
21 151 17.440492
21 242 11.825229
21 274 2.252798
21 286 2.118460
21 324 15.607145
21 350 18.465369
21 370 15.135573
21 390 3.851034
22 35 13.028232
22 42 17.392931
22 78 17.847982
22 82 14.630960
22 115 11.648163
22 139 1.941969
22 148 19.249524
22 150 19.067901
22 156 11.471765
22 238 8.162386
22 254 8.269353
22 272 6.051229
22 302 14.523720
22 335 8.100131
22 346 3.512370
22 349 7.531347
22 389 12.898173
23 24 15.952592
23 30 8.744286
23 43 9.745053
23 51 12.222452
23 61 5.695665
23 72 12.542233
23 83 5.822016
23 128 13.529783
23 206 16.424596
23 209 7.413310
23 316 18.371725
23 357 19.651244
23 360 12.717049
24 57 2.220614
24 119 9.578707
24 185 8.793823
24 247 10.921971
24 268 4.882040
24 387 17.665920
25 40 3.446726
25 94 11.239208
25 119 16.364742
26 47 5.113881
26 59 6.585110
26 139 14.027490
26 147 9.119084
26 365 13.195260
27 67 7.528956
27 138 18.664047
28 96 18.813932
28 217 5.028479
28 337 12.184346
29 396 13.936935
30 111 2.959326
31 41 8.590948
31 54 18.602538
31 86 13.402934
31 101 11.704267
31 114 16.589434
31 126 7.100103
31 249 15.335832
31 263 5.543492
31 341 9.890358
32 122 18.733359
32 233 5.006074
32 269 15.603821
33 34 5.838918
33 45 14.178808
33 48 9.673170
33 53 7.169760
33 69 2.915939
33 75 13.056863
33 89 9.495166
33 91 1.008220
33 98 3.228186
33 120 6.236133
33 124 9.308375
33 153 3.454110
33 197 9.006112
33 235 8.248123
33 283 16.041006
33 284 16.409343
34 75 10.040721
34 76 10.948003
34 303 3.998106
34 393 4.820327
35 51 12.313314
35 160 13.152243
35 193 9.594412
35 216 3.597132
36 133 9.151438
36 351 15.207063
37 131 15.374346
37 174 5.623865
37 184 10.361783
38 207 4.380411
39 50 3.434631
39 278 8.316360
40 53 14.754705
40 70 12.232494
40 79 6.830478
40 198 17.758786
40 224 18.302836
40 239 11.271584
40 241 12.188668
40 375 10.500989
41 44 11.461305
41 49 8.772914
41 58 5.130281
41 104 15.198831
41 152 10.795142
41 229 19.869921
41 322 10.538350
41 380 2.457639
42 162 10.523236
42 170 16.891654
42 199 19.409472
43 59 8.585894
43 60 15.466873
43 81 19.255869
43 291 18.106696
43 299 17.853919
44 95 14.302430
44 155 16.183152
45 310 12.120973
46 65 12.938778
46 161 12.448616
46 181 16.397094
46 288 18.247154
46 321 4.826931
47 85 19.422358
47 98 18.215515
47 107 5.182806
47 177 12.984144
47 218 6.203050
48 163 1.780953
48 193 17.623852
48 212 8.909366
48 274 13.152700
48 356 12.250493
48 360 16.939419
49 65 1.616362
49 80 3.843406
49 126 3.834103
49 173 10.555151
49 200 11.168134
49 215 11.008480
49 311 15.618783
49 323 17.081496
49 352 11.436811
50 108 17.114694
50 149 17.518161
50 168 1.674476
51 93 14.079191
51 100 15.688641
51 109 17.195803
51 200 6.161656
51 313 12.712655
52 187 10.986324
52 192 11.123708
52 256 19.848658
53 185 15.670464
53 196 19.364236
53 210 7.924533
53 358 4.135789
54 64 6.518218
54 69 18.417644
54 224 16.038216
54 237 17.031227
54 293 4.455116
54 361 9.773862
54 368 13.950799
55 397 18.331400
56 88 3.784189
56 90 1.819049
56 132 12.559419
57 66 13.502273
57 70 6.711717
57 74 6.746726
57 87 2.607948
57 159 17.123811
57 164 12.649415
57 225 18.699518
57 272 13.831593
57 301 5.848944
57 399 3.806409
58 113 12.576742
58 365 14.942240
58 373 8.201797
58 388 14.384066
59 64 13.146427
59 81 1.435840
59 84 19.898236
59 106 19.470796
59 183 8.690144
59 222 6.885391
59 327 12.654067
59 381 1.470066
60 243 10.330130
60 264 11.423243
60 318 17.111450
60 367 16.470570
61 115 12.228288
61 116 3.732075
61 148 6.502919
61 186 7.375185
61 273 2.747094
61 289 7.514708
62 230 3.641110
63 145 7.248401
63 158 3.506912
63 211 9.677122
64 110 13.821386
65 73 14.465366
65 378 18.698298
66 88 15.727307
66 107 5.186585
66 296 13.024886
66 313 17.076386
67 167 7.692370
67 201 11.043838
67 397 2.508103
68 327 12.698419
69 77 3.890740
69 268 16.743516
70 71 11.277706
70 95 7.037667
70 100 7.989410
70 125 2.458400
70 146 1.775289
70 311 3.670801
71 255 3.171964
71 309 17.812100
72 140 10.929980
72 160 6.891706
72 277 6.440178
73 220 1.840281
74 112 12.523129
74 198 15.633285
74 374 19.812364
75 192 10.733801
75 212 2.505553
76 93 8.462435
76 96 19.637396
76 113 5.563508
76 182 4.580997
76 233 17.907873
76 317 17.886274
76 319 7.823756
76 392 19.248178
77 279 14.500128
78 348 12.583196
79 134 13.659103
79 203 2.180207
79 398 18.560730
81 103 6.932779
83 173 9.310518
83 202 11.121660
83 265 5.970013
83 287 4.161933
83 297 16.994106
84 331 15.215633
85 89 18.495970
85 123 6.215057
85 130 19.352200
85 276 15.624526
86 129 15.543386
86 151 14.766497
87 117 2.677992
87 171 17.029280
87 172 5.106135
87 217 9.323002
87 219 11.595905
88 132 19.236567
88 143 1.024178
88 275 2.875731
89 103 10.872830
89 180 5.636521
89 352 17.149874
90 176 15.285453
91 99 13.422720
91 227 19.028856
92 263 17.259368
93 228 12.935777
93 375 2.866700
94 172 3.633566
95 135 12.049107
95 267 1.987367
96 136 18.912275
96 142 17.112840
96 226 6.627724
96 260 17.976923
99 333 12.776774
100 166 11.073820
100 219 12.262036
100 325 19.582011
100 350 10.728387
102 138 1.363406
102 149 9.923422
102 255 4.039646
104 187 17.507828
104 345 17.399116
106 214 1.242603
106 234 13.541293
106 285 6.241169
106 296 19.217149
107 144 4.451522
108 169 4.232282
108 190 16.233917
108 344 19.459222
111 141 8.038245
111 232 16.009802
112 189 2.572010
112 260 10.299328
113 232 15.527304
117 156 13.026075
118 157 12.925435
118 190 17.181306
118 328 1.996341
118 345 2.950306
118 395 14.733878
119 121 7.430126
119 154 1.416959
119 284 7.090450
120 258 12.017571
123 373 15.256117
126 188 6.873932
126 390 5.494032
127 164 18.207484
127 289 2.325828
128 158 16.800498
128 253 1.731819
128 399 19.145161
129 384 19.335733
131 229 14.128199
131 279 19.484378
131 362 3.761845
132 181 10.217819
132 223 17.796163
133 305 18.313881
135 208 2.211264
135 215 18.114263
136 189 16.631590
136 218 12.632376
137 241 8.550422
138 216 16.022844
140 142 5.139430
140 248 15.924368
141 191 2.820628
141 340 1.913040
142 197 14.072441
143 385 15.947681
145 287 19.350894
146 220 6.702464
146 382 18.008136
146 385 1.845579
147 184 14.188423
147 391 15.718799
148 175 8.313887
150 207 8.841023
150 363 11.153049
151 159 2.375545
151 228 17.794414
151 280 3.713773
151 319 15.610888
151 338 16.959195
154 161 12.701717
155 277 19.901299
155 368 13.502895
158 195 18.405204
159 364 15.392164
160 298 17.209329
161 178 8.973698
164 209 13.061827
164 231 8.033818
164 300 14.367225
165 178 1.823910
169 240 6.225458
170 238 18.887020
170 320 15.586424
171 180 8.786218
171 347 3.457233
172 291 11.185640
173 199 18.766683
174 194 13.337510
174 269 2.874377
174 276 8.888117
174 299 6.723584
175 226 3.795525
176 251 18.692367
176 271 15.633476
177 201 17.098996
178 208 10.708047
179 307 7.349085
180 343 15.013911
181 214 18.494687
181 273 14.669621
182 258 7.934958
184 204 8.484721
187 338 15.507219
189 353 18.931105
190 333 19.614970
191 247 7.768853
191 331 10.510918
192 195 2.166917
192 246 5.945689
192 288 18.249833
192 323 2.931933
192 332 9.824997
193 251 3.373439
193 343 11.649682
193 347 14.838169
194 240 6.449405
196 234 18.058544
196 321 10.291004
197 392 14.511368
198 262 6.962335
198 328 11.556123
198 354 8.875970
199 205 10.812627
199 304 7.566585
203 252 16.598830
203 342 11.229510
206 244 3.171851
206 298 5.207750
207 271 19.708774
207 308 1.346166
207 326 14.859559
209 282 4.933275
210 246 11.734542
211 301 11.086220
211 308 7.125422
211 322 2.724645
211 339 14.849346
211 355 13.003498
211 364 2.261113
213 315 15.171065
213 381 16.511575
214 336 17.396754
219 389 10.941027
220 259 13.184540
220 304 15.548655
221 265 19.861572
221 359 8.796485
222 242 19.882572
223 230 5.295163
225 386 10.598185
227 261 7.730366
228 256 9.386394
230 243 8.444089
234 248 3.152373
234 292 14.818417
234 334 14.071564
236 394 2.672429
238 388 7.643742
241 275 19.782720
241 297 19.553834
242 378 19.898693
242 386 10.810120
244 312 9.619140
244 314 17.778117
247 252 14.181265
247 281 9.589165
248 292 8.215130
251 316 16.931836
252 262 5.787467
256 340 17.789416
258 377 19.058259
260 395 2.281990
262 387 8.325082
264 290 19.483016
265 325 17.404535
270 303 18.230717
270 349 17.656999
272 305 5.290671
273 353 3.171712
277 337 15.034022
280 336 19.048099
282 379 6.946818
291 329 2.913738
295 372 8.429026
300 377 8.432997
303 379 19.467664
306 312 7.043106
306 324 6.190189
306 332 3.482807
310 335 2.596130
314 358 16.673865
314 362 5.275787
314 363 5.764869
316 351 1.262770
324 372 15.082315
324 382 1.833866
326 393 9.329124
337 355 13.664303
337 366 8.325199
354 383 10.086267
358 384 8.728083
362 370 18.998828
19.849845 16.316740 21.058168 13.256701 5.002294 21.564023 5.720915 5.000909 17.127402 24.999393 23.051365 18.658295 8.102987 24.735691 22.617735 20.165406 20.472606 14.995427 21.452661 14.854968 5.938963 8.458446 15.728587 17.946785 12.700776 11.053031 20.608839 21.277115 15.726603 9.729681 17.246705 21.714988 21.074110 17.781180 21.695189 9.611168 19.733447 6.438302 21.905695 10.909872 7.333595 21.007509 17.647608 7.001429 23.031498 22.449624 16.607206 14.552330 8.035379 7.808307 15.565681 8.398376 12.425110 22.918495 8.145215 6.563905 6.359096 8.166399 18.400739 17.086799 19.684707 16.720591 18.717650 13.156677 18.847269 6.113938 11.674858 5.459902 22.682365 12.246119 15.792624 10.280155 15.715859 21.582977 24.816174 10.943256 23.981982 17.683006 17.285206 22.731816 20.627375 16.746973 17.070389 14.779040 20.523376 24.026707 19.926441 11.090505 6.583787 20.283146 15.342946 16.423476 19.873729 24.395950 11.695422 20.024233 14.157317 24.554817 13.832349 23.137409 15.410943 17.520288 19.968744 19.352515 18.616203 19.470752 14.301790 10.106602 10.801021 22.573439 18.299436 13.618996 23.011939 9.734223 16.842526 7.643589 18.850142 18.222917 23.906862 15.604001 16.534269 8.384983 9.918642 22.478826 18.910428 17.837057 5.203676 10.167078 17.318947 5.600705 12.651848 24.140863 10.550987 21.620224 10.202176 17.022906 23.257778 21.456297 10.177009 5.778051 5.787232 17.773903 7.219539 12.391491 24.080827 15.218169 11.684322 17.060818 7.423657 14.497464 12.269367 20.364114 6.723702 13.150166 21.001545 13.874292 20.776996 8.343256 19.661852 15.298857 23.675853 15.392779 17.881483 21.756436 14.630062 21.591389 16.358048 13.843451 17.911994 13.592553 16.971054 17.578790 8.437525 11.645814 10.142370 5.992868 12.650036 17.688897 11.309019 16.747465 22.405984 16.969184 9.812755 8.822186 11.582111 17.902340 7.035294 5.189268 21.159048 16.044205 11.400525 14.484225 24.404852 6.535365 10.985746 18.237297 7.043107 7.426113 6.208480 14.096456 10.423646 20.598341 23.377103 6.404047 16.112135 13.546525 23.163735 14.571145 20.972371 7.849728 5.999963 7.909001 10.956925 18.889401 21.528975 13.234157 21.165431 19.988331 18.323212 22.843602 16.043131 20.325134 20.709748 23.947522 23.241056 9.186647 15.332833 17.589493 22.906678 13.068810 16.038378 21.155677 11.472627 6.978916 8.204487 23.876059 5.424765 24.300698 13.251279 8.116781 21.468625 15.920366 14.107163 16.666870 23.670773 19.634145 22.425801 14.802574 9.118935 9.586080 23.191456 16.119043 21.145458 24.970492 5.285717 11.936649 7.205767 17.516415 24.835337 7.546541 10.609181 10.033927 19.309643 21.629037 5.949709 6.807535 21.974374 21.206589 18.039707 23.505939 9.005324 21.757133 11.882334 16.688646 19.374107 5.154193 9.783650 10.475445 16.713970 16.566356 15.835291 5.270428 16.286493 20.847776 16.702303 19.335438 24.859010 23.993574 19.032728 9.094527 18.699857 16.530342 19.944983 11.514425 13.170154 24.364544 11.661486 18.283042 8.583046 22.236562 6.198095 21.644216 21.900861 18.585224 20.270277 22.932740 23.390369 6.775745 5.666294 6.874752 11.307536 8.453701 12.523009 22.668506 15.794226 16.584355 7.309483 18.123006 15.937837 15.717222 16.534520 9.732638 15.109527 20.763091 18.321951 17.340592 7.412367 12.835173 23.768091 11.201316 24.136148 20.452810 20.968786 15.204213 19.940172 10.578276 14.658981 10.156897 24.693285 8.072868 23.162709 16.219332 19.804580 8.162140 24.761782 20.786914 15.672898 10.136158 18.820201 20.778585 19.719231 16.678898 15.553920 17.859730 18.905123 20.778462 5.899278 12.196601 21.249482 15.013214 11.202619 19.606384 16.119420 21.438423 14.051028 22.116116 12.159527 23.660571 13.352226 8.343698 21.560372 23.385171 23.743126 10.626973 18.442065 12.062672 13.471491 15.843174 23.915593 10.513573 8.505812 19.085366 13.549466 21.052407 23.091791 6.499685 16.778446 24.251661 6.600490 10.511388 13.638292 9.790511 24.763566 19.883707 9.902819 13.988938 13.003907 9.066179 10.621340 21.986439
26
78
0 1 5.917571
0 2 2.973299
0 4 5.556838
0 5 5.002508
0 9 6.888575
1 8 9.864651
1 10 2.129591
1 20 9.331428
1 21 6.818601
2 6 9.164523
2 9 4.526160
2 11 3.459034
2 13 7.244934
2 18 2.127150
2 19 7.964607
3 7 3.345837
3 8 8.645336
3 17 5.475743
3 19 7.478248
3 22 5.459461
4 7 6.104887
4 8 9.624541
4 15 8.110549
4 18 6.641416
4 19 4.958634
4 22 8.937647
5 11 8.011900
5 13 8.377019
5 21 5.309430
5 25 2.030031
6 18 3.358941
6 19 2.506311
6 21 6.394217
6 24 2.406770
6 25 1.119669
7 11 5.897009
7 15 6.986747
7 16 1.005296
7 18 5.551458
7 19 9.019252
7 20 9.515206
8 9 8.885375
8 10 9.550448
8 14 3.228051
9 13 3.401288
9 14 6.614455
9 15 1.832247
9 16 2.856691
9 22 6.874290
9 23 3.931449
10 14 9.334800
10 15 7.283701
10 17 3.046664
11 16 4.029758
11 24 6.010876
12 13 8.766390
12 17 5.957397
12 19 9.651867
12 20 8.332911
12 23 1.669204
12 24 9.708665
13 24 8.692425
14 16 3.587361
14 21 1.693160
15 18 6.241135
15 19 2.937591
15 22 1.421133
15 25 5.169634
16 17 7.391921
16 18 1.403869
16 22 2.776042
17 18 9.028206
17 24 9.760651
18 20 2.483954
18 21 3.257697
20 23 2.245198
22 23 3.582520
23 24 4.232591
474.420607 399.705005 472.149895 287.515203 531.255743 407.128051 243.162542 287.562540 274.981596 340.027635 310.659361 239.557812 258.561871 412.094525 262.968422 307.639089 435.902590 251.568130 509.818002 536.825968 398.738627 486.943980 464.562503 269.351385 416.775751 442.585748
