500
997
0 1 2.179199
0 2 9.706979
0 5 3.451571
0 6 3.894207
0 10 13.013373
0 15 8.465620
0 27 18.515197
0 35 7.063973
0 43 14.797422
0 68 9.760889
0 75 13.539075
0 102 12.394212
0 119 9.982895
0 197 19.051161
0 211 7.511559
0 267 4.367475
0 297 13.883787
0 323 17.074144
0 370 1.764821
0 371 9.543021
0 382 17.957266
0 387 15.242754
0 405 19.844347
0 498 11.096862
1 2 13.539919
1 3 6.747125
1 9 19.003176
1 16 7.960374
1 19 15.031704
1 38 8.659664
1 63 11.674560
1 82 14.675868
1 88 10.669749
1 113 18.234640
1 134 8.966719
1 259 13.294364
1 341 7.504886
1 398 8.754977
1 405 9.360952
1 412 3.390333
1 420 2.742750
2 3 13.682309
2 4 13.454837
2 7 13.595285
2 14 1.375562
2 19 7.204390
2 20 4.758387
2 26 15.784877
2 30 17.351978
2 31 5.686927
2 43 13.689134
2 49 3.457893
2 50 6.227898
2 55 3.634435
2 62 6.386895
2 65 13.819994
2 70 18.296211
2 129 4.847926
2 135 11.299502
2 136 14.326431
2 140 19.105527
2 143 12.591149
2 145 5.847032
2 207 12.884085
2 210 7.089332
2 211 19.546439
2 217 8.593847
2 225 14.023127
2 242 1.441324
2 277 8.601167
2 294 17.627045
2 309 12.594321
2 316 9.434915
2 324 18.782812
2 361 17.225703
2 383 7.122098
2 397 11.346420
2 435 10.306661
2 485 13.011848
3 4 7.348114
3 9 5.639895
3 12 18.340765
3 26 18.553615
3 42 17.023135
3 45 19.585884
3 46 15.154839
3 64 15.528677
3 77 15.489212
3 80 10.131545
3 94 9.672592
3 214 5.564299
3 224 13.251565
3 256 6.497083
3 317 5.898360
3 321 12.133266
3 362 8.789665
3 379 5.158276
3 381 16.505064
3 451 17.350828
4 5 4.186291
4 6 1.142634
4 8 7.386469
4 10 16.152706
4 18 16.944303
4 23 3.628252
4 25 15.712382
4 36 3.198379
4 37 8.411189
4 56 19.973581
4 58 4.659226
4 66 3.925308
4 76 9.033206
4 96 12.773702
4 102 18.725115
4 103 19.635602
4 104 2.323172
4 108 3.621953
4 109 16.024022
4 115 6.142011
4 119 17.812132
4 128 13.605612
4 134 3.125051
4 144 16.818056
4 146 4.350771
4 168 9.046412
4 169 11.491514
4 174 10.514557
4 181 14.037095
4 206 13.401048
4 227 19.848798
4 255 19.989016
4 273 10.812729
4 283 2.808783
4 340 14.829023
4 363 19.556617
4 365 7.048201
4 367 9.762969
4 410 9.070762
4 493 1.976964
5 11 13.773024
5 15 7.713416
5 34 15.961814
5 38 16.810281
5 87 16.603385
5 97 8.916654
5 131 7.109368
5 150 15.227595
5 180 16.226399
5 181 10.333891
5 201 17.967589
5 204 3.734265
5 280 17.702307
5 313 2.825809
5 331 3.916985
5 396 11.142960
5 458 2.282851
6 7 2.003335
6 8 1.009856
6 20 9.290017
6 21 15.717854
6 24 1.661929
6 39 13.392895
6 52 16.639419
6 54 4.192016
6 98 3.790411
6 130 17.355218
6 133 16.639368
6 154 11.239894
6 167 16.564798
6 170 2.762365
6 194 8.495149
6 195 15.018154
6 218 5.891587
6 236 15.294249
6 291 10.579393
7 12 15.255054
7 18 9.828913
7 48 7.990182
7 81 5.164595
7 99 4.959207
7 106 15.278325
7 132 3.259297
7 135 2.633665
7 187 4.349536
7 254 4.331584
7 262 16.639045
7 317 8.571626
7 358 19.817381
7 422 3.607014
8 11 13.417257
8 29 9.525861
8 57 8.465445
8 140 17.626600
8 208 19.536317
8 236 17.584320
8 303 4.653713
8 362 5.195161
9 14 13.465404
9 16 6.492588
9 36 14.959777
9 73 11.761992
9 103 11.467267
9 175 16.742392
9 187 14.500123
9 220 1.504978
9 230 1.939724
9 234 12.429611
9 309 10.237649
9 366 5.943508
9 370 8.954466
9 384 15.400296
9 432 16.705618
9 434 11.663238
9 446 8.322020
9 460 6.143238
9 469 10.916451
10 13 6.980243
10 17 11.717808
10 21 13.856395
10 32 2.255505
10 35 1.020282
10 41 5.033266
10 47 17.995718
10 49 13.279525
10 64 4.267247
10 78 17.915015
10 86 9.929163
10 95 10.045743
10 96 18.775297
10 121 2.130247
10 261 5.088387
10 272 12.129655
10 453 4.714244
11 85 13.911013
11 165 5.067753
11 226 2.883982
11 275 4.932718
11 335 9.031947
11 339 4.346628
11 402 3.559148
12 13 17.345356
12 22 7.087547
12 30 7.854415
12 44 2.050138
12 47 7.790023
12 67 6.031336
12 73 12.599216
12 84 4.902416
12 126 17.878944
12 127 18.663666
12 141 2.896790
12 156 3.040656
12 227 3.191202
12 257 12.771816
12 268 3.317410
12 269 17.195264
12 381 15.331159
12 407 16.576368
12 468 10.995150
12 486 19.936867
13 25 1.839327
13 32 8.624034
13 34 7.154797
13 92 19.024264
13 112 11.960358
13 141 16.317628
13 209 4.236483
13 221 19.594049
13 443 10.474151
13 481 10.379769
14 28 19.446810
14 45 8.233915
14 54 8.552975
14 56 12.110301
14 60 3.433000
14 62 7.100627
14 100 4.670958
14 110 2.962386
14 217 17.456748
14 276 12.197292
14 293 7.814783
14 351 8.764718
14 380 9.198861
14 402 13.029834
14 458 18.608618
14 481 18.722813
15 40 8.438348
15 83 7.255987
15 133 9.569884
15 154 11.790750
15 424 9.774540
16 17 13.516315
16 22 11.533581
16 23 7.093595
16 24 7.568885
16 28 8.193263
16 31 2.798156
16 33 4.155190
16 173 14.739162
16 388 8.392838
17 27 5.076240
17 74 11.690776
17 93 15.355251
17 131 5.891025
17 240 16.709008
17 294 18.622592
18 29 12.350496
18 39 13.710006
18 63 1.998944
18 138 18.964878
18 207 8.457210
18 213 18.554108
18 243 12.000573
18 267 1.087757
18 331 1.732298
18 398 13.927957
19 41 11.690692
19 69 1.504116
19 72 15.125739
19 159 17.190761
19 164 10.431932
19 185 9.849391
19 403 1.103989
19 444 15.946345
19 463 7.283605
19 492 17.696509
20 33 8.088151
20 48 11.736480
20 71 6.136494
20 88 4.051178
20 357 15.723250
20 462 10.435219
20 476 11.193271
21 57 19.342903
22 110 19.308018
22 483 17.257200
23 157 4.564577
23 340 12.291181
23 383 17.684801
23 425 8.114815
24 46 2.921017
24 61 16.408295
24 74 10.153507
24 124 11.723461
24 161 19.660742
24 222 12.537017
24 277 9.074608
25 44 8.029703
25 203 8.934767
26 40 3.249583
26 65 16.100261
26 67 16.916620
26 143 6.403546
26 186 6.772136
26 198 17.612351
26 280 1.455437
26 368 10.888691
26 449 9.809839
26 471 14.112409
27 51 4.104442
27 60 13.698284
27 68 8.157946
27 72 12.755581
27 77 1.761805
27 86 9.772817
27 123 10.922767
27 137 5.072202
27 156 3.652849
27 157 4.581012
27 200 7.538680
27 237 2.839393
27 321 18.999076
27 425 8.694887
28 37 16.370422
28 115 19.513925
28 184 2.533970
28 326 13.381720
28 442 17.556773
28 489 13.050454
29 42 9.151496
29 53 9.190451
29 61 1.682079
29 82 11.157414
29 91 19.877317
29 101 19.215443
29 124 1.767585
29 153 14.410143
29 158 6.733532
29 231 18.156794
29 256 1.857180
29 346 18.781608
29 395 16.912039
29 434 3.232583
29 448 2.136662
30 142 16.859446
30 237 3.959396
30 427 11.163065
31 377 18.399152
32 105 11.781514
32 111 8.547433
32 118 9.455305
32 350 2.199226
32 467 19.406294
33 59 6.902430
33 126 4.597906
33 186 6.434899
33 241 19.323091
34 53 2.791435
34 155 17.478758
34 246 14.449034
34 278 16.770364
34 297 19.542053
34 413 17.000938
34 484 18.924265
35 363 3.411770
35 376 16.119983
35 385 11.367838
36 253 11.326416
36 496 18.079510
37 59 19.464273
37 258 14.391928
37 264 10.175829
38 79 9.671673
38 189 8.340488
38 192 7.870382
39 78 8.438630
39 307 2.705311
39 330 2.471286
40 390 15.817527
42 98 9.475385
42 375 18.683005
43 51 12.632199
43 106 1.668344
43 114 3.992943
43 121 4.910576
43 152 19.538984
43 182 5.155380
43 257 10.799358
43 296 18.787362
43 414 19.566662
43 446 5.490848
44 138 1.933235
45 58 3.918435
45 345 2.203241
46 50 4.707361
46 55 11.802825
46 70 18.336527
46 79 11.207159
46 155 12.893802
46 160 4.835478
46 328 16.211089
46 334 12.737989
46 352 17.418600
46 472 19.028019
47 93 7.610115
47 249 2.721002
47 454 5.292650
47 476 9.318990
48 188 18.968179
48 285 8.187887
48 462 15.644691
48 475 11.269057
49 52 4.473367
49 116 7.093948
49 144 13.410646
49 409 13.784214
49 450 9.260435
50 151 5.344266
50 177 14.716229
50 262 4.208588
50 289 18.796724
50 293 4.570168
50 349 3.038935
50 485 10.455306
51 80 10.871442
52 260 10.655665
53 199 9.296682
53 368 19.901483
54 75 10.239332
54 470 10.080985
55 104 9.013555
55 114 2.269689
55 122 12.266176
55 123 5.331388
55 129 13.114571
55 151 1.965836
55 197 19.646355
55 235 9.911097
55 284 18.038352
55 308 10.035662
55 411 2.146286
55 448 16.622057
56 90 13.315491
56 142 15.853384
56 161 9.135227
56 179 13.120798
56 199 17.268351
56 239 12.990243
56 240 7.605799
56 266 13.588062
56 346 13.765230
56 350 19.251152
56 365 8.047334
57 66 9.076554
57 111 16.430336
57 136 10.609484
57 163 14.994889
57 191 9.734480
57 242 5.094408
57 332 15.158873
58 105 3.491948
58 273 4.773090
58 327 12.909675
58 375 15.198126
59 84 17.999070
59 94 6.179143
59 238 3.103761
59 342 19.164887
59 393 3.934039
59 396 4.755673
59 400 6.535260
59 454 11.058436
60 499 17.773686
61 83 15.450374
61 92 14.454994
61 107 4.328431
61 177 7.795970
61 373 10.089694
61 378 3.801093
61 465 6.195164
62 125 6.858331
62 248 3.418248
63 76 11.454554
63 228 14.395536
63 316 2.328701
63 459 10.141339
64 69 15.862013
64 71 15.211812
64 291 16.486389
65 108 9.516572
66 100 16.590585
66 339 5.574308
66 438 7.855401
69 81 4.350756
69 176 9.882206
71 176 8.449140
71 235 5.577615
71 274 15.283833
71 397 6.963089
72 97 6.183282
72 149 3.486916
72 190 9.337612
72 218 6.756328
72 243 8.016184
73 89 5.483948
73 137 15.499954
73 153 18.670064
73 171 10.460705
73 174 13.216970
73 272 17.476273
74 90 19.977763
74 107 12.656813
74 167 17.905810
74 312 18.263557
74 325 16.037578
74 329 9.757696
74 337 2.541926
74 392 1.300306
74 487 10.066812
76 91 10.391976
76 445 8.739885
77 164 11.795180
77 179 11.491091
78 85 16.895648
78 87 3.064485
78 127 5.278376
78 175 16.067095
78 234 17.108900
78 334 19.901660
78 366 17.585328
79 99 17.908081
79 118 6.972611
79 162 8.631571
79 275 6.093617
79 295 12.519689
79 304 18.837302
79 474 7.548177
80 254 11.583034
80 369 6.629693
81 117 4.226200
81 196 4.708525
82 120 2.100962
82 251 19.036577
83 343 8.654713
84 158 16.848297
84 249 13.945260
84 493 4.646502
84 494 4.333783
85 95 16.427776
86 278 6.029523
87 89 18.352418
87 252 3.661053
87 279 13.876464
87 286 16.475004
87 429 5.469871
88 120 6.247940
88 436 19.325859
89 369 6.027355
90 300 9.169184
90 311 9.217796
90 442 5.807660
91 128 15.740031
91 166 15.665138
91 182 8.188042
91 416 16.867390
91 465 5.048424
93 423 1.081810
94 195 11.852180
94 212 19.887478
94 230 1.734242
94 247 4.951963
94 268 10.859378
94 287 16.388874
94 290 2.691798
94 341 8.509458
94 354 15.194440
94 360 8.059321
94 373 4.587892
94 395 4.714421
95 130 8.790927
95 183 10.108924
95 438 17.374474
96 101 13.202796
96 109 14.117637
96 122 19.676756
96 232 8.825025
96 244 8.663734
96 421 18.543592
96 443 5.671636
97 310 14.866490
98 125 15.336890
98 244 2.857972
99 113 9.896397
99 149 4.810687
99 150 4.522130
99 165 9.812734
99 168 6.499164
99 419 16.125149
100 223 18.244493
100 364 16.251692
100 440 6.054587
101 205 6.208553
101 241 5.839839
102 148 3.565724
102 224 18.932169
102 284 8.638908
102 290 5.269100
103 112 17.086750
103 219 8.584711
103 270 1.667219
103 466 4.076890
104 117 13.145756
105 139 15.875200
105 196 5.007753
105 205 18.430516
105 210 17.168945
105 354 17.119234
105 379 5.325562
105 391 1.960184
105 488 17.481047
106 145 6.810204
106 238 12.759411
107 338 15.439371
108 471 3.437572
109 116 15.835929
109 147 18.831718
109 229 14.839124
109 323 9.383232
110 139 17.656885
111 193 11.021695
111 376 15.150648
112 163 16.589613
112 189 15.237704
112 261 6.469243
113 178 3.239034
113 239 5.528432
114 132 10.554624
114 172 10.600262
114 233 12.070243
114 248 8.506935
114 279 15.950936
114 305 18.349921
114 372 5.687776
117 152 14.993941
117 171 13.881465
117 172 10.938719
117 185 4.582074
117 288 16.109413
118 183 19.251899
118 245 14.714890
118 314 18.439340
119 216 19.699520
119 360 7.688963
119 480 13.126248
120 246 10.004722
120 347 19.745946
120 372 2.782349
120 427 8.835123
122 178 17.635242
122 364 6.396975
123 147 15.968064
123 162 8.272880
124 344 19.619592
124 441 17.787067
124 472 6.725087
125 191 15.633669
125 296 7.400274
125 497 12.520894
126 222 13.511135
126 266 16.762313
126 450 1.464566
127 146 5.183000
128 166 14.526438
128 226 11.706942
128 232 10.416496
129 404 2.048989
131 281 7.617242
133 201 17.436904
133 221 1.586964
133 451 8.532288
134 299 18.957817
135 219 1.966734
135 245 15.244409
135 292 5.894640
135 335 17.465568
135 352 15.175292
136 282 17.828398
136 488 5.102571
137 208 11.094562
138 160 15.806129
138 298 5.668295
138 329 5.384180
138 358 1.516461
138 419 19.211791
138 491 14.490321
141 215 13.075647
141 453 15.135900
142 265 11.100645
142 421 10.046543
143 148 9.541113
143 429 13.168345
143 482 4.829165
144 198 17.873115
144 282 16.423295
144 337 7.641709
144 408 11.993577
145 159 3.679519
146 348 19.474579
146 479 18.154961
147 212 18.516053
147 322 7.311098
148 194 4.213559
148 265 5.023671
149 214 2.710026
149 250 3.282102
149 385 2.354786
150 305 19.806638
151 169 2.407096
151 203 3.518300
152 449 16.717837
154 184 12.024564
154 229 15.713927
155 415 12.987328
157 173 17.761326
157 258 13.130883
158 170 10.920377
159 180 14.542244
160 386 9.500462
160 478 7.575213
161 216 9.885397
162 342 4.224568
163 202 16.134863
163 213 5.953372
163 417 3.917099
165 247 5.680693
165 298 16.999333
166 318 7.273825
166 406 14.034948
166 475 17.271783
167 461 2.477149
167 479 15.535464
168 188 6.845644
168 220 5.115825
169 190 14.089128
169 326 18.286136
169 391 6.605365
169 394 11.807842
169 401 6.506848
169 431 11.531426
170 480 12.815379
170 489 12.596372
171 264 12.847381
171 274 3.566516
171 324 14.177269
171 459 13.820257
172 206 13.969174
172 410 2.407341
173 200 9.489938
173 252 8.771668
173 301 2.647518
173 349 5.224991
173 384 9.378290
173 388 15.115220
173 413 5.504179
177 193 16.765248
177 439 11.370167
178 359 15.448012
179 209 9.978564
179 283 10.484690
180 304 12.774668
180 484 18.631442
182 318 10.344439
182 415 11.044493
183 225 12.437942
183 286 15.012788
183 307 2.365156
184 409 10.798061
185 355 10.150240
187 192 18.512015
187 253 10.376625
187 336 9.898090
188 259 19.281800
188 440 9.560953
188 464 4.436804
189 215 5.121406
189 300 2.808563
190 255 1.010794
190 308 9.206968
191 332 15.615609
191 439 14.935862
194 320 1.610833
199 269 11.829675
200 260 3.931379
200 302 18.880449
200 377 4.179935
201 202 12.906145
201 271 7.198529
202 367 13.189665
203 204 8.832913
203 310 15.433218
204 250 5.382903
206 461 18.210045
207 411 10.503983
208 319 15.365770
210 231 17.144874
210 233 19.977744
210 281 5.254968
212 348 6.450956
212 487 5.758229
213 313 5.994555
214 285 12.066450
214 344 19.876928
214 380 19.815284
215 223 11.008691
216 416 13.141517
217 314 17.339440
218 251 18.725736
218 287 4.873352
218 403 11.042293
219 289 16.823904
220 228 6.760839
220 320 9.356372
220 452 19.726801
222 423 19.715887
223 399 18.216029
223 495 16.170519
227 315 6.113480
234 276 7.096151
234 333 11.398374
234 399 11.654770
235 353 10.604554
237 444 13.096735
237 498 8.758137
239 303 15.234309
240 353 7.337449
241 357 7.282863
241 400 3.417293
244 263 4.585532
244 417 17.159897
245 288 9.479364
248 374 5.329488
250 322 15.427481
252 292 11.525641
252 319 1.401964
252 327 7.010868
252 328 4.363027
252 389 13.461584
253 356 6.225590
253 437 2.233989
254 301 2.043765
254 428 12.052819
254 430 1.412746
260 295 17.127050
261 263 3.952545
261 430 12.524760
263 418 9.449073
265 270 9.414179
266 271 2.364146
266 435 16.252293
268 473 17.967997
270 330 1.209317
271 325 4.393479
271 394 18.174180
277 315 11.440379
279 393 3.850752
279 447 4.853019
279 464 13.539739
281 351 14.771520
281 374 12.389109
283 302 19.109819
287 420 10.387208
287 431 6.705166
288 345 10.067425
289 299 7.833660
290 306 5.263902
290 371 1.873302
290 455 7.692037
292 338 14.516778
293 386 1.350318
295 466 9.344392
296 347 13.236179
296 387 12.597678
297 433 15.756320
298 306 16.399875
298 491 14.522411
299 389 2.953156
300 312 10.025426
300 356 12.464713
303 311 5.665755
303 467 1.808485
304 412 5.248216
307 495 9.642994
315 478 8.864676
320 343 4.356673
330 401 16.663895
330 408 18.588047
331 414 4.825618
331 426 18.661885
332 333 1.339358
332 382 18.574287
333 359 19.086647
334 336 1.228985
334 378 15.497367
337 361 19.433830
337 390 18.212142
337 494 19.443493
338 407 11.456147
338 496 2.484967
339 433 17.145995
344 428 12.662737
346 422 12.679998
348 460 8.927819
351 355 11.864998
351 490 3.918016
355 463 15.055631
356 470 2.425329
358 437 14.865835
361 447 17.130590
362 473 9.976905
365 426 10.686777
365 432 6.932071
365 455 19.419713
380 474 14.929365
382 392 8.010783
384 456 4.321340
392 469 5.172012
392 477 9.814523
395 441 18.908800
397 424 14.948781
398 404 5.089631
401 406 17.331662
406 418 8.185810
411 445 17.182721
420 436 5.592292
421 452 12.754552
421 457 18.606739
421 486 5.899986
423 468 14.165605
429 492 19.758940
430 477 3.861367
435 497 2.679644
443 457 13.809709
444 456 7.454983
444 482 2.353645
445 483 10.030807
480 490 15.321643
493 499 6.417326
11.700938 21.913988 15.401438 21.854639 13.927790 24.059503 18.015892 7.317977 22.701860 14.785304 7.832779 8.053803 18.750679 5.947450 10.731875 7.795752 13.821549 13.287075 15.437529 10.592727 5.640872 17.287722 12.474360 18.026700 7.173339 5.275547 9.965885 14.130946 12.881439 21.206051 12.556753 15.608824 16.870312 5.436628 15.302668 11.896625 13.425603 7.005748 20.656411 23.848085 5.445376 17.027455 20.276881 10.696152 20.751112 17.647101 23.583253 24.620096 5.846922 13.898755 15.939756 7.934865 11.725717 24.752949 5.324609 14.050159 21.853092 11.478025 14.595970 24.560915 14.497537 7.618426 6.034430 23.908331 10.316188 15.081278 6.814035 13.473102 23.602110 15.048260 24.422703 10.176713 15.090905 22.190616 13.965047 10.589747 22.109507 12.797789 15.614466 24.530541 8.729666 11.028013 5.621392 12.836754 9.003669 18.600699 8.626429 18.496255 10.269509 12.104357 11.977213 19.335035 14.330185 12.225978 22.052454 16.439013 9.276616 23.001826 11.853006 5.779588 14.892004 7.478761 9.769329 19.942217 7.615036 21.138884 23.738146 17.130642 19.207184 19.271732 24.856159 11.830765 8.257131 15.383345 15.664996 8.558250 17.262188 5.282495 23.553368 10.291486 5.791204 7.164989 9.804979 10.478123 5.656200 10.587096 8.858835 12.572419 12.703355 11.780155 11.558478 6.794626 5.504099 9.042286 20.132989 24.816195 23.570524 15.084387 15.636477 11.291631 20.478789 20.295134 21.885447 22.910092 13.686985 20.337511 21.127975 11.169192 23.584845 6.886830 24.885384 20.401814 6.865418 18.124593 5.683588 20.403739 20.984458 17.048205 22.137208 6.957666 10.518477 13.283550 5.849159 13.964322 10.304269 12.854700 13.502053 22.588235 10.406819 22.874863 13.519419 11.556154 15.050241 13.354866 10.147446 15.053586 8.036035 12.038599 16.315804 13.268165 21.478247 10.134435 24.395432 20.694440 24.351861 21.762731 7.842079 15.529202 8.399570 21.364547 16.683243 10.268986 23.591979 7.303721 16.277248 19.420811 6.176971 16.957121 21.318024 6.350546 15.244859 10.171144 18.258489 7.373547 23.741029 22.894572 8.719488 11.465318 16.752699 19.361247 13.853120 8.125826 7.083030 24.995307 14.107042 22.450635 14.647520 23.447153 6.755188 7.280384 23.592644 23.949861 11.294349 12.103298 14.049005 13.323234 8.800904 22.967508 10.066152 19.105448 6.343114 5.775027 18.074609 11.780317 18.109188 6.880424 23.997028 19.970289 22.525345 7.729411 11.403219 12.366883 15.743453 10.937370 6.212615 12.377568 10.090986 12.718426 8.939191 10.237927 17.539047 12.763077 11.907668 15.678113 20.437211 12.577359 16.750390 24.324053 15.439602 23.195952 20.873452 6.174374 13.581977 18.966368 24.734238 14.167526 6.855709 16.240183 7.531276 20.030391 15.153540 19.468627 22.387237 17.578960 17.248787 20.091406 21.849100 22.381076 5.728604 16.123806 9.325386 22.206918 17.967954 13.404450 8.762085 11.780473 19.075554 9.087191 6.871659 22.760575 20.284207 8.995899 10.846231 24.441404 19.163690 17.210440 11.152570 10.982503 5.790472 19.569637 5.863505 5.097147 19.589902 23.977475 20.130061 14.432804 14.720905 13.722728 11.492873 15.434284 13.623019 16.963358 22.962402 24.900188 6.574866 12.693669 8.614124 12.042409 10.749460 8.490743 20.281521 14.925775 23.384912 5.651849 6.339560 13.065472 6.605546 10.254592 24.720595 9.179192 8.962355 16.472813 14.959966 16.608766 12.534706 21.535247 7.771611 13.567853 18.795237 22.364729 12.391432 16.354912 6.382799 8.406382 6.382763 19.557618 10.761199 19.474906 6.327966 22.250956 21.710604 6.778575 5.475130 6.125776 22.072603 9.694070 15.965466 13.524884 20.910511 14.777966 15.013217 24.781839 8.002591 21.614079 6.034995 14.552975 22.726696 18.304279 18.704292 10.266346 13.371496 12.331621 15.428864 14.244559 11.537967 11.109612 10.017058 12.300945 7.998830 22.442086 17.042388 7.675729 18.877187 21.953329 9.750713 8.012012 5.172345 5.945007 20.245027 24.743727 5.897606 19.961419 6.437243 16.842656 20.121506 12.184088 5.218694 16.903787 24.824893 10.152348 8.789826 7.478518 16.105112 16.928902 20.845417 20.061465 22.850830 21.115454 9.945342 16.117548 10.948239 11.595708 23.638887 18.637918 24.491808 13.338251 15.748751 14.742308 7.145741 9.734040 15.552727 6.347486 23.629239 7.476874 8.959615 20.306424 6.938691 23.005562 19.514019 6.372417 18.836941 17.632571 20.146989 21.563957 19.367011 16.723526 11.449266 18.945473 24.139432 16.750436 18.286897 13.742561 20.122416 24.953348 8.207786 9.048106 15.788755 14.627508 16.431396 5.981481 13.085529 16.659565 16.703827 18.146679 19.404321 17.830944 20.804863 17.495213 15.750153 17.123929 7.023867 10.463131 15.547996 22.459744 18.581031 6.808162 16.845499 9.434760 19.680331 21.548817 16.869125 16.827252 11.771829 13.925000 22.282167 19.466407 15.395073 12.364648 6.007595 7.860148 8.860504 12.467671 23.882873 15.103068 9.696803 7.115003 11.766110 21.314613 12.666856 20.450116 21.054100 7.216415 17.173195 24.181921 13.042761 6.018882 23.466054 22.673326 15.442829 16.045062
33
105
0 8 7.283712
0 17 3.507454
0 22 7.380501
0 26 9.533329
1 9 1.824039
1 11 3.935464
1 14 3.112050
1 21 4.539251
1 22 7.680994
1 24 5.268183
1 26 6.136575
2 4 3.827394
2 6 2.271603
2 8 3.402403
2 10 8.737123
2 16 6.421753
2 20 4.401898
2 23 8.109154
2 26 1.580117
2 32 3.285020
3 4 3.070928
3 29 9.868281
3 31 7.354887
3 32 6.560073
4 25 1.044865
4 27 2.658790
5 6 6.719872
5 11 4.417474
5 12 9.318523
5 17 7.882518
6 11 5.026457
6 21 7.745635
6 23 9.778639
7 14 5.148827
7 19 6.782733
7 23 9.267982
7 29 3.238072
7 32 8.979021
8 9 1.877902
8 19 6.836034
8 20 8.045543
8 29 6.531456
9 10 5.459813
9 19 6.556124
9 21 2.364973
9 29 2.940136
9 31 3.429094
10 13 6.380014
10 16 4.977110
10 17 3.200283
10 18 8.945284
10 28 4.365297
10 30 5.014285
11 19 4.687310
11 21 2.637487
11 27 7.584643
11 30 5.036124
11 31 1.146314
12 19 9.676123
12 28 8.341873
13 18 7.512034
13 19 8.821827
13 27 9.161265
14 25 4.037407
14 27 6.498628
14 28 6.479270
14 29 3.405697
15 16 2.997570
15 17 2.025165
15 20 6.933828
15 21 8.028271
15 23 7.848577
15 28 3.846478
15 30 2.847339
16 19 5.082528
16 21 5.921321
16 22 9.271784
16 23 8.873408
16 24 9.244525
16 29 8.652361
17 21 9.681231
17 23 5.189500
17 27 1.427261
17 31 1.752058
18 20 4.512485
18 22 3.319184
18 26 2.529465
18 29 9.578834
18 32 2.758776
19 32 9.634413
20 22 7.847550
20 25 6.768511
21 25 7.084171
21 30 3.983269
22 25 6.817843
22 30 2.680229
23 27 9.439349
24 29 3.716140
24 31 3.296679
25 26 7.400465
27 28 6.908038
27 31 5.061690
28 30 6.692016
29 30 2.435438
29 31 7.059955
291.258666 291.893710 260.315037 308.885378 308.564022 343.644814 268.373957 269.112521 368.632285 250.811266 410.627897 483.413296 335.830228 471.187234 242.089917 226.291750 419.894616 431.210578 454.621944 230.247088 435.743927 321.488076 300.598176 263.409660 498.272477 232.200753 450.041581 396.529546 423.807580 417.140228 459.009968 266.482640 214.267965
