500
997
0 1 2.477477
0 2 17.073278
0 3 13.691298
0 4 1.284566
0 5 4.881497
0 10 14.809443
0 13 4.865087
0 40 5.740873
0 82 3.092540
0 85 8.554366
0 91 13.859613
0 108 16.340025
0 129 13.123890
0 137 3.738341
0 205 17.410258
0 244 5.420848
0 245 19.574398
0 290 17.112035
0 294 1.907536
0 320 13.961751
0 330 1.195858
0 344 6.608375
0 383 12.466342
1 2 16.640168
1 3 7.530703
1 6 15.357908
1 12 6.555414
1 14 18.124760
1 17 4.475161
1 21 4.670464
1 39 3.628538
1 42 15.171574
1 45 19.863304
1 80 8.970140
1 84 13.624283
1 106 16.918028
1 137 19.751963
1 168 4.404199
1 194 16.830899
1 202 1.771936
1 257 10.567299
1 295 15.787854
1 369 14.678830
1 398 5.512899
1 423 12.216469
1 477 2.907396
1 497 3.637485
2 8 7.052451
2 19 1.072640
2 37 19.135719
2 63 16.535179
2 99 6.929915
2 123 18.137688
2 176 11.285797
2 179 2.439438
2 221 8.529899
2 227 7.960608
2 253 13.702063
2 286 17.955438
2 293 11.972532
2 310 11.773168
2 314 2.811948
2 369 1.291302
2 427 7.133861
2 438 1.380241
2 453 8.193410
2 489 6.572542
2 492 9.840098
3 4 4.281551
3 6 7.411947
3 7 1.869131
3 14 1.615233
3 15 14.249316
3 17 6.122835
3 19 4.300155
3 24 7.436236
3 31 18.244857
3 52 4.724262
3 56 8.589882
3 57 6.718179
3 62 4.562158
3 79 16.389500
3 109 5.997642
3 134 8.082437
3 150 15.965827
3 165 14.800262
3 191 3.423011
3 203 14.895260
3 211 19.944138
3 213 5.908826
3 222 3.045742
3 231 3.853980
3 236 4.631804
3 250 17.440492
3 257 11.825229
3 261 2.252798
3 267 2.118460
3 348 15.607145
3 359 18.465369
3 367 15.135573
3 440 3.851034
3 496 13.028232
4 5 17.392931
4 11 17.847982
4 22 14.630960
4 26 11.648163
4 30 1.941969
4 34 19.249524
4 39 19.067901
4 47 11.471765
4 54 8.162386
4 55 8.269353
4 68 6.051229
4 78 14.523720
4 112 8.100131
4 127 3.512370
4 128 7.531347
4 154 12.898173
4 210 15.952592
4 264 8.744286
4 270 9.745053
4 307 12.222452
4 435 5.695665
4 436 12.542233
4 439 5.822016
5 9 13.529783
5 28 16.424596
5 44 7.413310
5 62 18.371725
5 66 19.651244
5 68 12.717049
5 71 2.220614
5 74 9.578707
5 87 8.793823
5 105 10.921971
5 116 4.882040
5 120 17.665920
5 127 3.446726
5 141 11.239208
5 144 16.364742
5 147 5.113881
5 155 6.585110
5 236 14.027490
5 280 9.119084
5 285 13.195260
5 329 7.528956
5 366 18.664047
5 380 18.813932
5 394 5.028479
5 463 12.184346
5 472 13.936935
5 474 2.959326
6 7 8.590948
6 13 18.602538
6 18 13.402934
6 31 11.704267
6 38 16.589434
6 63 7.100103
6 83 15.335832
6 92 5.543492
6 94 9.890358
6 97 18.733359
6 145 5.006074
6 152 15.603821
6 153 5.838918
6 169 14.178808
6 186 9.673170
6 300 7.169760
6 306 2.915939
6 315 13.056863
6 342 9.495166
6 374 1.008220
6 376 3.228186
6 405 6.236133
6 441 9.308375
6 472 3.454110
7 8 9.006112
7 10 8.248123
7 29 16.041006
7 37 16.409343
7 50 10.040721
7 52 10.948003
7 97 3.998106
7 102 4.820327
7 130 12.313314
7 206 13.152243
7 281 9.594412
7 371 3.597132
7 396 9.151438
8 9 15.207063
8 21 15.374346
8 27 5.623865
8 32 10.361783
8 90 4.380411
8 110 3.434631
8 146 8.316360
8 249 14.754705
8 282 12.232494
8 354 6.830478
8 391 17.758786
8 414 18.302836
8 446 11.271584
9 11 12.188668
9 12 10.500989
9 16 11.461305
9 20 8.772914
9 33 5.130281
9 36 15.198831
9 55 10.795142
9 60 19.869921
9 73 10.538350
9 92 2.457639
9 118 10.523236
9 166 16.891654
9 196 19.409472
9 221 8.585894
9 223 15.466873
9 225 19.255869
9 235 18.106696
9 245 17.853919
9 309 14.302430
9 334 16.183152
9 339 12.120973
9 341 12.938778
9 361 12.448616
9 407 16.397094
9 438 18.247154
10 16 4.826931
10 25 19.422358
10 35 18.215515
10 165 5.182806
10 254 12.984144
10 356 6.203050
11 18 1.780953
11 46 17.623852
11 86 8.909366
11 124 13.152700
11 125 12.250493
11 143 16.939419
11 346 1.616362
12 167 3.843406
12 213 3.834103
12 266 10.555151
13 424 11.168134
13 477 11.008480
14 15 15.618783
14 46 17.081496
14 48 11.436811
14 67 17.114694
14 72 17.518161
14 76 1.674476
14 111 14.079191
14 114 15.688641
14 118 17.195803
14 121 6.161656
14 122 12.712655
14 163 10.986324
14 188 11.123708
14 250 19.848658
14 270 15.670464
14 294 19.364236
14 302 7.924533
14 376 4.135789
14 417 6.518218
14 439 18.417644
14 444 16.038216
14 463 17.031227
14 474 4.455116
14 498 9.773862
15 58 13.950799
15 105 18.331400
15 175 3.784189
15 177 1.819049
15 182 12.559419
15 326 13.502273
15 400 6.711717
15 432 6.746726
16 23 2.607948
16 26 17.123811
16 27 12.649415
16 28 18.699518
16 29 13.831593
16 36 5.848944
16 43 3.806409
16 77 12.576742
16 133 14.942240
16 135 8.201797
16 157 14.384066
16 162 13.146427
16 237 1.435840
16 239 19.898236
16 259 19.470796
16 278 8.690144
16 357 6.885391
16 371 12.654067
16 462 1.470066
17 38 10.330130
17 136 11.423243
17 140 17.111450
17 179 16.470570
17 183 12.228288
17 283 3.732075
17 295 6.502919
17 306 7.375185
17 317 2.747094
18 56 7.514708
18 318 3.641110
19 20 7.248401
19 22 3.506912
19 23 9.677122
19 32 13.821386
19 33 14.465366
19 61 18.698298
19 102 15.727307
19 104 5.186585
19 131 13.024886
19 170 17.076386
19 171 7.692370
19 174 11.043838
19 204 2.508103
19 266 12.698419
19 330 3.890740
19 424 16.743516
20 486 11.277706
21 25 7.037667
21 41 7.989410
21 49 2.458400
21 101 1.775289
21 117 3.670801
21 151 3.171964
21 242 17.812100
21 274 10.929980
21 286 6.891706
21 324 6.440178
21 350 1.840281
21 370 12.523129
21 390 15.633285
21 411 19.812364
21 468 10.733801
22 35 2.505553
22 42 8.462435
22 78 19.637396
22 82 5.563508
22 115 4.580997
22 139 17.907873
22 148 17.886274
22 150 7.823756
22 156 19.248178
22 238 14.500128
22 254 12.583196
22 272 13.659103
22 302 2.180207
22 335 18.560730
22 346 6.932779
22 349 9.310518
22 389 11.121660
22 433 5.970013
22 475 4.161933
23 24 16.994106
23 30 15.215633
23 43 18.495970
23 51 6.215057
23 61 19.352200
23 72 15.624526
23 83 15.543386
23 128 14.766497
23 206 2.677992
23 209 17.029280
23 316 5.106135
23 357 9.323002
23 360 11.595905
23 461 19.236567
24 57 1.024178
24 119 2.875731
24 185 10.872830
24 247 5.636521
24 268 17.149874
24 387 15.285453
24 451 13.422720
25 40 19.028856
25 94 17.259368
25 119 12.935777
25 419 2.866700
26 47 3.633566
26 59 12.049107
26 139 1.987367
26 147 18.912275
26 365 17.112840
27 67 6.627724
27 138 17.976923
28 96 12.776774
28 217 11.073820
28 337 12.262036
29 396 19.582011
29 455 10.728387
30 111 1.363406
31 41 9.923422
31 54 4.039646
31 86 17.507828
31 101 17.399116
31 114 1.242603
31 126 13.541293
31 249 6.241169
31 263 19.217149
31 341 4.451522
31 402 4.232282
32 122 16.233917
32 233 19.459222
32 269 8.038245
32 468 16.009802
33 34 2.572010
33 45 10.299328
33 48 15.527304
33 53 13.026075
33 69 12.925435
33 75 17.181306
33 89 1.996341
33 91 2.950306
33 98 14.733878
33 120 7.430126
33 124 1.416959
33 153 7.090450
33 197 12.017571
33 235 15.256117
33 283 6.873932
33 284 5.494032
33 457 18.207484
34 75 2.325828
34 76 16.800498
34 303 1.731819
34 393 19.145161
35 51 19.335733
35 160 14.128199
35 193 19.484378
35 216 3.761845
35 434 10.217819
35 496 17.796163
36 133 18.313881
36 351 2.211264
37 131 18.114263
37 174 16.631590
37 184 12.632376
38 207 8.550422
39 50 16.022844
39 278 5.139430
39 451 15.924368
40 53 2.820628
40 70 1.913040
40 79 14.072441
40 198 15.947681
40 224 19.350894
40 239 6.702464
40 241 18.008136
40 375 1.845579
40 400 14.188423
41 44 15.718799
41 49 8.313887
41 58 8.841023
41 104 11.153049
41 152 2.375545
41 229 17.794414
41 322 3.713773
41 380 15.610888
42 162 16.959195
42 170 12.701717
42 199 19.901299
43 59 13.502895
43 60 18.405204
43 81 15.392164
43 291 17.209329
43 299 8.973698
43 446 13.061827
43 459 8.033818
44 95 14.367225
44 155 1.823910
45 310 6.225458
45 456 18.887020
46 65 15.586424
46 161 8.786218
46 181 3.457233
46 288 11.185640
46 321 18.766683
46 434 13.337510
47 85 2.874377
47 98 8.888117
47 107 6.723584
47 177 3.795525
47 218 18.692367
48 163 15.633476
48 193 17.098996
48 212 10.708047
48 274 7.349085
48 356 15.013911
48 360 18.494687
48 494 14.669621
49 65 7.934958
49 80 8.484721
49 126 15.507219
49 173 18.931105
49 200 19.614970
49 215 7.768853
49 311 10.510918
49 323 2.166917
49 352 5.945689
49 407 18.249833
49 413 2.931933
49 495 9.824997
50 108 3.373439
50 149 11.649682
50 168 14.838169
50 464 6.449405
51 93 18.058544
51 100 10.291004
51 109 14.511368
51 200 6.962335
51 313 11.556123
51 460 8.875970
52 187 10.812627
52 192 7.566585
52 256 16.598830
53 185 11.229510
53 196 3.171851
53 210 5.207750
53 358 19.708774
54 64 1.346166
54 69 14.859559
54 224 4.933275
54 237 11.734542
54 293 11.086220
54 361 7.125422
54 368 2.724645
54 409 14.849346
54 436 13.003498
54 440 2.261113
55 397 15.171065
56 88 16.511575
56 90 17.396754
56 132 10.941027
57 66 13.184540
57 70 15.548655
57 74 19.861572
57 87 8.796485
57 159 19.882572
57 164 5.295163
57 225 10.598185
57 272 7.730366
57 301 9.386394
57 399 8.444089
57 485 3.152373
58 113 14.818417
58 365 14.071564
58 373 2.672429
58 388 7.643742
59 64 19.782720
59 81 19.553834
59 84 19.898693
59 106 10.810120
59 183 9.619140
59 222 17.778117
59 327 14.181265
59 381 9.589165
60 243 8.215130
60 264 16.931836
60 318 5.787467
60 367 17.789416
61 115 19.058259
61 116 2.281990
61 148 8.325082
61 186 19.483016
61 273 17.404535
61 289 18.230717
61 445 17.656999
62 230 5.290671
63 145 3.171712
63 158 15.034022
63 211 19.048099
63 490 6.946818
64 110 2.913738
64 480 8.429026
65 73 8.432997
65 378 19.467664
66 88 7.043106
66 107 6.190189
66 296 3.482807
66 313 2.596130
67 167 16.673865
67 201 5.275787
67 397 5.764869
68 327 1.262770
69 77 15.082315
69 268 1.833866
70 71 9.329124
70 95 13.664303
70 100 8.325199
70 125 10.086267
70 146 8.728083
70 311 18.998828
71 255 15.107353
71 309 11.750903
72 140 16.255260
72 160 8.843866
72 277 1.002179
72 417 16.735822
72 458 1.684869
73 220 1.000863
74 112 12.521032
74 198 19.999424
74 374 18.148797
75 192 13.975381
75 212 3.947838
76 93 19.748906
76 96 17.736848
76 113 15.407136
76 182 15.698976
76 233 10.495656
76 317 16.630028
76 319 10.362219
76 392 1.892015
76 482 4.285524
76 495 11.192158
77 279 13.299446
77 499 8.315737
78 348 6.750379
79 134 15.828397
79 203 16.463259
79 398 11.190273
79 452 5.493197
81 103 12.634370
81 493 16.879239
82 426 16.270405
83 173 13.142121
83 202 16.860429
83 265 5.380610
83 287 14.996775
83 297 2.366387
83 431 17.060411
84 331 6.614378
85 89 3.216915
85 123 16.207134
85 130 13.015227
85 276 2.901357
85 408 18.129924
85 448 17.577143
86 129 12.026846
86 151 10.074713
86 405 3.883610
87 117 3.667891
87 171 11.037397
87 172 4.228457
87 217 8.053854
87 219 18.022570
87 437 3.987955
87 466 2.485710
88 132 2.291141
88 143 4.008079
88 275 13.730702
88 465 12.482459
89 103 14.950471
89 180 12.134561
89 352 14.031767
90 176 8.748843
90 471 14.154906
90 476 2.058241
91 99 7.341115
91 227 1.436907
91 410 17.798247
91 491 7.883813
91 497 11.252992
92 263 6.016148
93 228 11.180066
93 375 16.753828
94 172 19.825365
95 135 6.646093
95 267 19.032883
95 427 13.048856
96 136 12.670945
96 142 17.845225
96 226 15.846006
96 260 12.159624
96 441 12.466870
96 469 10.290088
99 333 15.747207
100 166 19.075372
100 219 15.180119
100 325 6.785980
100 350 2.504598
102 138 15.518989
102 149 10.825799
102 255 11.852302
104 187 15.130042
104 345 19.426152
105 465 7.360651
106 214 15.273021
106 234 9.699451
106 285 19.577076
106 296 9.390732
107 144 18.230538
108 169 10.890396
108 190 12.894274
108 344 15.220307
108 445 14.634889
109 486 13.935393
111 141 14.747214
111 232 9.836700
111 429 5.851272
112 189 6.510970
112 260 17.694767
112 404 13.634464
112 480 9.188046
113 232 18.111342
114 421 5.497512
116 447 12.250399
117 156 3.511410
117 473 14.157635
117 478 13.561771
118 157 18.961519
118 190 11.073801
118 328 11.957556
118 345 4.215734
118 395 5.672710
118 452 17.604885
119 121 14.214907
119 154 13.195205
119 284 1.193492
119 422 5.908724
119 449 12.702999
119 487 1.570670
120 258 8.269256
123 373 19.183820
126 188 6.273438
126 390 16.789213
126 470 5.942067
127 164 12.421761
127 289 18.344889
128 158 16.633482
128 253 5.918158
128 399 1.739148
129 384 1.747870
131 229 13.135208
131 279 3.108562
131 362 8.021916
131 425 19.126785
132 181 10.707261
132 223 7.350106
133 305 12.457777
134 419 3.302474
134 469 10.022591
135 208 7.905899
135 215 15.595908
135 420 2.637517
135 462 8.742658
135 488 16.201468
136 189 9.430577
136 218 15.988146
137 241 4.176093
138 216 14.928759
138 429 10.783914
139 454 18.742060
140 142 10.873140
140 248 13.237409
141 191 16.918614
141 340 10.148559
142 197 16.761820
143 385 11.790146
144 449 9.401279
145 287 13.266394
146 220 9.162925
146 382 12.372501
146 385 12.949851
147 184 4.265649
147 391 7.313523
148 175 5.885251
150 207 1.943224
150 363 8.267535
151 159 13.054452
151 228 6.993568
151 280 12.160092
151 319 17.535685
151 338 12.370725
151 403 5.572117
151 483 4.631076
154 161 7.253005
155 277 13.257223
155 368 2.933529
158 195 1.179805
159 364 16.351095
159 404 11.491994
160 298 7.080498
160 490 10.010013
161 178 19.434610
164 209 2.458597
164 231 6.686458
164 300 13.575432
165 178 2.940952
166 409 3.304807
169 240 2.148056
169 466 9.641633
170 238 6.152464
170 320 15.818424
171 180 18.458248
171 347 2.333845
171 488 11.556528
172 291 9.119198
172 483 18.255548
173 199 10.092587
174 194 16.173752
174 269 3.707241
174 276 1.949965
174 299 3.763551
174 437 6.659079
174 442 14.194931
175 226 16.702527
176 251 8.822450
176 271 16.357159
177 201 15.238915
177 456 13.657051
177 481 17.951422
178 208 11.490974
179 307 15.558877
180 343 15.924260
181 214 19.000146
181 273 18.329003
181 410 4.977315
181 426 10.816192
182 258 12.960018
184 204 18.011344
186 475 8.665369
187 338 11.486459
189 353 16.347893
189 476 7.148995
190 333 2.879970
190 443 4.044263
190 455 18.932256
191 247 1.403527
191 331 19.335664
192 195 8.838715
192 246 3.960942
192 288 16.645194
192 323 11.374348
192 332 9.651805
192 479 12.083526
193 251 18.737235
193 343 14.902437
193 347 17.554511
194 240 10.312445
196 234 4.912988
196 321 5.356776
197 392 18.281884
198 262 11.563091
198 328 16.338185
198 354 19.971968
198 447 1.271432
199 205 7.589817
199 304 3.095479
203 252 12.890594
203 342 19.843570
203 403 3.419214
203 406 6.328722
204 432 5.782231
206 244 14.594161
206 298 16.797585
207 271 1.902223
207 308 2.717158
207 326 17.125656
209 282 16.396259
210 246 13.387722
211 301 18.580642
211 308 4.805058
211 322 16.919277
211 339 7.538217
211 355 12.104214
211 364 14.655402
211 418 1.146484
213 315 5.544468
213 381 6.201673
213 412 12.128272
214 336 11.988038
219 389 11.293526
220 259 1.256906
220 304 11.722169
221 265 16.055387
221 359 12.117188
221 414 14.618666
221 418 19.866059
222 242 19.043896
222 425 14.331091
222 467 4.889800
223 230 14.014864
225 386 11.953825
227 261 15.197733
228 256 7.188704
230 243 8.761646
234 248 19.396317
234 292 7.328411
234 334 13.618890
236 394 4.403894
237 431 17.374733
237 499 2.138190
238 388 16.812005
238 443 17.055818
241 275 13.905963
241 297 15.506763
241 401 18.036103
242 378 18.470850
242 386 2.686958
243 428 1.632980
244 312 2.781014
244 314 6.992159
247 252 4.281016
247 281 8.146858
248 292 17.785081
248 408 11.254515
251 316 12.005137
252 262 3.194009
252 435 13.466856
256 340 11.390945
256 484 11.181361
258 377 11.957794
258 454 5.496006
258 479 10.604050
259 458 15.974936
260 395 13.655853
261 401 12.723562
262 387 3.291748
264 290 8.443415
265 325 18.829687
265 420 6.891250
270 303 19.179341
270 349 15.680169
271 422 16.170347
272 305 10.694003
273 353 15.193164
274 464 6.299362
276 421 10.176032
277 337 5.899052
277 494 19.708621
280 336 3.919225
282 379 18.254574
282 498 11.658365
291 329 15.064351
295 372 4.004033
298 485 19.773693
298 487 15.997568
300 377 11.139253
301 416 5.879350
303 379 14.129191
303 416 15.989656
303 444 14.983269
306 312 12.094953
306 324 11.026224
306 332 13.216744
310 335 14.209867
310 402 15.989539
314 358 1.854314
314 362 7.836771
314 363 16.437008
314 406 10.512553
316 351 6.892488
321 471 14.876065
321 484 11.563449
323 470 16.616501
324 372 9.598477
324 382 17.260310
326 393 7.801551
336 453 18.727543
336 492 8.934614
337 355 4.176513
337 366 16.732354
337 460 18.465913
340 415 18.805969
340 481 6.345624
343 430 13.769962
351 491 7.709539
353 413 9.047916
354 383 11.301015
358 384 18.969813
359 467 6.237894
361 489 4.330521
362 370 14.381098
365 459 9.121992
374 433 16.249787
377 473 18.187201
384 450 2.424701
393 412 12.189524
395 411 19.289078
398 415 2.520466
399 457 6.235818
404 423 9.206378
406 478 5.550985
407 450 19.775388
408 493 15.139521
413 448 5.657678
414 442 9.539491
421 461 8.603711
423 428 4.862870
426 430 6.340273
443 482 17.137117
14.469252 9.410331 12.686697 11.448976 17.006001 24.753141 13.958721 15.408415 23.434215 7.529729 18.162082 16.937014 13.096486 24.881070 13.098904 6.773920 22.711152 5.641827 18.916672 10.706359 11.097181 6.539462 16.331356 13.856495 21.335569 17.682912 10.489983 20.131603 13.026179 13.079295 17.763876 18.188791 23.028539 8.709529 16.512066 12.145656 11.812172 14.495883 13.821548 16.465993 8.904667 20.395517 11.567054 13.517188 6.048000 15.434547 22.638841 24.417473 11.984961 12.801143 17.037347 15.174475 8.352439 18.422921 19.670403 6.572798 14.407405 19.823214 19.745935 19.275699 10.452088 16.209306 9.030241 14.611253 15.464518 7.547326 19.103131 7.406916 23.210421 7.153430 17.382322 23.337553 23.079223 20.347198 6.706347 5.952995 24.174696 22.279430 18.320148 11.200554 16.223430 16.322790 23.351435 23.199811 16.330386 6.038021 14.074775 16.588652 20.399914 11.804783 22.757520 15.404195 11.582747 13.101815 10.267519 6.136823 23.503871 10.825109 6.688537 23.564127 10.492414 16.132465 11.175385 15.941307 6.121063 5.150160 24.580422 17.736420 23.796328 24.294532 14.844708 17.940032 5.945062 16.672728 9.095206 6.583611 24.664822 18.028417 6.367602 12.796427 24.815230 22.043932 13.070111 23.172371 12.226444 22.480594 10.356997 13.640563 5.046037 14.466707 24.039416 17.099066 19.248178 17.746956 11.924683 15.199655 6.108441 24.833820 9.263986 23.606650 8.872853 9.472744 19.742111 24.924292 16.314736 16.874891 12.715864 16.648815 14.118527 16.244475 17.719531 7.297472 6.155621 23.074813 20.899373 16.176865 6.659475 7.645627 9.817883 23.896054 19.630635 5.241459 9.668862 9.810731 21.484017 6.675970 15.714881 5.920714 6.505019 10.817619 12.952918 11.043446 20.797852 16.171594 6.733981 18.867443 19.751558 10.129815 7.373825 22.189559 21.847489 17.028649 8.549162 9.497045 8.298050 23.496616 24.289613 20.828827 10.054987 18.901006 18.439883 19.154863 8.111256 7.964773 5.875269 19.864126 8.754840 14.336406 19.556946 14.631548 6.646745 7.185374 21.172698 15.127420 21.416136 21.228837 17.839052 7.231274 5.253083 8.900343 6.290734 24.826598 8.102750 15.462906 10.876111 13.125738 24.522426 8.074774 18.639110 14.603176 13.966477 16.534357 11.227392 7.629268 14.069245 18.361940 19.864316 15.520428 18.933110 20.938809 20.154153 9.834125 14.707887 14.777827 23.859965 7.558346 23.639244 6.417826 24.064114 17.690922 6.238724 6.299638 23.839991 8.536778 8.755743 14.853314 16.084900 9.775222 19.910355 13.300838 24.662026 9.677711 12.964318 6.858115 19.640116 23.110523 14.897445 12.107394 17.683831 14.889839 6.790954 24.714564 10.756029 21.014224 19.851312 12.559045 18.326677 6.398916 5.605722 17.543255 10.617252 20.916510 17.114452 7.086726 6.961599 21.585182 9.423132 9.468502 6.486168 23.415892 20.777700 8.298248 6.589961 9.277686 16.725406 10.878485 8.360387 12.610152 21.938214 10.605054 7.500320 13.993124 15.836510 22.828562 20.607498 10.338270 23.823855 14.043844 19.339914 21.913499 13.249186 19.566816 12.091042 23.303933 12.777082 20.817398 19.659171 14.862061 16.652724 14.182414 16.508336 7.845792 24.233673 9.032369 15.927935 9.385109 15.126307 13.894462 18.085722 24.699225 7.510203 23.514283 17.930224 23.143385 12.835910 10.464520 18.877631 7.504777 20.476905 10.212972 21.989636 14.946095 19.396108 14.909913 16.344193 24.165646 20.801219 17.536480 13.796964 22.639215 20.582000 21.393376 14.576511 7.288959 10.242091 8.347358 16.987148 8.126155 5.265931 15.882242 18.303883 5.011769 15.114352 22.820561 23.922681 22.523055 24.000995 9.951223 10.336195 17.476566 6.849438 9.125981 18.053978 11.514332 23.521777 18.963779 9.548142 11.732797 16.135280 22.258644 16.016437 24.226371 21.295358 6.487120 24.352588 22.094279 10.749692 6.540356 16.646967 9.305759 5.935851 14.265854 19.204270 5.897486 8.946760 22.840459 24.468113 8.297676 10.017104 7.767107 10.738933 12.183535 20.778276 15.931063 20.630962 8.652693 24.465484 16.412637 5.775292 8.655764 7.839569 12.059464 10.154182 5.541434 6.774331 16.734840 7.060209 9.958241 18.279400 6.320609 23.074699 24.826855 15.868369 21.590736 20.138726 7.474307 17.038536 18.712973 16.030399 14.876146 6.914019 8.625291 21.696385 15.592594 12.270109 10.873918 15.977567 19.660994 6.281587 20.378653 18.992963 6.850510 16.057238 7.529669 18.013145 19.644203 7.453696 17.324789 8.565973 18.481893 24.377024 8.903891 13.919515 15.024732 9.077210 22.836580 6.829090 5.273538 22.465709 15.384678 6.141124 9.706652 5.744991 15.928884 17.727678 8.443288 15.560774 8.084503 13.420649 14.490828 23.431763 7.508182 8.714835 6.067180 9.718328 20.119692 12.352084 11.360249 18.803150 19.080077 20.773951 15.360650 22.317229 16.835941 18.423750 24.771502 5.444695 18.110292 15.695961 8.102574 7.760690 10.723232 24.985400 11.015071 14.786499 22.159131 7.062837 5.137165 6.757071 16.624094 16.187928 19.205593 11.500111 23.617014 17.776364 17.022978 11.400736 17.022039 12.694826 10.541220
33
108
0 2 6.860493
0 15 9.307959
0 18 4.221008
0 19 5.691647
0 20 3.810530
0 28 4.227377
1 4 4.670997
1 6 6.800872
1 21 7.436747
1 28 2.469343
1 29 5.270221
1 32 5.148005
2 10 5.285394
2 13 2.306442
2 15 7.164277
2 22 7.175076
2 25 9.596753
2 26 9.842879
2 30 3.144617
2 31 2.483766
3 6 2.120586
3 8 4.521349
3 13 9.941337
3 17 3.450072
3 18 6.854679
3 22 6.507808
3 23 1.788343
3 26 1.158501
3 32 6.694983
4 6 3.434325
4 12 1.086546
4 17 1.988242
4 18 4.163351
4 21 6.534735
4 28 1.189963
4 31 5.221096
5 7 1.589914
5 8 7.639932
5 9 2.397387
5 13 9.372554
5 14 7.583293
5 16 9.561051
5 21 4.225398
5 27 7.646983
6 10 7.576666
6 14 5.605006
6 26 3.448872
6 28 4.087749
7 14 5.792905
7 18 7.455989
7 22 7.858576
7 26 5.480153
7 27 2.679513
7 29 7.808408
7 32 2.418276
8 15 6.627869
8 24 9.824126
8 27 7.646539
9 11 7.819496
9 15 9.260016
9 16 8.780126
9 20 6.247568
10 13 7.389646
10 15 8.221155
10 20 4.067190
10 25 8.199208
10 27 4.373693
10 29 4.624793
10 32 4.006329
11 16 4.388884
11 23 2.539996
11 30 9.757988
12 15 8.002397
12 21 6.966520
12 22 8.831530
12 29 6.905855
13 20 9.669634
13 22 9.786653
13 25 2.612040
13 30 4.289154
14 15 8.886924
14 18 1.372527
14 20 8.928741
15 18 4.174088
15 22 6.307807
15 32 6.024296
16 23 7.694060
16 25 1.335524
16 29 3.925415
17 18 8.802660
17 20 2.805945
17 32 7.212719
19 20 8.320378
19 24 3.632764
19 30 9.669282
20 32 1.890487
21 24 3.763964
21 25 6.990788
21 32 6.346532
22 25 2.377967
22 28 8.464686
23 32 8.120741
24 26 6.232760
25 28 5.760848
26 27 6.805773
26 30 2.213699
28 29 5.351392
30 32 9.262358
351.748435 422.136831 339.347055 222.490000 343.866838 420.506425 312.758437 332.844957 422.403326 250.981006 439.652276 417.386623 447.203096 240.556012 301.575477 418.511529 299.130817 220.758286 305.947368 383.336567 379.525862 493.615787 359.208026 422.469653 455.820032 307.651156 362.048180 231.272802 420.569531 426.196378 371.668823 387.994060 420.559905
