500
997
0 1 2.994901
0 2 8.962511
0 11 13.204889
0 12 3.769422
0 13 4.563163
0 20 11.619817
0 24 1.807829
0 48 8.164750
0 95 6.722501
0 100 11.566778
0 118 5.746388
0 137 9.423118
0 141 9.337767
0 146 8.131389
0 165 8.155610
0 198 6.732188
0 226 16.056615
0 256 15.115771
0 273 5.384310
0 275 2.594202
0 278 14.096195
0 290 3.164103
0 306 8.178760
0 342 16.053184
0 388 5.241055
0 407 18.325019
0 488 11.788922
1 2 3.677770
1 3 8.934499
1 12 3.960136
1 15 12.651463
1 16 17.170272
1 21 18.380361
1 32 11.450134
1 37 15.500270
1 126 10.031803
1 128 7.346839
1 167 3.329534
1 200 10.651269
1 291 7.893963
1 310 2.656655
1 389 2.682756
1 437 9.713732
1 476 1.222888
2 3 16.528059
2 4 4.327521
2 5 11.230504
2 6 5.037764
2 17 15.338421
2 21 19.295295
2 23 4.347097
2 31 11.166770
2 34 10.453088
2 53 2.938892
2 54 10.440616
2 61 6.125205
2 79 8.621879
2 116 10.014456
2 139 9.610872
2 163 18.287872
2 176 11.524210
2 206 12.934450
2 207 10.165307
2 215 15.420954
2 258 2.904949
2 285 18.837970
2 293 8.825423
2 317 13.143412
2 349 16.789794
3 4 4.597898
3 5 15.077211
3 6 18.023176
3 7 16.822975
3 8 18.456100
3 9 12.816138
3 14 17.360102
3 15 12.710227
3 38 13.244211
3 42 7.655681
3 47 4.852661
3 56 2.091516
3 58 18.887049
3 67 19.165934
3 69 6.513298
3 91 18.883993
3 97 14.776193
3 99 3.431392
3 127 2.066635
3 139 16.856973
3 162 11.431172
3 177 15.986183
3 185 9.507515
3 189 9.208459
3 190 15.649671
3 206 17.434846
3 251 1.445588
3 270 14.451797
3 272 9.042378
3 336 1.840869
3 341 1.890832
3 360 1.537102
3 383 18.509191
3 441 15.365073
3 442 7.927547
3 452 2.438911
3 462 6.635454
4 19 17.547105
4 22 12.237524
4 26 9.915336
4 28 15.181595
4 37 1.547490
4 39 8.277790
4 47 9.717970
4 52 10.533451
4 56 8.459958
4 60 4.675141
4 87 5.329134
4 104 12.979173
4 187 14.961008
4 237 16.120566
4 338 3.685443
4 378 13.532708
4 401 16.747930
4 409 13.775762
4 426 3.974151
4 438 4.638292
5 7 13.793874
5 8 3.341997
5 11 8.859443
5 27 7.554322
5 29 8.230461
5 36 2.251391
5 45 19.426186
5 59 2.418788
5 63 4.111900
5 64 16.155162
5 65 1.476068
5 122 6.612401
5 128 1.918631
5 135 8.348603
5 138 15.071845
5 168 15.365166
5 186 6.874684
5 193 18.188074
5 214 19.831151
5 267 12.282178
5 291 14.552407
5 310 14.322539
5 384 12.998074
5 429 4.044871
5 435 6.803231
5 439 6.473006
6 18 10.415388
6 43 13.471005
6 76 15.333095
6 106 2.727800
6 113 2.682002
6 146 8.939737
6 210 5.815777
6 211 2.948053
6 275 8.232935
6 301 13.423256
6 315 14.981736
6 404 19.261990
6 486 7.033198
7 10 6.344539
7 13 3.934946
7 20 15.288292
7 27 1.918189
7 31 15.512751
7 40 4.935120
7 49 12.325277
7 86 12.546802
7 101 3.021745
7 103 15.256502
7 134 3.176962
7 144 14.849785
7 152 10.640778
7 156 8.658475
7 165 8.353808
7 198 19.019737
7 259 10.213925
7 274 17.951379
7 283 16.141792
7 288 9.460272
7 292 18.544060
7 299 16.695674
7 318 9.129724
7 368 7.489712
7 381 1.873566
7 421 5.741887
7 459 5.262569
7 471 3.519814
7 480 1.413737
7 482 10.490942
7 483 8.409819
8 9 16.706170
8 10 14.753616
8 14 19.101290
8 35 11.507397
8 38 17.195761
8 58 9.058282
8 106 18.877025
8 138 1.900099
8 179 2.744235
8 196 1.468335
8 247 10.780000
8 282 10.907982
8 289 14.965549
8 327 16.474761
8 377 4.808389
8 397 16.490645
8 400 4.974902
8 434 10.004754
8 464 13.213716
8 472 15.310972
9 17 1.883542
9 18 15.636234
9 66 16.027217
9 112 1.733925
9 174 16.102933
9 224 14.716923
9 404 15.554825
9 416 16.789824
9 431 2.566125
10 16 1.206386
10 30 8.573292
10 49 4.629469
10 71 11.445396
10 102 18.243079
10 231 16.643007
10 425 13.600477
10 443 3.874714
11 35 10.457438
11 84 6.607168
11 126 12.632534
11 375 9.732297
11 481 4.796051
12 23 3.125423
12 46 13.099183
12 140 19.832656
13 39 18.662541
13 50 8.709323
13 74 15.279033
13 94 1.177450
13 132 18.469108
13 166 3.478133
13 434 12.059754
14 25 13.321334
14 30 1.754640
14 46 12.102149
14 54 18.983230
14 74 14.158851
14 92 1.733282
14 123 13.790382
14 161 3.624787
14 179 6.658791
14 213 9.709436
14 406 15.066433
14 484 5.299731
15 25 4.387854
15 44 5.832243
15 55 14.054098
15 65 1.372468
15 72 15.604616
15 212 14.279403
15 218 7.507559
15 223 19.234812
15 309 11.450641
15 338 9.479328
15 396 7.653796
15 405 4.931851
15 412 4.457479
15 457 12.606889
15 486 1.901247
16 136 5.593950
16 171 15.617209
17 19 5.524251
17 33 1.307334
17 36 17.263909
17 91 2.816042
17 121 18.701973
17 281 12.508801
17 341 4.772490
17 385 14.092797
17 409 12.714085
18 29 15.401159
18 41 15.854144
18 59 6.200895
18 61 2.467270
18 62 17.621082
18 69 5.182411
18 82 8.393089
18 83 18.649805
18 125 8.961298
18 157 9.697159
18 160 17.314283
18 190 15.074130
18 285 14.863678
18 316 12.543447
18 363 6.868624
18 370 15.667644
18 373 8.536963
19 26 6.661850
19 75 5.250610
19 85 7.675475
19 158 13.196668
19 227 13.590561
19 254 17.908931
19 263 14.904753
19 415 19.155406
19 436 18.563963
20 63 12.936649
20 73 3.493116
20 333 16.017284
21 22 4.845489
21 90 9.338992
21 170 13.532921
21 474 1.627837
22 28 13.164835
22 41 4.157726
22 48 2.600648
22 53 13.527782
22 57 5.866855
22 88 18.946261
22 157 11.730192
22 173 1.451437
22 196 12.372115
22 227 8.819793
22 288 16.395281
22 295 1.048812
22 308 19.737079
22 313 13.093253
22 339 10.866402
22 403 3.436630
22 487 3.523884
23 24 4.574988
23 33 13.214798
23 34 12.578392
23 281 15.996655
24 44 10.496347
24 62 13.651429
24 124 14.671479
24 150 18.926089
24 153 6.933728
24 188 11.585449
24 355 12.499382
24 382 17.817982
25 491 14.801215
26 32 11.298988
26 40 1.000388
26 42 4.987127
26 133 2.996028
26 143 12.778687
26 167 5.192984
26 276 18.740972
26 287 8.732043
26 328 10.058721
26 352 2.061469
28 68 1.467540
28 89 4.376754
28 100 6.065860
28 117 8.580654
28 224 12.733801
28 239 16.090085
28 279 9.514459
28 289 3.396423
28 371 12.329417
28 377 11.006916
28 419 1.752331
28 430 8.423014
28 448 17.762208
28 454 5.440455
29 111 19.527268
30 43 1.227486
30 57 19.593323
30 105 15.926560
30 119 10.992459
30 286 3.836461
30 323 12.315447
30 359 1.709329
31 50 4.126706
31 132 12.188775
31 360 14.587197
32 76 13.837702
32 97 11.006838
32 98 3.990321
32 101 8.044530
32 229 19.975066
32 410 2.037268
33 77 12.892881
33 117 1.137299
34 60 9.877738
34 204 6.859011
34 226 2.567346
34 228 13.388992
34 488 12.990375
35 279 17.120556
35 363 14.765776
36 80 16.935670
36 123 9.137072
36 155 1.664360
37 81 8.894377
37 424 1.641507
38 45 14.744661
38 51 17.451237
38 72 11.200441
38 96 4.673065
38 116 1.354902
38 142 8.724194
38 192 15.933955
38 251 16.508162
38 266 17.849552
38 280 5.864121
38 392 12.133534
38 457 14.902489
39 142 8.607179
39 185 14.770436
39 349 10.190846
39 398 8.890156
39 426 12.370960
40 129 4.383661
40 130 5.783995
40 222 10.214763
40 372 6.599627
40 428 12.931569
43 66 10.971540
43 82 9.826053
43 89 2.447408
43 140 3.257799
43 174 11.769468
43 221 16.020866
44 51 13.315884
44 73 17.927941
44 94 13.848889
44 137 5.571496
44 144 7.764846
44 267 15.272827
44 378 13.336028
44 495 16.526683
45 52 14.979900
45 129 4.839064
45 201 10.371669
45 322 14.589496
45 350 10.367264
45 423 6.354741
47 111 2.186646
47 203 6.156544
47 257 17.709242
47 336 2.905699
47 395 8.124749
47 400 16.835916
47 468 4.075740
47 489 10.838784
48 67 14.137795
48 68 9.036118
48 71 11.913896
48 448 12.528930
48 470 2.524843
49 107 15.500697
49 131 10.409020
49 163 2.615021
49 387 3.367894
49 492 15.508070
50 314 1.998007
51 81 18.483568
51 84 13.994604
51 107 15.208377
51 169 12.087443
51 184 12.978105
51 220 10.885414
52 105 7.306377
52 120 12.809900
52 156 14.299651
52 254 17.762195
52 340 12.257796
53 55 6.640850
53 78 7.263292
53 154 5.312278
53 172 18.396313
53 304 9.505788
53 405 5.937669
54 80 16.539203
54 115 12.488816
54 175 15.523290
55 191 15.130068
55 345 11.012392
55 477 15.540044
56 85 3.927285
56 113 6.263078
56 283 7.034900
56 287 12.162455
56 346 7.368588
56 440 1.070387
57 64 4.792877
57 70 4.857783
57 122 10.534039
57 172 2.129111
57 262 6.863167
57 320 2.131059
57 325 12.617131
58 70 3.873820
58 114 17.881439
58 134 14.964938
58 152 18.095201
58 175 16.973711
58 189 3.538363
58 274 9.913646
58 460 4.709069
58 467 17.666375
59 88 13.244869
59 131 5.815385
59 149 14.387747
59 168 1.743153
59 232 13.522664
59 238 2.762049
59 244 16.969492
59 297 10.243893
60 108 17.913435
60 236 2.036196
60 452 2.877999
61 78 2.305888
61 200 2.819202
62 120 8.990460
62 177 2.472001
62 210 8.075186
62 367 9.178758
62 487 9.052569
63 75 6.456083
63 133 6.049251
63 148 4.878365
63 313 12.408669
63 334 10.000734
63 463 19.162909
64 79 3.477196
65 86 13.753346
65 102 1.839920
65 353 13.017093
65 362 17.654474
65 394 1.701266
65 422 5.265831
65 475 17.574554
66 164 2.087615
66 195 15.640542
67 96 8.711074
68 77 15.070354
68 103 6.692462
68 354 12.452422
69 478 17.887248
71 83 5.986522
72 149 18.545267
72 153 6.157506
72 154 9.968569
72 180 8.846151
72 369 12.022719
73 158 15.730791
73 159 12.391638
74 108 4.703704
74 225 1.345069
74 242 7.651783
74 292 19.757073
74 322 4.779446
74 332 10.148997
75 92 3.869903
75 124 14.011387
75 272 10.930386
76 148 15.249552
76 173 1.033401
76 202 14.742383
76 265 12.741534
76 328 13.126101
76 389 12.066757
77 93 18.959361
77 316 5.853028
77 433 5.852557
78 119 14.191107
79 298 4.209959
80 162 9.965407
80 209 18.755084
80 276 4.700553
81 182 6.800511
82 353 5.159789
82 412 12.595367
83 118 5.169126
83 290 9.846689
83 337 3.349130
83 485 5.308414
85 95 13.242372
85 98 11.218497
85 104 15.247340
85 229 16.728909
85 447 12.533747
86 87 17.135325
86 245 19.131214
86 414 17.055975
86 421 14.488395
87 240 5.432480
88 433 17.899578
88 449 2.760969
88 456 2.167003
89 90 4.330500
89 127 3.598400
90 109 12.663712
90 171 10.772638
90 219 19.477490
90 284 11.052553
90 422 9.783097
90 439 3.137857
91 115 7.246243
91 180 2.690370
91 181 10.712138
92 93 5.022513
92 141 12.570749
92 160 3.626681
92 445 17.046175
93 99 2.306706
93 202 15.225474
93 268 12.582964
94 110 17.997317
94 392 11.847586
96 253 13.858954
96 255 7.354913
96 390 10.403892
96 406 16.197120
97 395 14.469316
98 176 12.395835
98 252 1.832338
98 269 12.856573
98 315 7.280244
98 399 12.331568
99 110 16.563445
99 231 3.760157
99 308 16.870638
100 192 10.121451
100 417 10.861099
100 498 17.543448
101 130 4.731291
101 136 11.648232
101 155 11.832596
101 188 14.090309
101 262 2.964415
101 317 10.202538
101 333 19.924706
102 143 17.297535
102 314 15.849052
103 186 3.957690
103 242 19.453455
105 236 13.459309
106 109 6.613658
106 204 1.336987
106 284 16.928368
106 376 14.758126
106 440 19.769027
106 456 14.997165
107 150 16.898924
107 184 2.765677
107 208 4.154641
107 215 6.073145
107 248 15.902148
107 381 14.871229
107 430 1.233638
107 431 8.733313
107 464 3.635571
107 465 18.408788
107 489 2.373708
108 112 2.762542
108 491 4.641482
109 216 7.972445
109 357 3.260056
109 411 3.961537
109 483 3.132552
111 166 1.571070
111 243 19.014431
111 361 17.706507
112 164 18.327591
112 234 17.017130
112 237 1.601005
113 114 5.256350
113 230 5.685617
113 233 10.296299
114 125 16.695473
114 416 11.222673
116 194 1.388114
117 347 19.299519
118 195 16.987538
119 121 11.245258
119 147 10.641765
120 216 10.120773
120 268 10.892662
120 270 18.998673
120 473 7.247215
122 182 3.367745
122 197 11.947800
122 340 3.057386
123 212 4.183487
123 364 15.843348
125 169 5.957153
125 220 14.335577
125 261 9.849118
125 294 1.788040
125 305 10.699164
125 326 9.586683
125 393 12.451927
125 466 7.621039
126 222 15.961332
127 253 10.919778
128 366 16.797595
128 442 2.832097
129 411 16.237324
130 135 2.261137
130 194 7.143727
131 145 4.352097
131 151 5.002953
131 217 13.305796
131 235 11.836966
131 391 17.098501
131 413 12.966080
131 474 7.129953
132 418 10.120311
133 460 3.269785
134 247 1.359475
134 331 5.821658
137 159 15.530230
137 170 19.958671
137 211 7.614441
137 235 8.555422
137 240 9.783662
138 147 11.173962
138 197 6.037072
138 239 13.856746
138 321 5.778566
138 376 2.731444
138 428 11.617547
139 223 4.908903
139 232 17.368271
139 238 19.576790
139 345 8.435345
139 444 5.702077
139 496 9.050769
140 348 6.071743
140 438 10.867625
140 493 9.387356
141 145 9.532133
141 178 9.541867
141 330 3.057717
141 385 1.909508
141 494 9.077554
141 498 18.212838
142 151 19.296555
142 178 12.043378
142 181 13.243378
142 249 6.750726
142 373 13.930401
142 379 13.162348
142 435 16.670902
142 499 10.709517
143 221 7.981977
143 249 14.543035
143 372 19.148514
143 495 8.148102
144 207 8.261274
144 386 16.941067
145 191 19.650569
145 263 15.731695
145 446 9.498727
146 246 7.822901
146 359 16.330208
146 368 10.208766
147 304 11.630778
148 183 11.556604
148 255 2.069566
149 382 16.410609
150 271 13.289459
150 493 6.898049
152 201 1.087698
152 244 14.546335
152 479 14.499303
153 161 18.554834
153 234 13.433923
153 383 5.224745
154 245 2.656214
154 257 16.876458
154 301 15.544260
154 445 8.899724
155 356 16.381979
155 357 17.816217
157 295 8.952149
157 319 2.216876
157 352 13.864927
158 203 6.067157
158 217 12.532512
158 278 18.250946
159 214 1.473375
159 250 11.243382
160 299 17.916873
161 228 10.187624
162 187 7.088290
162 277 9.752042
162 425 19.657769
163 364 7.196186
164 455 1.132276
165 199 19.391925
167 241 18.291733
167 335 1.501872
168 446 11.281557
169 205 9.726541
169 230 13.187776
169 334 15.971262
170 209 6.469020
173 199 14.516812
175 213 10.924132
175 256 13.417332
175 320 1.084377
175 365 7.068683
176 205 14.486955
176 335 12.112837
177 219 17.211153
179 183 2.322420
180 250 13.772559
180 332 11.066168
181 273 18.404568
182 355 11.216195
183 300 1.642825
184 306 15.067337
185 365 13.190433
186 397 12.612302
186 427 12.810344
187 252 6.999216
187 374 4.684100
187 453 11.080412
187 478 3.820663
188 302 9.159121
189 193 17.908807
189 208 8.110185
189 218 1.702038
189 396 12.986895
189 462 6.141255
190 298 17.450841
191 261 3.149658
191 265 14.060711
191 271 3.459015
193 326 4.955563
193 394 3.402443
194 241 3.008343
194 362 2.581579
194 410 12.184459
195 300 1.627693
197 296 7.389208
198 225 9.985581
198 243 17.412115
199 343 18.940964
199 465 17.491336
200 386 5.031341
200 387 1.106373
202 260 17.747307
203 259 8.965443
204 264 19.922747
205 233 4.006666
206 419 9.211876
206 492 11.195900
207 344 9.775480
207 351 6.194495
209 264 18.906320
209 481 8.910430
210 305 15.191042
210 432 14.988559
210 436 15.052329
212 269 19.675008
212 297 1.227790
212 441 2.367393
212 468 4.976525
213 246 14.736586
215 348 18.969447
218 469 9.323963
220 321 1.462084
221 286 15.729804
225 258 1.086755
225 324 11.445087
225 390 4.453923
226 343 1.966671
226 459 6.881716
228 307 8.040634
229 307 17.208409
229 356 10.814100
229 393 10.451388
230 417 2.641220
232 260 2.188343
235 388 16.789887
235 485 6.774874
236 248 6.752267
236 443 6.570355
238 312 13.566419
239 277 12.645381
242 361 13.660744
243 358 9.728554
243 380 15.731998
243 401 1.907202
244 311 9.744536
246 339 19.102124
246 346 7.704341
247 266 10.770007
247 282 6.170138
247 318 1.222729
247 350 13.566428
247 351 4.349094
247 432 8.264711
247 450 7.758001
247 472 9.238710
253 319 16.552452
253 447 1.273127
256 329 3.460211
256 347 14.357688
257 470 1.979205
259 294 17.005824
259 366 4.312323
261 414 13.891558
262 296 11.635001
262 323 17.818609
263 280 1.036699
263 331 15.408552
263 344 2.921083
264 302 15.610575
272 303 17.805253
272 327 17.798151
272 330 3.691243
272 337 12.781734
272 398 16.897233
274 324 15.174239
274 467 18.654762
277 293 14.011064
279 312 8.119544
282 402 2.402583
286 309 4.193924
289 325 10.177263
289 407 14.699415
291 379 6.631894
293 370 6.829530
294 311 3.136611
296 367 6.988992
298 399 8.533110
301 303 4.659909
303 384 15.512483
303 490 12.811960
306 497 17.220037
308 408 3.590108
309 358 11.764859
310 329 1.468056
310 449 13.152411
311 479 8.898574
315 354 6.112707
320 374 16.613354
320 450 7.616973
330 418 17.100530
333 423 13.946099
335 342 6.931996
336 420 7.308381
337 424 5.545502
341 490 10.505618
343 371 10.152889
346 375 5.178487
346 380 12.451147
346 403 12.097486
348 451 6.750377
348 499 14.900620
349 391 12.186394
351 369 3.559010
354 473 2.218200
355 484 18.361441
357 451 3.552080
361 469 11.523338
365 408 14.855729
369 444 7.557767
374 476 12.389709
378 415 9.542653
383 437 7.363539
384 458 16.914088
388 429 4.202073
390 420 2.442184
391 402 18.055331
391 427 18.974622
395 455 16.827086
399 453 17.163147
401 454 5.828295
402 458 13.086922
410 413 2.488248
414 480 18.907641
419 475 4.318174
427 477 3.403235
429 471 3.913815
433 494 9.955589
444 461 17.608798
452 461 13.767188
454 463 6.111589
459 466 5.363257
470 482 5.367076
471 496 11.344761
471 497 13.001927
6.472321 12.066916 9.209677 15.749941 20.335292 10.793229 13.006667 21.721327 22.616823 5.086540 8.115162 8.862292 11.653910 9.576555 23.987656 9.750890 6.685599 9.898638 17.207221 13.111498 8.827256 10.162301 6.315363 13.760106 13.648034 7.781684 18.622474 15.591543 14.235044 11.048487 13.758564 9.993461 13.835940 5.851363 7.270823 20.467423 17.696608 18.308824 23.166717 22.602962 17.943619 17.067881 19.470750 14.645430 8.101120 15.746289 24.387236 8.783017 8.602198 9.651518 15.912090 14.611352 11.111203 7.802335 6.457991 9.007195 9.782354 7.426700 10.234752 22.931623 24.350764 13.504547 12.379502 5.334457 22.980925 8.951303 12.529596 7.379100 19.754559 5.821647 5.875795 16.237364 22.920406 10.467264 5.653064 21.928968 20.219765 21.300295 19.058479 7.979281 18.384850 12.036823 8.130082 13.008451 6.741163 18.438142 7.005215 19.269396 20.463517 23.958357 24.269371 7.114463 21.446109 16.643523 17.624035 8.923102 6.613059 19.722472 7.093039 10.368486 17.299623 19.668163 19.216281 5.020820 20.890185 12.392844 6.010246 11.813550 7.300758 19.895443 22.388665 11.345039 15.953170 21.051750 20.420566 8.185074 7.593097 7.190624 14.646356 13.439881 23.149753 19.768113 15.509154 13.725673 16.103808 9.458740 14.032454 20.843808 17.989571 6.435463 22.298222 11.250054 13.066748 8.911452 15.231645 12.570830 12.141909 16.634192 20.354775 21.572136 12.426703 20.321279 10.695733 11.799872 5.435265 22.189386 20.053834 14.251631 22.948620 13.097798 13.230384 5.030238 6.223174 20.655839 6.951986 21.494320 17.902346 5.462012 15.883809 15.976253 6.426912 23.621308 12.582006 11.748043 22.780102 7.923881 12.486969 14.042290 21.549719 12.246191 10.676531 19.415808 14.616854 15.769583 22.246769 13.273719 20.871584 11.282079 22.955145 20.604318 6.317409 6.375772 14.987586 13.693429 9.088501 16.099434 17.678792 8.263227 13.422606 10.333183 8.767016 15.311581 18.130918 21.056814 14.235409 17.123899 23.654231 8.301338 6.382721 6.572346 16.337493 10.963010 12.540047 7.281859 5.670158 23.212378 12.036006 17.520156 14.651302 18.159951 16.232179 20.934661 10.587435 11.999742 15.836206 17.272118 23.372290 12.201284 11.647366 22.594970 11.085367 12.989498 23.434969 19.385472 11.643681 16.182475 12.706334 10.223194 24.683034 10.823884 20.113796 11.873495 9.945753 14.334347 14.039374 11.333746 8.222904 23.313388 18.606252 6.042483 17.902440 6.332281 10.307215 5.096690 22.107379 5.482719 13.975022 23.645548 21.448935 18.695866 13.286085 6.271383 13.507801 10.573114 9.615889 6.399322 14.040925 22.856176 5.677035 13.473616 5.651894 16.764832 14.237226 23.971070 19.470140 18.012242 11.824086 7.112814 20.063763 21.348012 12.565982 9.580500 21.187785 14.439140 19.191666 15.444750 13.458759 11.312610 10.869390 12.092064 11.034676 22.406329 9.283734 24.034066 14.441300 10.937500 8.727281 9.973840 21.583041 23.592232 17.286629 16.353145 23.996151 8.055256 7.142458 8.452195 20.882723 16.805088 17.858462 9.251713 18.030698 15.392604 16.277723 20.766790 18.662438 19.074239 7.906087 14.522456 15.763701 9.029462 12.184380 7.649308 16.654206 6.816685 10.152992 15.379787 10.767945 19.409736 23.755811 14.034539 16.634665 5.608579 22.111146 19.068699 22.490585 5.730405 15.629049 9.365389 9.440174 16.201191 6.243935 5.021142 24.897332 11.509155 5.097369 16.631083 7.339423 19.672234 7.958897 18.462151 8.998670 5.990297 24.984219 13.425818 15.666297 23.413853 10.626665 6.909715 9.826289 9.461989 21.014425 19.920482 6.024072 6.028567 20.724386 11.976643 6.654798 9.226994 11.031860 13.871676 24.704381 5.687416 8.991876 14.332649 14.701276 23.147865 23.505053 8.761487 12.437160 16.821351 15.238474 14.462308 18.706396 22.774210 13.403080 9.158411 16.821021 15.673626 20.311779 19.757953 21.096118 16.815887 10.720411 11.395361 20.609407 15.697530 22.066988 15.526277 5.308023 11.892699 20.153331 9.830857 13.844963 17.139545 24.908088 19.654762 18.754271 5.467418 16.486624 7.778086 23.619245 12.023120 6.502213 13.897198 19.482329 17.986765 17.634943 22.147834 20.542624 21.716737 13.076422 19.074181 5.547023 19.315756 18.935666 20.867251 18.733900 17.618910 11.158641 19.925595 8.119993 14.534020 7.308342 14.385974 5.295656 19.217909 20.453310 20.503821 9.463351 6.901160 23.008322 7.732645 8.039980 6.670501 22.527919 12.776873 12.081036 8.872445 19.033589 24.253941 7.708902 22.890905 8.050865 15.021322 21.409997 22.243527 11.809186 14.840084 8.245555 6.840870 9.762341 20.374638 22.223367 23.474934 6.107829 22.532981 15.986753 18.178990 12.769722 13.644476 20.369327 14.633154 20.765873 20.658799 22.142013 13.991016 19.075051 11.702494 15.701577 5.083771 5.380618 5.144546 10.088913 8.730447 8.985818 21.501618 5.624893 18.489409 8.252173 11.654199 21.636664 10.953218 11.569498 17.202201 24.963163 10.816344 5.526161 16.132821 22.544556 9.987161 16.486751 5.738584 8.026499 14.704864 17.809632 7.019486 21.486365 22.198350 5.110865 19.905110
33
99
0 2 4.665336
0 16 7.626688
0 17 8.049627
0 19 9.454718
0 27 4.230337
0 28 5.495822
1 6 3.747140
1 7 8.547828
1 9 5.650872
1 12 1.224607
1 21 9.506351
2 10 4.276772
2 13 3.985251
2 14 3.149168
2 16 4.908015
2 28 1.007343
2 29 7.271314
2 31 9.425975
2 32 9.349979
3 9 7.466845
3 10 9.581733
3 14 8.632751
3 24 9.784860
4 8 9.581291
4 28 9.215981
5 9 1.381993
5 14 7.025911
5 15 9.357160
5 20 4.223923
5 27 4.756721
5 28 4.719580
6 22 4.940772
6 29 3.304115
6 30 1.692201
7 10 1.779127
7 20 6.487279
7 21 4.852682
7 24 2.777376
7 27 1.897224
7 29 4.628072
8 11 7.786148
8 15 7.371260
8 18 2.530894
8 20 1.838483
8 26 1.801479
8 29 5.021875
9 21 6.526526
9 23 5.769985
9 25 9.301622
9 26 8.897082
10 17 2.504671
10 21 2.711244
10 24 2.465353
10 25 4.483406
10 26 8.090069
11 21 9.188727
11 23 8.443454
11 30 3.079875
11 31 8.708683
12 16 3.204896
12 20 1.306355
12 21 1.855131
12 28 4.714149
13 15 2.686024
13 19 3.661169
13 21 6.895615
13 22 2.632667
14 18 7.535264
14 32 4.484353
15 19 4.116524
15 22 5.570815
15 23 4.902283
15 29 4.752825
15 32 7.881683
16 18 2.220924
16 28 1.188079
17 18 1.824638
17 19 1.391148
17 30 4.691015
18 19 6.262070
18 21 1.781234
18 24 4.886147
18 29 3.862910
19 21 6.834979
19 24 4.566471
20 31 1.941201
20 32 7.428870
22 31 7.653079
23 31 8.707972
23 32 3.711118
24 26 1.839794
24 27 7.788246
25 27 4.880259
25 30 4.744271
27 30 4.137404
27 32 9.290926
30 31 5.906596
30 32 7.720469
31 32 8.994009
452.389624 471.995888 427.964574 235.851378 248.956229 316.696798 343.255440 392.742694 413.367558 236.028324 223.164817 426.758479 462.036717 289.806789 339.841182 460.237922 332.025712 219.609706 361.053000 452.226909 266.668974 393.303761 433.753496 341.552593 331.620913 275.415916 356.185782 444.670588 218.669711 417.349904 344.281837 262.288355 416.829107
