500
997
0 1 2.024650
0 2 12.688012
0 3 9.641283
0 4 15.184242
0 5 10.865246
0 7 19.199313
0 13 12.935924
0 14 7.075414
0 22 2.616335
0 24 1.964294
0 33 8.716353
0 36 18.898837
0 38 16.929057
0 39 19.005143
0 53 17.870904
0 81 9.738635
0 84 12.572954
0 100 4.111314
0 109 1.150576
0 119 19.670523
0 123 6.447106
0 125 9.920982
0 131 8.684151
0 164 12.476263
0 203 7.170793
0 249 8.954020
0 262 13.988147
0 283 1.390749
0 335 5.558224
0 366 13.716841
0 367 1.472919
0 369 14.113067
0 439 17.460174
0 462 16.091292
0 482 17.757395
1 2 18.513535
1 5 10.600466
1 12 9.121328
1 25 10.978979
1 41 10.381739
1 89 11.863729
1 129 19.296231
1 185 9.720556
2 3 8.262449
2 6 17.181780
2 10 6.462892
2 46 18.638820
2 72 13.179153
2 89 18.227678
2 90 10.793036
2 91 19.807642
2 117 10.523647
2 136 13.883759
2 163 17.209007
2 164 2.572048
2 174 9.911503
2 240 9.050634
2 261 8.226893
2 308 8.584139
2 323 9.643748
2 340 11.318408
2 364 18.740112
2 428 17.371118
2 472 11.857308
2 486 15.801731
3 4 8.195533
3 8 2.563958
3 10 3.566824
3 17 1.474635
3 23 18.374559
3 29 1.385870
3 46 9.152127
3 54 10.074516
3 65 18.436789
3 87 10.198796
3 88 16.958391
3 109 18.930943
3 125 19.200082
3 130 15.692571
3 189 7.570845
3 191 4.190064
3 269 16.507869
3 282 12.405326
3 286 13.478489
3 387 18.762727
3 483 14.388954
4 6 16.311639
4 7 19.446000
4 9 14.433996
4 28 10.908022
4 47 5.761333
4 57 3.388552
4 83 16.157551
4 88 1.439018
4 90 8.055328
4 94 2.272905
4 107 16.200320
4 120 13.793724
4 146 18.834258
4 182 13.326847
4 186 2.304616
4 208 4.658461
4 215 1.953183
4 228 14.098128
4 265 10.088477
4 279 2.991652
4 321 10.704794
5 8 8.948922
5 12 2.903471
5 13 10.476079
5 16 2.472586
5 17 2.683916
5 38 13.761848
5 58 12.371308
5 85 9.421213
5 126 12.234221
5 127 13.592792
5 133 19.804338
5 217 1.253865
5 274 16.146268
5 313 12.799716
5 352 16.873810
6 9 4.094768
6 11 14.309120
6 20 17.273459
6 29 19.670918
6 31 16.475250
6 36 8.851636
6 96 7.328178
6 101 4.055635
6 121 8.738709
6 122 13.102015
6 151 2.150696
6 288 17.532046
6 297 13.200301
6 324 4.034069
6 325 11.182448
6 365 12.493711
6 479 14.653844
7 25 3.206604
7 45 7.427629
7 54 14.658563
7 60 1.036061
7 82 14.312617
7 115 11.598047
7 176 11.015589
7 185 19.685653
7 214 13.292217
7 274 19.130111
7 313 5.472883
7 406 8.145154
8 15 4.617828
8 79 17.377858
8 93 8.788408
8 99 5.569957
8 187 19.783317
8 272 17.734861
8 320 10.730756
9 11 1.787910
9 14 12.155121
9 16 10.178948
9 26 7.562800
9 33 9.822093
9 35 14.559432
9 48 10.765719
9 64 14.051716
9 74 10.439896
9 113 2.836551
9 207 10.053726
9 210 7.310564
9 223 18.503970
9 231 18.658224
9 295 14.547244
9 349 16.255056
9 425 15.271779
9 499 13.226892
10 19 17.583248
10 20 15.773504
10 30 16.387333
10 31 9.642066
10 41 14.197673
10 154 17.085900
10 187 14.286979
10 424 16.432187
10 487 2.074508
11 23 2.222734
11 27 3.447660
11 28 14.804812
11 42 2.498850
11 50 2.617159
11 100 16.877141
11 104 6.981728
11 258 11.982888
11 306 5.416881
11 316 12.182952
11 341 7.732767
11 408 8.719563
11 413 13.139323
11 489 3.228913
12 37 8.100256
12 87 2.095207
12 97 10.017763
13 15 1.540190
13 80 4.374180
13 117 13.357744
14 45 15.363875
14 51 10.071733
14 80 16.645286
14 102 6.390725
14 131 15.541482
14 134 14.521599
14 201 13.754776
14 222 14.382128
14 305 10.711845
14 324 14.687274
14 440 5.810794
14 493 6.232004
15 18 14.102503
15 19 19.048892
15 49 9.798168
15 112 18.682439
15 155 16.771732
15 275 19.563346
15 285 12.666244
15 293 19.795946
15 304 4.732304
15 389 13.517859
16 21 10.221787
16 27 19.237611
16 37 15.734683
16 128 18.812907
16 152 2.663437
16 169 19.923602
16 205 5.419871
16 206 7.675255
16 385 18.117713
16 462 18.778616
17 18 6.701575
17 40 15.676701
17 56 6.071458
17 58 11.144047
17 61 19.433622
17 69 19.226561
17 111 11.225002
17 136 18.159052
17 144 18.304460
17 232 2.261433
17 338 19.641651
17 405 2.107966
17 461 9.498756
18 24 11.925130
18 75 9.600077
18 85 3.309354
18 96 9.845934
18 151 12.376902
18 181 1.437376
18 227 14.383382
18 257 17.680136
18 327 10.031728
18 336 7.472483
18 443 1.053340
19 21 1.900084
19 30 12.539776
19 34 18.115284
19 52 14.302120
19 93 7.958705
19 102 6.331297
19 407 11.120255
19 475 13.556752
20 22 1.269881
20 44 6.186831
20 338 16.453091
20 372 6.846930
20 386 15.502139
21 86 19.957958
21 115 7.082985
21 171 5.403499
21 200 16.177259
21 463 7.484176
22 40 2.761222
22 43 18.488008
22 62 15.700639
22 72 19.507207
22 127 18.318993
22 138 10.412473
22 204 15.031722
22 211 4.527746
22 270 5.801331
23 26 3.889733
23 47 15.715450
23 48 5.531785
23 63 8.713784
23 84 10.841370
23 97 3.636275
23 98 8.535717
23 111 1.284677
23 122 5.438233
23 124 19.317017
23 180 5.880297
23 199 16.109638
23 215 4.749801
23 294 5.705853
23 315 14.559445
23 389 15.111878
23 441 18.934281
23 444 19.529022
23 451 9.038868
24 70 10.640282
24 81 6.638894
24 176 3.223286
24 259 4.995468
25 130 10.062474
25 405 10.537464
25 490 2.379818
26 49 5.862493
26 311 7.460898
26 484 12.453411
27 68 6.343897
27 77 3.611811
27 107 3.799297
27 449 14.513121
28 39 11.699204
28 66 6.221307
28 68 7.051415
28 76 1.958794
28 101 17.602442
28 129 11.214822
28 153 11.816954
28 167 2.546569
28 181 9.699351
28 221 10.333069
28 264 1.922654
28 371 6.211609
28 409 6.386739
28 487 8.670145
29 32 18.513979
29 35 8.239422
29 44 8.685279
29 150 10.214850
29 153 17.781741
29 163 12.743640
29 188 8.200345
29 232 2.282821
29 234 3.317913
29 265 12.690875
29 300 9.076992
29 381 14.973737
29 461 8.824327
30 32 19.162760
30 34 3.607045
30 55 6.814652
30 67 16.167770
30 135 17.071703
30 179 13.099508
30 188 9.378596
30 266 10.585494
30 468 2.641113
31 62 13.127390
31 67 10.393641
31 128 12.465201
31 156 14.318701
31 159 13.142318
31 202 5.676125
31 225 7.197823
31 361 14.483163
31 433 5.481934
32 42 2.698946
32 137 8.221954
32 270 14.020225
32 329 2.876220
32 409 1.750348
33 143 14.761431
33 197 1.287915
33 230 13.149364
33 320 6.503885
33 415 17.388186
34 95 3.024005
34 105 19.138774
34 106 5.650581
34 145 6.482293
34 278 3.937735
34 315 1.477541
34 354 13.361588
34 438 2.131606
35 82 15.954692
35 132 18.767118
35 233 17.749183
36 43 1.428008
36 92 16.054207
36 192 14.316333
36 200 1.234435
36 280 7.253313
36 302 5.318630
36 307 18.024721
36 340 15.385412
36 345 10.178344
36 390 12.146778
36 419 8.106041
36 491 17.430884
37 76 1.854922
37 113 3.755847
37 162 10.221514
37 254 19.990077
37 257 18.451010
38 73 15.861843
38 144 2.460742
38 152 9.960371
38 175 2.827755
38 290 6.681074
38 330 4.816838
38 347 9.449707
38 386 5.313138
39 56 13.417626
39 66 18.371279
39 78 13.792444
39 86 13.177723
39 170 16.259715
39 194 19.647015
39 214 2.629696
39 239 7.033417
39 243 3.655842
39 319 2.300017
39 337 17.998643
39 360 17.581157
39 422 18.718284
39 440 15.011954
39 471 11.388183
39 484 14.340931
40 140 12.283840
41 299 1.808456
42 52 9.250735
42 63 9.473924
42 78 4.255403
42 105 9.842019
42 112 14.754077
42 133 9.980851
42 182 13.297678
42 273 12.698530
42 307 5.516572
42 395 16.098801
42 475 12.646599
43 441 17.683935
44 180 17.001709
44 266 19.745234
44 273 17.455670
45 57 19.597404
45 150 19.950095
45 172 18.253713
45 211 3.572975
45 219 18.951552
45 241 7.806237
46 50 18.640837
46 149 3.069574
46 177 14.780273
46 193 9.827690
46 198 11.640646
47 51 4.062242
47 148 18.846262
47 302 1.692006
47 334 18.470759
47 384 16.993409
47 434 12.490885
48 370 2.928007
48 453 13.635289
49 59 4.928289
49 118 19.602845
49 226 9.581632
49 296 19.131421
49 332 12.556072
50 53 2.045972
50 59 19.817063
50 61 14.059702
51 258 13.844800
52 79 11.023698
52 92 14.658967
53 55 19.788673
53 69 13.647925
53 77 18.783316
53 99 16.411269
53 172 13.730060
53 252 18.057661
53 303 9.623787
53 457 11.343254
54 70 8.839013
54 108 16.804881
54 135 11.855973
54 243 13.853421
54 379 18.707793
55 60 9.441585
55 98 7.035558
55 160 1.036595
55 184 12.890074
55 289 15.164556
55 416 2.162508
56 74 12.246712
56 157 11.735407
56 173 19.298012
56 174 11.417283
56 212 5.753104
56 221 18.838837
56 244 18.588698
56 271 12.176886
56 423 15.963828
56 426 15.350919
56 439 10.923317
56 460 18.441158
56 494 3.253325
57 191 14.671404
58 195 18.386769
58 207 15.432300
58 299 9.840125
58 467 5.033912
59 64 7.541595
59 73 1.775547
59 137 10.610790
59 193 18.560633
59 203 16.272957
59 224 3.975273
59 277 13.620719
60 65 11.692663
60 71 5.405437
60 134 6.488223
60 159 12.878430
60 287 3.361310
60 348 8.953205
60 357 12.316684
60 427 1.641110
60 486 15.177637
61 165 8.653856
61 306 15.713086
61 362 4.119016
62 103 13.264597
62 110 4.749796
62 310 3.685914
62 432 10.346671
62 448 13.852633
63 114 3.424097
63 175 8.541120
63 471 17.131466
64 179 14.004375
64 318 14.058969
64 391 7.300828
65 83 7.435780
65 94 3.293348
65 305 14.408228
66 106 10.647094
66 201 8.972753
66 229 2.968518
67 71 14.417478
67 119 1.171494
67 178 3.850925
67 322 4.683501
67 353 10.038989
68 75 8.369118
68 138 15.042943
68 256 7.729019
68 328 18.602503
68 452 17.287705
68 491 1.842348
69 212 19.128450
73 240 6.026705
73 242 19.014060
73 280 8.062319
73 359 11.867704
74 183 13.382579
74 213 5.153909
74 247 17.298581
74 337 5.230174
75 108 17.430474
75 110 18.171029
75 121 2.466467
75 132 5.802529
75 275 6.988631
76 104 1.965604
76 116 19.051626
76 124 17.073375
76 246 7.398690
76 341 12.044081
76 421 16.560014
77 189 8.643224
77 195 7.433078
77 318 17.743213
77 477 1.614694
78 95 2.753521
78 177 18.846481
78 346 4.645802
78 396 4.892891
78 411 10.518318
79 194 13.450261
79 346 16.461535
79 422 10.506260
80 373 14.907700
80 382 5.306885
80 383 2.770728
80 430 12.202931
82 325 9.701377
83 378 2.823707
84 262 12.257602
84 263 2.313359
84 406 2.155052
84 437 3.260054
84 447 1.711198
85 149 17.488376
85 161 7.769725
85 226 6.240499
86 91 18.960438
86 357 10.255686
86 376 14.915745
86 410 10.194728
87 223 8.354192
87 260 13.383507
88 234 13.429761
89 255 17.219534
90 126 13.537237
90 455 2.292767
92 114 13.718283
92 147 9.705728
92 167 6.143841
92 178 1.317679
92 235 10.617810
92 249 18.925208
92 277 6.579246
92 283 3.732505
92 348 2.688095
92 379 19.320933
94 459 17.093596
95 147 9.800374
95 400 9.180804
96 116 18.161933
96 145 9.720360
96 158 8.809882
96 190 8.858806
96 209 13.256799
96 268 13.287083
96 271 1.715148
96 331 4.678097
96 430 17.068679
97 298 17.000469
98 142 12.450773
98 294 1.918793
99 298 8.995088
100 168 6.788246
100 388 12.639050
101 103 3.488828
101 123 15.655839
101 199 9.325858
101 394 15.276980
102 148 13.157140
102 206 17.617621
102 217 18.874895
102 368 18.925814
104 139 13.448547
104 140 4.187636
104 329 5.740345
104 479 18.678250
105 118 3.189818
105 142 9.882500
105 162 13.153003
105 168 15.196087
105 170 19.555815
105 186 19.719188
105 219 1.816658
105 264 5.483442
105 375 14.447924
106 497 3.843687
108 120 14.184964
108 225 8.536686
109 349 12.234348
110 146 14.115031
110 183 10.501492
110 236 15.708332
110 260 12.354204
110 292 19.197425
110 443 2.439279
112 157 6.704097
113 161 6.234956
113 381 15.198906
114 192 13.306436
114 442 15.899417
115 158 2.838680
115 213 11.344208
116 431 11.933919
119 435 18.109367
120 238 11.042257
120 412 10.433705
121 202 18.213507
123 141 6.632781
123 204 16.283165
123 322 4.132100
124 328 19.677853
124 431 17.137958
127 282 13.113086
128 139 18.300770
128 466 6.039444
129 239 11.728916
129 284 5.578047
129 384 12.615415
129 453 14.620268
130 336 16.927509
131 244 9.119801
134 224 12.374747
135 368 1.780232
135 496 4.523664
136 141 13.182810
136 160 15.575710
136 360 10.609993
136 364 15.562769
138 143 2.801376
138 292 8.046997
139 166 4.476767
139 190 10.484079
139 196 10.417373
139 256 17.661166
139 398 7.528725
141 166 8.421987
141 205 19.969503
141 220 18.816098
141 250 15.561506
141 287 3.186454
141 304 2.273745
141 310 13.597176
142 218 15.426386
142 247 15.620008
142 330 12.398598
142 343 19.840876
143 245 8.811738
143 276 9.090998
143 293 8.288147
143 392 10.168086
146 216 19.569298
147 269 10.979963
147 473 9.501479
148 297 13.774928
149 156 19.216893
149 417 18.744131
150 196 18.809210
150 242 19.954048
151 154 17.554169
151 238 14.298143
154 155 18.477360
155 229 15.606173
155 374 15.205089
155 427 4.227861
156 407 14.232931
157 218 2.462760
157 253 9.465863
157 312 5.047490
158 342 5.189598
160 165 12.885174
160 171 7.457244
160 197 14.359655
160 237 15.373635
160 444 13.571133
161 169 3.760614
162 245 5.581145
162 291 1.005595
162 309 14.451454
162 311 7.402568
163 445 1.476511
164 228 16.785237
165 418 8.802015
165 420 11.523658
166 316 1.616232
166 382 6.604510
167 222 4.930221
167 331 19.678267
168 284 7.018221
169 173 12.822789
170 286 13.523468
170 404 1.799832
171 198 6.578783
171 209 10.474337
171 281 15.208224
171 424 8.142877
172 435 17.611787
172 476 9.344235
173 428 16.653695
173 498 11.671976
174 184 3.915341
174 253 1.145240
174 290 10.075028
175 469 16.766832
175 473 2.090218
177 395 10.460541
179 237 10.017978
180 289 8.792088
181 210 10.651987
184 261 17.994125
184 276 16.222675
185 230 3.331788
187 267 18.843554
190 458 13.263006
192 423 9.611108
192 458 12.681871
194 252 4.284397
195 227 18.141353
195 231 18.184927
195 246 14.333673
195 291 17.845126
195 383 16.578414
195 478 17.209776
197 236 12.258908
197 421 16.340443
198 390 16.997871
199 233 10.905166
199 375 6.799844
200 241 2.413514
200 447 19.311120
202 278 17.900794
202 355 16.116860
202 454 19.386869
203 208 7.107300
203 254 12.290361
203 413 11.725343
203 451 2.730966
204 301 1.752643
204 387 11.848801
204 414 5.858506
205 496 12.610901
206 216 15.769502
208 358 5.537189
208 403 2.072165
209 279 3.484691
209 288 3.445288
209 326 16.416643
209 372 7.240209
209 414 7.772187
210 263 19.806305
210 314 14.957256
210 362 11.811339
210 396 15.154359
210 400 13.975064
210 448 3.901795
210 495 7.258488
211 495 16.819539
212 363 17.244928
212 464 14.027007
213 374 12.366724
214 356 16.277089
214 481 10.211663
215 248 17.263305
215 251 15.575466
216 220 18.583887
216 235 10.961989
218 308 7.166588
218 433 2.060040
223 332 14.641871
223 470 8.782334
224 250 3.767995
224 365 19.130875
225 417 9.948700
227 438 12.348224
227 493 3.012687
228 323 11.261864
230 281 10.449877
230 385 15.494074
231 255 12.990996
232 251 5.325060
233 314 12.277340
234 267 11.449547
234 388 15.152862
234 482 7.719866
235 356 1.809529
241 272 7.355150
241 303 10.040625
241 326 6.532846
243 248 16.424116
245 452 4.391098
246 467 18.853535
246 489 15.375262
248 259 10.594772
248 317 6.493399
248 429 11.098398
250 367 13.977348
250 376 17.090976
254 399 1.877214
255 401 4.244814
258 442 19.430125
259 333 14.778925
262 342 3.136231
262 343 16.513080
262 380 16.150295
262 410 17.401028
262 456 4.521625
263 268 10.068119
263 295 8.835180
263 296 15.577073
263 321 18.745862
263 485 7.864831
264 333 7.928430
264 476 2.490685
267 350 2.361306
268 285 19.359824
268 464 17.378466
270 312 4.264808
270 351 14.041473
271 392 3.335189
275 465 11.421736
276 478 18.670474
276 485 16.140057
277 347 17.814182
278 339 18.477341
278 393 13.005638
279 361 11.739228
280 300 1.376581
280 377 3.972148
280 401 18.926134
281 359 7.456536
282 397 13.948878
282 425 9.060901
284 363 17.661494
285 335 12.705770
285 408 5.324216
286 344 10.659183
286 380 15.627905
287 377 2.615194
288 327 17.137204
288 397 7.413736
288 399 14.009950
289 309 13.728088
289 352 13.190792
289 459 17.218695
293 353 7.218867
295 398 1.646643
296 449 16.894577
297 334 3.637582
299 317 9.608981
300 301 6.791345
303 394 13.386843
303 429 3.915200
304 344 4.666549
304 350 2.049820
304 355 19.979753
304 468 1.060875
305 465 6.644558
306 418 11.217251
309 470 9.209713
310 339 18.801002
310 371 3.890694
310 391 18.998054
313 373 14.081516
313 480 19.109743
314 319 12.287304
315 402 14.576549
315 488 6.165313
320 466 10.403235
321 492 5.648860
322 403 9.548174
329 345 19.041894
329 432 15.882954
329 445 15.454304
329 457 1.194727
330 437 7.802971
333 378 4.379632
334 416 10.008100
334 474 5.477095
335 369 7.443308
337 351 10.478247
338 354 4.238382
342 358 3.047947
342 497 17.209142
349 370 11.521131
349 456 4.256696
353 450 14.376870
354 393 16.178881
354 404 5.860834
356 460 5.577228
358 411 14.362026
358 494 5.731819
359 420 16.195303
362 469 10.473033
363 366 19.734924
369 402 6.671810
369 490 11.445316
371 483 7.611496
372 480 17.952460
372 498 19.066940
373 446 1.313636
373 492 7.092583
379 415 6.463312
388 434 15.545797
390 436 18.968835
393 436 13.539887
396 446 8.950355
399 472 2.553803
404 419 19.979851
405 463 8.392685
406 454 16.891522
410 412 8.734418
410 455 7.734090
414 426 19.480962
418 450 14.715465
426 477 12.255837
435 499 13.318577
438 474 18.249656
439 481 19.397964
478 488 16.531575
10.814586 22.727262 17.649662 9.195541 7.223901 17.651610 15.257592 5.388239 24.568197 7.444440 6.971682 19.382152 20.801899 6.910859 14.846689 19.404694 17.508597 17.071490 6.921593 22.020480 20.418380 24.538588 11.910864 18.687722 22.109243 17.613258 23.195026 13.825927 8.750438 9.028703 6.339734 15.090196 18.544871 15.391929 21.619129 10.236134 18.675001 18.722506 6.478236 9.412730 24.936554 16.658690 19.002807 9.620751 17.815304 17.389026 19.219743 23.693405 9.882176 22.867067 9.354455 24.569781 24.426488 19.683286 12.831514 19.515488 23.811695 21.945637 10.538819 11.893747 6.295341 18.592275 22.191211 7.729376 17.773773 11.949641 5.170172 23.158756 15.482561 15.303945 19.462441 17.571046 11.378099 11.514817 8.914171 19.220294 16.620528 13.374404 19.777525 17.639019 8.550642 11.693468 16.240283 11.614728 14.111084 24.165635 7.261873 7.986796 21.766606 11.539399 9.674030 21.266578 15.466909 5.324657 8.850230 8.500044 19.880561 22.755571 11.396070 6.246440 21.259529 6.945471 5.407040 11.175556 20.623202 8.380360 8.167120 18.507135 17.745756 8.580466 22.245323 6.233422 22.861358 15.625386 11.806528 13.856921 20.790098 16.730425 16.970370 16.727139 7.709709 9.891884 16.238755 12.565920 6.656692 22.114100 16.221684 7.368251 13.928389 17.814404 5.557238 17.490665 8.270323 6.670877 7.475118 14.802456 15.696703 17.982355 7.924580 21.128201 9.338807 13.146218 20.837246 24.761320 10.351781 8.712874 11.365463 10.186153 5.447712 21.775784 14.385010 9.592332 20.831285 6.757035 22.106346 21.298663 20.062937 7.444536 18.072013 23.547208 10.162379 17.886934 18.555611 5.897861 12.729356 11.363536 17.329924 21.711867 11.470371 15.753817 14.737692 5.392351 19.643684 5.200246 24.345273 20.091634 7.554521 6.243576 13.780371 11.296277 6.672729 24.845765 18.068248 11.832560 7.723265 11.527252 15.621828 19.385982 7.675069 21.856745 20.041486 22.599860 22.582520 15.858212 23.767876 19.572816 17.704889 20.255540 22.851159 5.668009 13.342113 16.570889 10.687671 24.062241 13.652855 11.123402 13.245764 14.825022 12.654488 18.795975 15.270826 24.476208 14.657428 19.095167 22.195449 18.058772 9.551999 16.998148 16.382965 12.019958 23.008203 14.807570 18.934138 7.713239 23.301953 15.224361 6.330238 13.627228 22.428091 20.829273 15.352865 22.023527 22.073938 14.900412 17.987855 16.846769 7.997655 11.843725 5.472904 9.505988 22.168803 18.901067 15.951989 12.762492 7.464203 14.995332 20.691302 10.371901 23.063396 22.797835 13.518368 6.718131 8.603530 23.931930 22.249482 12.194314 11.061937 24.950756 24.397832 17.703561 8.341286 7.403147 5.845925 24.453486 13.033527 5.881319 8.236879 7.650214 11.435521 9.782978 16.812109 17.722273 10.255198 15.041143 19.166747 18.718179 20.629877 12.377357 6.915574 10.902659 22.454075 11.120966 22.738788 15.714892 9.253739 8.355255 21.115378 23.140454 15.567530 6.442285 15.688918 6.378458 5.470903 22.222531 19.859642 9.779526 17.603966 20.486218 14.688356 12.336789 5.363532 16.986389 24.667920 10.706422 21.433648 16.199155 5.631219 16.982398 16.060354 16.561601 17.456417 12.339417 17.660840 18.806180 18.318415 23.405881 21.521151 16.097261 13.534841 23.459480 13.312958 12.977158 23.526330 17.349269 19.190860 21.356097 12.860058 12.147381 9.722057 21.209879 22.593440 24.137985 23.481646 16.143928 16.939432 23.139841 23.950710 20.526395 6.076206 13.876175 14.315892 7.847488 15.772947 13.097531 16.557177 21.053706 6.453356 20.632548 7.093996 13.834800 6.764483 18.005014 13.627667 6.218346 7.124709 6.120608 18.808303 14.034261 7.893013 5.691947 15.939334 7.596406 5.335404 5.841342 17.440787 16.620562 22.406681 20.840577 9.596590 24.002276 11.032014 7.251606 12.133057 23.591724 10.121412 11.850870 16.963939 23.422353 16.211057 19.001412 7.307884 7.584886 12.969363 18.739856 5.395116 24.624453 20.270296 11.979283 20.494019 10.003180 11.972193 11.291480 8.283937 24.098852 6.654680 18.374621 6.103274 16.198157 5.429807 9.019801 12.398481 11.463442 17.561673 11.828308 16.656228 19.030744 20.010006 15.943152 23.159549 8.650541 6.831223 21.831150 10.593532 19.208187 7.116029 14.174360 23.508597 14.232955 18.123349 20.738299 7.557602 22.032034 7.361852 23.833955 7.991329 17.975480 21.083511 19.049000 11.591254 11.691191 9.904460 15.511112 15.913715 24.266015 12.655748 14.879786 22.139645 15.496631 23.520530 23.595059 21.019858 22.555719 16.622913 7.884522 12.961319 6.898095 10.650987 20.035769 22.043818 9.086949 14.140688 12.160035 24.470647 15.983942 8.300366 21.612334 7.663174 15.036018 8.566108 5.190341 17.679832 6.358071 13.214819 24.721077 13.669658 18.225831 19.860082 8.348441 18.548673 7.015333 19.479178 17.311343 15.601493 8.807625 20.574274 6.012035 8.234861 23.171143 11.183183 14.609821 6.752800 15.876540 14.788255 23.592528 11.834528 11.791352 19.676065 19.181913 5.481090 23.102571 8.285428 19.174157 6.827124 19.337141 23.020883 14.696715 24.390039 12.132453 23.703020 8.391016
33
88
0 3 2.064437
0 9 9.055172
0 10 3.369282
0 12 5.192870
0 25 9.276135
0 27 6.716928
1 8 5.149611
1 12 7.048995
1 14 1.153199
1 16 8.349082
1 20 4.344955
1 27 9.420768
2 6 6.842099
2 8 5.212314
2 13 5.564955
2 25 9.063853
2 30 2.242445
3 6 6.507280
3 11 4.641533
3 21 6.735249
4 8 6.085851
4 13 2.784191
4 22 6.922278
4 23 1.272096
4 28 7.001079
4 29 8.733006
4 32 8.712538
5 7 2.683402
5 8 9.558490
5 9 1.815024
5 10 8.820619
5 23 1.702349
5 26 5.264018
6 18 4.521355
6 27 3.026546
6 31 5.054420
7 9 6.806581
7 13 3.578451
7 20 5.808333
7 25 4.824723
8 15 9.599026
8 19 3.608798
8 22 4.120340
8 24 4.898243
8 30 7.656849
9 26 8.769975
10 14 6.940786
10 21 1.182317
10 22 4.186126
10 23 3.510859
11 13 3.627055
12 18 1.348171
12 21 1.159493
12 24 1.883579
12 32 3.520128
13 28 1.127403
13 31 5.478694
13 32 4.101101
14 16 1.978924
14 20 4.163470
14 29 3.576077
15 17 1.277651
15 21 5.393601
16 19 8.274499
16 22 6.497344
17 24 9.876092
17 30 4.947473
18 19 4.833608
18 20 9.797028
18 27 9.487409
18 31 7.026367
18 32 7.840061
19 20 1.732846
19 30 8.754894
20 30 9.396951
20 31 2.952428
22 29 2.218863
23 24 9.661897
23 26 9.528397
23 28 8.038619
23 31 3.278019
24 29 6.951889
25 26 4.906969
25 32 5.726677
26 28 2.862132
26 32 6.565917
27 28 8.145223
28 29 8.702327
230.357519 307.666301 334.046828 423.374785 243.443195 245.323720 478.592472 388.626258 494.151395 479.292061 335.665449 265.314467 439.566492 496.005902 461.064460 228.881617 276.579147 463.094465 275.965473 391.414699 403.635899 501.632241 462.030499 493.074863 326.881261 364.014168 412.717590 433.259469 263.728200 228.647447 406.515034 310.972455 218.657601
