500
997
0 1 13.872124
0 2 11.917511
0 5 6.993324
0 8 6.319171
0 9 10.820717
0 11 10.012461
0 13 9.479962
0 19 11.766059
0 22 15.183318
0 32 12.016907
0 39 9.579742
0 58 14.315427
0 74 1.417574
0 116 7.090655
0 154 4.165364
0 224 2.125917
0 270 7.028978
0 293 12.333582
0 296 11.981838
0 324 12.771728
0 377 19.177886
0 379 19.864931
0 406 15.969466
0 420 17.882722
0 423 4.173972
1 2 9.702961
1 3 6.844436
1 4 10.927247
1 7 13.207277
1 17 2.741980
1 38 18.465215
1 39 7.870651
1 40 13.960438
1 42 7.244366
1 44 16.264565
1 49 2.215125
1 55 18.104299
1 64 18.441311
1 66 4.884906
1 71 5.770032
1 109 4.181781
1 112 5.010430
1 149 11.117115
1 160 13.542999
1 191 17.920990
1 212 1.241500
1 219 16.580985
1 303 9.975697
1 336 5.525790
1 370 8.174281
1 386 3.697184
1 387 4.266498
1 410 2.796119
1 445 17.263516
2 3 12.684598
2 6 9.185682
2 8 3.842136
2 13 13.846156
2 14 11.776905
2 19 13.277848
2 27 5.987971
2 53 7.662520
2 59 13.776132
2 60 11.823193
2 63 11.094680
2 70 18.073575
2 77 10.228388
2 88 2.734163
2 100 5.364503
2 102 15.118380
2 104 10.638741
2 126 13.216663
2 127 1.006655
2 131 11.843267
2 145 4.740145
2 150 11.280419
2 157 6.945035
2 168 16.600473
2 170 19.660231
2 201 9.866553
2 202 12.920062
2 203 2.461901
2 240 2.147058
2 262 4.649668
2 282 2.364198
2 306 18.508943
2 327 15.743753
2 376 19.101651
2 390 15.892509
2 396 12.948119
2 407 13.085575
2 428 9.746910
2 457 6.040459
2 471 19.744999
2 482 17.789872
3 4 15.640938
3 5 13.819636
3 6 7.705027
3 12 4.026629
3 15 15.871657
3 20 19.583642
3 29 17.108470
3 31 9.906260
3 33 18.832036
3 43 18.423083
3 48 16.741464
3 50 10.447276
3 55 6.509032
3 68 9.426816
3 71 18.629619
3 120 3.587938
3 125 13.979812
3 130 19.745798
3 137 13.873409
3 179 15.911674
3 233 18.884002
3 235 16.478416
3 260 2.333363
3 297 3.869402
3 298 4.794335
3 316 3.573207
3 333 3.792258
3 348 19.857017
3 361 19.881474
3 368 17.039749
3 395 11.758617
3 409 14.701849
3 416 17.907808
3 444 15.468788
3 456 5.858992
3 469 18.971348
4 10 1.022274
4 14 17.256454
4 24 2.645276
4 47 5.010682
4 62 14.450222
4 67 8.955033
4 81 12.441984
4 88 14.048944
4 122 14.410085
4 136 17.367810
4 141 11.121895
4 164 7.804340
4 222 3.416328
4 291 12.147380
4 358 7.195193
4 359 5.914226
4 424 6.176139
5 11 6.358739
5 16 19.285696
5 25 9.746032
5 58 16.670111
5 65 17.276224
5 76 15.124453
5 79 10.181658
5 95 12.623564
5 163 4.680482
5 198 17.448897
5 275 1.328072
5 323 11.038130
5 332 10.483169
5 484 15.286093
6 7 2.576623
6 21 3.438106
6 86 11.520010
6 124 13.238612
6 134 10.580717
6 153 10.800273
6 203 2.176445
6 340 1.724536
6 441 12.536029
6 447 12.547039
6 490 12.653576
7 12 8.231654
7 17 4.638900
7 24 17.716445
7 26 15.561363
7 27 10.185458
7 28 13.380947
7 34 8.636920
7 41 14.450709
7 48 12.406162
7 49 3.369536
7 64 8.109339
7 70 13.363728
7 84 8.748019
7 89 13.818298
7 97 16.908440
7 107 16.850162
7 108 16.892998
7 112 17.469926
7 121 4.389832
7 128 13.896854
7 159 18.986666
7 168 16.720693
7 211 11.227927
7 224 1.042065
7 254 1.558519
7 265 6.614778
7 290 8.883713
7 328 6.511449
7 417 8.664362
7 425 17.942013
7 438 5.239815
7 449 7.219554
7 478 12.370897
7 498 5.177250
8 9 2.598880
8 10 7.617759
8 23 8.048623
8 35 16.963777
8 52 19.512437
8 53 15.235739
8 67 5.288385
8 72 10.124073
8 132 4.362518
8 146 14.089534
8 228 11.590559
8 233 10.445641
8 246 6.223232
8 304 2.854439
8 320 7.500862
8 347 5.351209
8 399 10.584175
9 15 11.844206
9 18 2.280924
9 20 12.877041
9 29 5.310400
9 30 16.237237
9 37 2.622686
9 65 16.931214
9 93 6.014513
9 100 9.250235
9 105 2.564143
9 119 6.302916
9 150 13.483452
9 154 16.915896
9 188 16.744186
9 201 17.037540
9 228 19.449534
9 236 15.293842
9 267 17.499317
9 305 1.495973
9 311 4.712840
9 312 3.570983
9 369 6.171172
9 385 5.650294
9 451 8.404262
9 460 9.009079
9 490 2.849796
10 16 5.964249
10 18 9.115668
10 35 4.162206
10 36 2.948035
10 46 19.830240
10 72 16.480089
10 75 5.565930
10 158 13.777229
10 192 19.318564
10 315 19.360963
10 344 9.000423
10 376 10.285153
10 387 8.910959
11 83 8.609347
11 110 19.348606
12 33 1.301568
12 43 6.354612
12 66 16.863030
12 189 9.860800
12 218 5.437308
12 430 16.407296
12 466 10.750704
12 474 16.123404
13 28 12.382201
13 92 17.985487
13 106 15.202083
13 204 7.256205
13 242 12.041773
13 365 3.904597
13 380 18.036764
14 243 14.851566
14 248 8.803085
14 351 15.659574
15 37 13.562044
15 196 10.634262
15 306 13.300566
15 375 13.253326
16 173 3.507648
16 205 19.668931
16 345 6.837571
16 478 10.927329
16 481 15.971181
17 21 9.757630
17 22 13.809747
17 25 1.839974
17 50 6.160004
17 57 10.612314
17 101 17.781428
17 115 15.160086
17 199 19.857084
17 211 7.985548
17 286 13.631413
17 291 12.339583
18 69 4.661754
18 80 12.027547
18 102 18.579624
18 304 1.533961
19 40 5.908870
19 45 10.619746
19 78 16.955028
19 163 10.668077
19 278 8.816283
20 23 14.670272
20 76 5.173133
20 130 18.208279
20 151 18.949790
20 165 2.628656
20 183 18.461962
20 212 2.559934
21 56 10.651757
21 122 1.743729
21 184 3.862102
21 227 6.306964
21 307 2.547500
21 337 6.147156
21 487 5.618728
22 26 15.619625
22 41 9.655483
22 46 8.155434
22 69 12.827350
22 106 2.920554
22 123 19.872717
22 175 7.095488
22 343 6.411742
22 380 13.616660
23 30 19.184490
23 63 10.625166
23 73 4.674863
23 339 2.987008
23 450 11.804145
24 31 4.537779
24 38 12.940636
24 57 2.906688
24 94 6.358696
24 101 2.874523
24 117 16.260901
24 120 13.406377
24 176 11.421732
24 190 19.462876
24 221 12.649761
24 276 7.093248
24 349 2.521925
24 358 2.266372
24 369 18.904935
24 459 5.475952
25 59 15.871206
25 463 1.305773
25 489 1.179572
26 236 6.465310
26 279 9.826670
26 413 17.116018
26 427 12.599069
26 455 16.450409
27 34 16.540029
27 167 9.781043
27 338 13.225304
28 36 13.434882
28 82 9.984669
28 132 7.764498
28 138 15.188254
28 156 19.726438
28 265 12.330153
28 355 10.601178
29 197 16.409101
29 245 6.161277
30 44 14.951803
30 60 15.530068
30 91 6.643242
30 133 15.226991
30 225 8.751251
30 352 8.544112
30 445 19.410758
31 32 17.729316
31 74 14.819018
31 108 18.862990
31 157 13.581389
31 281 5.589154
31 397 17.014857
32 42 9.781262
32 54 19.054043
32 80 5.586667
32 86 16.091434
32 96 4.780218
32 143 3.873922
32 177 9.706767
32 251 1.463045
33 62 15.565853
33 141 1.858825
33 237 16.655291
33 381 9.624063
33 383 13.875763
34 61 14.155624
34 99 4.803021
36 179 3.181783
37 272 1.507612
37 434 13.780429
38 97 11.302320
38 239 4.562333
39 68 1.814034
39 96 5.095580
39 145 17.677994
39 169 2.908810
39 290 14.039868
39 335 3.972354
40 54 3.343926
41 103 11.944632
41 146 17.747245
41 177 1.842660
41 193 11.207090
41 213 11.046013
41 294 1.699314
41 297 15.358249
41 314 17.011160
41 368 3.135220
41 409 12.760860
41 438 2.492034
42 51 1.140243
42 93 17.847979
42 432 9.034639
43 45 5.229562
43 47 15.409441
43 56 3.761696
43 136 16.932330
43 180 6.533232
43 181 6.572931
43 227 1.075769
43 232 5.922180
43 256 4.589838
43 281 1.728054
43 311 14.968242
44 77 4.902447
44 397 2.664603
45 75 17.058632
45 87 6.981146
45 131 4.071259
45 207 18.706650
45 239 14.018659
45 364 14.630416
45 401 19.757524
46 52 12.589605
46 82 7.157983
46 231 5.731408
46 267 9.128292
46 342 10.534056
47 51 7.413817
47 182 4.617228
49 94 17.361003
49 288 19.349056
50 124 9.696196
50 147 2.239732
50 166 11.383789
50 283 4.011168
50 357 12.515908
50 375 5.686372
51 73 16.172316
51 206 14.706634
51 338 13.744855
51 494 3.439001
53 81 10.394025
53 113 9.162236
53 155 11.445489
53 189 8.042306
53 400 4.095670
53 493 1.857207
54 105 9.380292
54 114 7.985010
54 115 16.262556
54 198 4.560727
54 392 9.644626
54 398 7.234139
55 103 19.500237
55 142 12.948185
55 183 18.873442
55 225 16.886491
56 84 3.880567
56 90 14.504943
56 99 17.504949
56 129 11.840879
58 85 10.070935
58 91 14.516972
58 174 3.038201
58 321 7.529761
58 326 1.270581
58 415 15.107888
58 491 14.555577
59 111 6.941913
59 139 10.925947
59 247 16.166050
59 260 2.814437
59 298 16.635654
59 389 9.603845
60 61 12.232469
60 83 1.444171
60 138 10.380788
60 268 13.703588
60 401 19.460159
60 431 6.829321
60 439 15.213496
61 78 15.753016
61 85 5.382084
62 252 13.171678
62 496 19.754033
64 152 4.707246
64 185 12.168428
64 285 9.762542
64 308 15.357843
64 448 4.000992
65 107 1.846353
65 140 1.224976
65 148 2.832540
65 152 17.750816
65 178 2.881565
65 209 1.119805
65 318 19.585331
65 406 1.486563
66 174 18.412968
66 258 4.887229
66 289 9.805614
66 346 19.958104
67 264 18.457206
67 396 7.778677
68 133 1.940257
68 140 19.709900
68 171 9.854962
68 273 3.344839
68 285 6.596212
68 325 14.132819
69 125 15.657915
69 187 18.968352
69 284 1.847796
69 372 15.735349
69 377 16.660482
69 390 1.769070
69 428 6.687200
70 259 14.945453
71 79 18.870160
71 90 16.601024
71 127 13.833318
71 205 11.707499
71 269 10.773740
71 294 6.132115
72 159 3.749397
72 185 7.739569
72 302 15.548034
72 315 9.841690
72 317 14.460893
72 326 14.869411
72 332 7.413869
72 402 12.400436
72 407 7.665540
72 468 19.435467
73 214 7.338900
74 280 11.352162
75 89 13.647892
75 171 4.713943
75 176 1.683898
75 194 17.925434
75 261 2.005235
75 442 7.028908
75 450 12.393606
76 123 6.925100
76 350 12.930217
76 497 11.289470
77 92 12.615365
77 135 18.502496
77 181 16.957749
79 109 4.389646
79 114 2.636054
79 251 17.806276
79 284 17.223354
79 482 2.793680
79 488 10.370337
80 87 18.859661
80 216 13.005890
80 322 7.389270
80 354 13.259950
80 367 18.672464
80 374 16.073006
80 424 2.565834
81 300 3.662904
81 472 7.875379
82 95 6.428576
82 148 10.684816
82 277 17.774281
82 371 7.604850
82 382 11.094549
83 190 13.632706
83 303 13.740161
83 429 17.853561
84 371 3.014430
85 98 19.505363
85 121 18.469316
85 178 13.560275
85 235 2.305567
86 98 6.167421
86 467 11.793613
87 167 2.064278
87 209 12.192146
87 210 3.298542
87 238 8.584470
87 292 18.223513
87 333 10.463258
87 363 2.009157
87 435 1.320030
88 155 13.523464
89 288 10.347948
89 320 3.508884
89 444 9.176836
90 200 17.010711
90 246 19.389218
90 342 18.944754
90 354 8.734635
90 437 6.267776
90 443 5.701840
91 119 15.503495
91 382 11.685172
92 117 17.640809
92 151 3.827883
92 172 13.281792
92 286 5.012756
93 144 2.179599
93 160 8.654713
93 173 9.956135
93 182 10.094939
93 186 7.221778
93 234 8.465980
93 337 8.410847
94 104 8.835870
94 118 2.269348
94 161 12.650643
94 356 1.250453
94 456 6.312055
95 111 5.152465
95 113 16.877525
96 219 19.608937
96 392 4.125800
97 149 2.646068
97 295 9.407308
97 435 3.852140
98 126 18.605703
98 169 10.939467
98 269 4.051835
98 348 7.447835
98 497 5.676536
99 110 8.841229
99 193 16.905240
99 249 3.078265
100 135 16.638966
100 363 6.656333
101 494 18.111942
102 481 1.585550
103 128 13.238475
103 240 9.576935
103 274 18.585679
103 319 15.267644
103 449 17.809483
105 208 9.301169
106 241 9.899471
106 350 19.322455
107 259 10.140870
108 116 5.270451
108 118 5.239784
108 200 18.468258
108 215 17.418591
108 405 1.670707
109 188 4.468481
109 245 7.413665
109 271 15.060005
109 464 11.017151
110 144 6.634964
110 191 15.071974
110 250 2.513348
112 345 1.442261
112 388 18.730750
112 466 11.627083
115 134 8.255632
115 299 14.689126
116 192 7.038079
116 256 15.765685
116 274 16.738535
117 238 1.824752
117 241 1.044348
118 210 18.365698
118 499 15.918167
119 429 6.389524
120 218 8.185482
120 344 6.687029
121 129 11.426354
121 302 15.679787
121 316 4.352601
121 431 13.638898
122 186 11.976886
122 195 15.935367
122 206 6.183914
122 331 14.510111
122 464 11.418182
123 137 18.619856
123 162 18.570014
124 196 5.688745
124 487 14.902217
125 143 1.340313
125 194 18.717144
125 222 15.061824
125 330 6.966915
125 470 14.072352
125 477 7.412258
126 158 2.831002
126 172 15.321549
126 217 11.873280
126 253 3.346677
126 275 5.314410
126 293 10.619811
126 384 14.730692
126 436 2.244880
126 446 8.482297
126 457 3.175948
126 480 15.685868
127 153 5.464811
127 325 17.290429
128 207 17.551647
129 147 11.954915
129 243 17.195451
129 385 6.616806
129 412 17.279595
129 452 14.973242
130 139 7.348070
130 164 2.038330
130 197 2.101261
130 283 9.165422
131 242 5.599389
131 321 10.905159
131 389 7.565926
131 472 17.034647
133 175 5.875201
133 202 12.001969
133 208 16.875473
133 330 2.173582
133 484 16.539620
134 142 8.033402
134 249 15.788020
134 353 7.163618
135 170 7.043449
135 248 15.144642
135 374 15.927237
136 231 15.507166
137 166 2.635955
138 220 7.222708
140 156 1.111321
140 252 14.374391
140 263 4.707962
140 336 14.368386
141 423 13.462215
142 162 4.385041
142 234 12.127528
142 357 7.479330
143 223 1.888778
143 299 5.964163
144 204 3.872570
144 253 5.222812
144 360 13.633453
144 422 17.482974
145 322 10.914725
145 346 1.274037
146 161 17.356432
146 480 7.828639
147 230 1.084115
148 416 14.948060
150 165 1.319136
150 187 15.289326
150 255 5.915790
150 300 1.748307
150 309 18.816308
151 349 18.487910
151 356 5.839840
151 440 16.714378
151 488 14.300565
153 461 17.863545
154 229 4.543846
154 426 3.989126
156 408 7.190955
158 216 12.967149
158 229 6.555825
158 308 8.599213
159 305 1.662948
159 378 18.241973
159 404 5.946569
159 421 19.262642
159 474 5.002885
159 479 1.535319
160 261 3.912217
162 394 7.560213
163 310 16.242867
164 215 14.049298
165 195 19.225932
165 266 19.821784
166 479 1.824278
167 391 16.471803
168 244 9.663139
168 276 18.603618
169 373 9.465892
171 257 7.511012
171 273 3.678481
171 413 19.737097
171 422 5.226625
171 440 11.857876
171 492 4.797662
172 199 10.961956
172 244 5.479195
172 258 13.585494
172 339 16.986385
173 383 8.290273
176 419 4.597636
177 180 19.899461
177 362 9.481144
178 453 6.298873
179 184 5.052594
179 272 13.194311
179 384 18.746813
180 221 11.465782
180 301 17.848872
180 453 12.444190
181 226 2.530280
181 335 14.164990
181 366 12.312332
181 410 6.166674
181 486 16.027138
182 405 9.657335
183 232 10.140948
183 266 10.628217
183 341 19.695339
183 366 11.586232
185 415 8.603693
188 220 1.659898
188 279 2.863578
188 353 1.338498
188 381 4.902084
189 352 12.512184
189 414 19.902909
190 223 4.719621
190 230 10.022356
190 462 7.423422
191 318 11.693728
192 247 15.787082
193 292 9.765236
193 343 16.612541
194 226 15.582796
194 254 2.845464
194 255 6.018056
194 307 8.565907
195 214 9.958896
196 282 11.127363
196 451 15.684291
197 404 15.795648
198 309 9.647922
199 237 10.616422
199 280 4.766940
202 296 17.253934
204 217 12.108350
204 278 16.721636
204 312 1.526405
204 361 14.891346
204 403 2.138105
206 270 8.457148
207 495 1.877671
212 213 13.563090
212 262 2.522931
212 461 13.774083
213 287 19.279232
213 323 12.531331
218 465 1.092458
220 313 8.431091
220 454 10.743086
222 370 10.305532
223 331 19.960001
226 250 10.630764
226 257 2.860593
228 264 2.499697
228 289 19.633742
232 271 10.829709
232 475 3.999859
233 277 9.095383
233 473 12.486536
234 443 9.924923
235 295 17.994892
237 313 16.350204
238 327 16.297601
242 287 2.086867
244 439 17.479164
245 447 18.170382
245 463 9.023782
246 263 18.480058
247 319 11.498115
247 414 6.622546
249 446 8.793773
250 268 2.450562
250 437 1.064657
252 441 7.287853
254 355 16.267932
256 412 9.495186
257 365 15.193315
257 379 11.954166
258 394 11.392902
258 495 11.211709
259 433 3.355227
260 364 1.214021
261 388 6.575515
262 340 7.212560
262 434 7.715706
263 301 4.692070
263 373 10.552767
264 473 1.790188
269 351 10.589503
269 372 17.808218
269 378 4.953716
269 476 10.702636
270 442 14.571430
271 334 1.263475
271 367 3.569737
272 314 17.707847
272 359 1.381664
272 462 3.507611
273 418 8.466178
275 324 15.376369
275 347 2.008750
277 329 13.944949
277 393 6.817905
280 420 3.045122
285 485 9.970634
286 483 7.216598
287 395 4.041392
287 459 6.998906
287 476 2.430973
290 362 17.820538
290 427 2.369152
292 468 9.681438
296 491 16.774372
297 328 1.522543
298 334 1.029940
300 399 8.363401
304 317 2.193938
304 411 16.839345
304 458 19.575877
305 329 14.170124
305 425 4.442236
306 458 4.979718
307 310 11.381640
318 419 16.647437
320 448 12.651948
325 475 19.373896
332 341 15.260476
332 499 2.938574
333 421 7.552321
336 408 9.596008
339 360 9.831092
348 465 2.912199
359 436 7.248309
360 411 12.790280
360 489 11.782601
362 400 4.099396
363 398 15.018717
365 455 12.257961
366 403 11.869724
370 496 9.839330
372 391 8.071012
372 418 10.515983
372 483 11.933513
375 386 15.589379
375 486 16.165243
377 417 18.192726
382 393 3.855688
385 433 7.446661
385 498 3.778499
386 471 7.016302
387 452 4.376011
397 402 14.990396
398 460 1.912695
405 467 11.335390
411 454 13.482396
415 430 17.969294
417 432 14.144827
417 485 4.176733
418 426 4.878488
424 492 13.146437
428 469 5.583550
431 493 16.381787
455 477 6.287484
463 470 10.781558
13.543624 13.232528 24.398931 18.440209 17.561248 11.919931 5.196145 16.630996 13.207946 12.981577 6.016522 14.841226 24.410157 23.601058 17.780255 23.063811 12.456199 16.445246 16.333265 22.290352 11.325033 22.206105 14.950527 16.310992 23.262262 18.325192 14.563451 19.565730 11.905633 16.876496 21.482398 20.042914 7.226996 5.412720 24.321639 9.300780 23.798954 7.060692 10.418903 8.010833 9.265756 16.295441 24.825946 6.458454 23.646025 5.564089 18.789269 12.058128 15.277708 17.101553 5.296045 5.632003 15.042744 6.962670 14.773328 10.400136 6.731372 13.422803 17.398992 24.502896 23.483092 5.759244 12.077177 8.749570 11.682536 7.863735 9.882523 11.882851 17.573841 7.615362 17.546837 22.324126 5.566298 16.599040 24.832031 19.483457 14.686427 10.616423 17.071020 5.716546 18.536536 15.903936 15.122235 15.505238 21.163266 22.284227 6.454482 13.230137 24.067036 16.984712 19.379283 16.489054 20.561001 19.448801 12.892864 21.848369 5.126707 21.348031 23.777361 10.213395 6.039647 16.772484 22.290765 22.701150 9.283054 10.906813 23.623596 24.247492 23.698179 5.328460 11.524527 15.388000 16.243664 13.704816 13.072288 16.380882 14.537954 15.863662 7.210425 16.939552 11.682753 24.770989 13.863476 12.986429 18.945583 16.835694 14.650267 8.152755 7.552745 13.967230 23.989787 9.683675 16.694512 23.403789 19.201952 20.982695 18.448481 7.847542 6.946878 21.550737 22.278158 14.280519 14.184042 22.018129 6.214321 10.634474 14.875759 9.785706 20.938441 12.409418 19.648613 12.763577 16.897405 24.692702 22.873470 18.395445 10.047123 13.018493 8.722026 14.883266 15.616752 24.930739 16.396626 21.683722 11.482582 19.034422 14.399639 8.570988 19.274903 6.745625 10.303213 11.333692 6.641606 12.830687 18.926588 7.795426 19.667586 9.564419 23.516135 12.587199 22.634603 24.735718 22.385494 18.603686 9.980883 22.020526 20.925593 5.533759 18.063074 18.904642 13.123803 24.422668 9.339984 11.630977 15.331462 7.994621 22.831125 24.572724 5.186004 9.845172 23.652732 12.194434 11.056701 11.791439 5.936130 16.784296 13.912215 19.392667 11.825198 8.676130 11.103638 22.369175 13.208291 8.665489 18.656797 17.429259 12.847408 16.957940 9.564602 10.627600 9.740075 12.808349 15.688074 11.684748 6.657177 19.702827 15.385031 6.969096 24.239070 14.973338 17.989205 6.265091 16.784529 19.754744 11.464825 5.775305 13.034101 21.535128 24.987661 21.933311 15.159048 6.303882 11.173146 24.210740 5.278652 14.297319 6.132405 20.847293 14.157177 13.518556 15.673249 14.488588 10.332396 12.049263 16.875480 23.988569 8.579708 19.463865 17.426135 16.361839 10.177452 20.027557 8.111816 16.220990 18.614942 17.305433 5.711229 6.257220 24.827467 8.234985 24.223486 9.198510 12.641963 12.292734 12.456407 7.439492 20.819642 23.578787 6.842009 13.365835 24.730173 11.712331 16.608333 8.356616 6.564345 19.157817 7.214050 19.821183 7.562649 23.142580 11.508213 13.272486 23.010935 22.661886 24.556233 13.001506 24.224938 19.370097 14.780383 6.037099 11.007629 24.652494 5.079931 9.300478 20.914457 13.024871 7.173841 23.272169 11.225934 7.912812 7.698067 20.304378 8.583894 5.127246 10.648400 13.471916 9.114660 12.295365 12.162540 20.251588 20.247884 12.380653 8.073328 6.477291 16.998931 22.396524 13.302453 15.904485 7.235366 17.181370 16.383396 8.100357 12.552803 16.044203 22.794156 6.358442 21.243045 19.226901 10.066288 20.958590 8.344774 8.730586 7.113463 18.369386 6.316337 15.434716 13.341469 17.029315 5.173388 21.664384 12.629035 5.703806 24.061538 23.279017 8.521842 11.188181 15.177386 11.566569 12.055836 8.226005 24.612159 15.406309 22.505316 15.851126 16.473792 22.972441 18.037803 10.152208 9.581171 23.906194 22.406684 13.387497 7.562667 13.309423 19.279019 12.713979 15.815753 17.743536 19.878165 22.666868 7.787891 20.734877 24.033270 7.786198 5.599295 13.570191 23.265649 14.502102 12.346052 15.525312 15.598645 19.482593 10.825573 6.933055 13.336070 19.297990 13.103498 24.781087 6.706470 13.849058 8.825377 17.638321 12.850185 14.581292 10.604716 17.454352 13.025510 6.230633 21.859293 17.399657 19.717142 14.355373 17.051069 7.506597 18.215753 11.130084 15.439205 9.182726 5.547098 24.789041 7.619117 5.291335 23.172549 5.264794 10.983738 10.261390 7.348937 16.383920 22.302879 12.817040 19.066107 7.833210 9.088725 18.628042 15.436834 6.129246 11.067236 12.218863 21.010663 19.207052 5.755310 14.912033 21.441418 7.616343 9.269323 24.090587 13.882461 12.719366 24.420611 11.808278 20.246515 14.707049 6.105062 6.083545 8.037495 16.378695 8.630967 22.181953 24.053752 8.916837 7.459871 18.494037 19.582348 7.257340 8.126627 18.695587 19.481317 7.886295 15.049732 19.119004 22.411226 22.313120 13.094509 17.957555 19.152862 12.612608 7.215665 5.776004 24.658169 7.474981 5.651570 23.712215 9.125771 14.298414 14.934515 24.590026 20.094666 17.538561 19.919301 15.884149 14.549883 11.201257 19.245614 16.374121 16.904704 23.668565 17.559116 7.107909 16.526432 11.356016
33
102
0 3 9.913155
0 10 2.096778
0 19 9.342171
0 21 9.713386
0 31 3.942523
1 16 1.713543
1 18 8.528334
1 23 6.501100
1 32 6.724782
2 8 1.940457
2 12 1.283671
2 14 2.062891
2 16 6.343492
2 21 6.846488
2 26 9.158743
2 31 5.055355
3 4 4.574816
3 8 9.977550
3 10 8.480044
3 11 2.733588
3 14 6.010934
3 16 6.247770
3 21 9.620279
3 23 3.892658
3 27 5.044173
3 31 1.717324
4 13 5.079068
4 14 4.195979
4 17 5.218898
4 18 9.241633
4 32 5.667157
5 6 6.811668
5 7 6.346959
5 9 8.043050
5 11 8.251977
5 14 5.498741
5 20 4.534009
6 9 1.681697
6 14 4.673329
7 9 8.624548
7 14 9.442958
7 20 2.939931
7 24 6.409609
7 26 9.578185
8 10 9.194008
8 13 6.877377
8 14 5.426448
8 18 3.966263
8 25 2.659546
8 30 7.465669
8 32 5.830926
9 11 4.860166
9 22 3.126855
9 26 1.611218
9 27 1.950003
10 15 8.545786
10 23 7.639793
10 27 1.477172
11 15 8.277865
11 19 3.600102
11 27 2.429676
12 16 8.441661
12 17 9.071017
12 18 9.256464
12 21 2.196610
12 23 8.852393
12 30 6.883128
13 16 1.663143
13 30 7.930017
13 32 7.418071
14 18 8.803463
14 21 8.190746
14 23 2.986777
14 25 2.601879
14 29 3.667593
14 31 7.577175
14 32 6.098569
15 17 4.795337
16 19 5.616567
16 24 4.793169
16 29 1.652556
17 18 4.933938
17 29 4.921320
18 28 8.865491
19 20 8.559631
19 22 2.743791
19 28 9.537825
19 29 1.672836
20 22 9.979052
20 27 5.186825
20 32 7.328630
21 26 8.102332
21 27 5.892879
21 28 3.837262
22 27 2.715953
23 24 1.396068
23 26 2.225759
24 28 5.887532
24 29 9.637744
25 26 5.694453
28 29 8.660408
30 31 8.479301
469.726464 426.634865 420.896563 495.640101 335.962882 259.013106 225.841596 386.933759 416.175579 283.200622 424.893414 256.414669 345.974202 369.806058 305.832231 500.400426 302.525050 335.871417 304.191914 459.120589 240.571070 320.261475 257.708579 426.465898 246.831293 331.485021 269.926299 255.502215 471.986155 237.290302 430.654425 415.779269 253.089162
