500
997
0 1 4.525711
0 2 5.689217
0 3 7.540677
0 4 4.041009
0 5 4.622840
0 8 18.869758
0 14 13.640115
0 15 17.164111
0 19 6.807094
0 26 16.340496
0 27 18.005352
0 28 8.111067
0 29 9.463064
0 43 9.581966
0 52 16.937163
0 59 19.378336
0 61 4.906599
0 69 5.720832
0 72 15.609554
0 79 10.516326
0 92 5.690342
0 103 2.992078
0 105 5.359240
0 109 5.345298
0 126 17.586654
0 146 10.879797
0 153 16.154779
0 160 18.216835
0 196 14.719957
0 200 15.332946
0 209 11.910851
0 263 1.889403
0 273 12.158669
0 307 5.555165
0 324 13.127965
0 325 15.813446
0 333 19.759421
0 360 3.338936
0 389 16.212648
0 420 2.290102
0 446 15.847861
0 448 9.328131
0 469 18.208939
1 2 12.897739
1 10 2.298101
1 15 4.125315
1 21 19.859779
1 25 13.156480
1 39 15.883634
1 49 4.556236
1 51 6.918767
1 55 17.973837
1 56 15.855530
1 58 8.111108
1 62 2.803338
1 83 8.657965
1 95 1.997127
1 116 11.064910
1 149 15.688484
1 155 15.616060
1 170 9.831888
1 179 8.326559
1 218 6.527117
1 243 19.513255
1 291 13.156681
1 346 13.441131
1 364 12.910199
1 399 14.700917
1 401 7.874676
1 421 19.512646
1 454 8.550253
1 489 8.844650
2 3 8.220320
2 6 2.677281
2 13 7.728066
2 32 2.047503
2 77 2.976211
2 89 4.566476
2 98 5.129580
2 107 7.970851
2 124 3.075526
2 125 17.282100
2 166 4.993034
2 168 13.348890
2 308 13.260258
2 340 8.706775
2 352 14.785919
2 400 8.377001
2 432 3.349336
2 444 17.847468
2 480 1.331378
3 4 1.451939
3 5 7.869373
3 6 17.095899
3 7 7.325819
3 9 14.060779
3 11 11.621388
3 16 1.910537
3 17 19.850057
3 21 7.809646
3 23 9.831107
3 47 7.484629
3 48 4.396721
3 57 16.137673
3 62 18.360988
3 63 6.352750
3 64 18.905849
3 67 6.244036
3 68 2.103474
3 81 2.251826
3 86 16.716616
3 113 17.808653
3 114 19.218027
3 116 2.281523
3 119 15.989246
3 122 17.297803
3 157 13.170456
3 169 6.352311
3 177 4.745939
3 182 6.982842
3 184 8.215117
3 193 2.449125
3 195 10.421169
3 220 15.052603
3 230 14.205027
3 237 17.852895
3 256 5.647546
3 266 4.696627
3 286 1.997047
3 306 19.563344
3 318 9.520396
3 319 15.871652
3 335 14.927073
3 377 18.172239
3 443 9.051344
3 455 18.520440
3 464 13.131032
3 490 9.783271
4 14 18.764485
4 20 13.319914
4 27 10.464511
4 39 18.707600
4 64 9.342489
4 112 7.040905
4 138 17.835505
4 180 1.576679
4 216 12.570682
4 301 13.529570
4 354 7.386751
4 487 4.632090
5 8 17.324698
5 12 5.485417
5 16 1.711559
5 31 18.132572
5 85 6.503499
5 334 12.652386
5 348 3.322103
5 482 9.081802
6 7 11.483501
6 9 19.087924
6 13 12.569811
6 17 12.774803
6 18 10.719672
6 26 11.822784
6 33 7.287005
6 41 6.583002
6 58 7.482594
6 63 1.746945
6 87 4.791126
6 123 13.097540
6 143 7.769101
6 205 17.901752
6 258 1.644473
6 269 3.646874
6 334 13.380059
6 364 14.281230
7 12 11.643518
7 22 6.245069
7 54 17.302085
7 74 16.012835
7 92 14.017231
7 137 17.542101
7 182 2.083956
7 199 14.613814
7 300 19.347467
7 465 10.427210
7 467 2.514979
8 18 12.524962
8 24 9.425866
8 30 7.821836
8 33 12.336389
8 35 5.980641
8 37 16.064262
8 44 12.911196
8 53 17.647806
8 70 3.540363
8 76 15.320968
8 79 19.107326
8 80 11.962091
8 94 4.975859
8 126 11.180257
8 144 7.364597
8 197 14.832208
8 198 14.064059
8 238 18.749559
8 332 15.437894
8 333 18.763455
8 345 18.904412
8 373 7.807227
8 496 13.900446
9 10 19.894680
9 45 4.437538
9 53 2.430969
9 60 15.853543
9 90 10.906903
9 128 13.768311
9 139 5.223461
9 291 6.116676
9 313 1.799958
9 371 16.428752
9 379 8.950549
10 11 14.905941
10 29 2.854989
10 34 18.266565
10 41 8.308701
10 54 13.116103
10 70 11.647036
10 130 18.340224
10 245 9.775207
10 458 10.551197
10 478 4.678152
10 479 8.445089
10 491 7.270868
11 40 9.145206
11 56 10.633568
11 68 19.494218
11 121 12.544830
11 190 6.504932
12 20 7.436084
12 22 2.831347
12 69 4.679382
12 71 19.226591
12 166 11.999234
12 210 7.958098
12 213 6.171863
12 230 1.699017
12 313 5.662718
12 368 15.779908
12 448 10.537891
13 88 11.004563
13 140 2.604888
13 218 5.877312
13 457 11.646252
14 19 7.195591
14 42 6.940820
14 74 15.316165
14 175 6.928757
14 205 3.764818
14 411 13.036369
14 428 17.209434
14 497 12.699237
15 40 12.176857
15 81 11.820362
15 99 4.880282
15 118 10.180222
15 285 16.794734
15 325 16.604763
15 381 15.549910
15 432 10.330094
15 444 16.054053
15 473 18.043205
16 113 2.951117
16 413 19.186345
17 36 4.985021
17 37 12.462553
17 43 10.126549
17 46 11.803501
17 82 10.531677
17 141 7.273521
17 206 5.442985
17 253 3.255948
17 257 4.673042
17 314 14.980337
17 329 9.605458
17 350 4.169291
17 361 15.316283
18 47 5.212796
18 91 5.548174
18 121 2.102299
19 48 19.156534
19 97 4.750430
19 102 1.368978
19 118 7.133065
19 141 4.895113
19 371 1.261799
19 480 2.670904
20 28 8.088098
20 32 10.716470
20 46 13.504662
20 104 12.267704
20 110 18.724220
20 142 5.480593
20 235 2.728339
20 254 11.455884
20 287 16.379480
20 294 10.424643
20 305 8.498999
20 317 9.297785
20 319 10.954112
20 393 14.761305
20 397 19.162108
20 416 13.473390
21 25 8.224542
21 35 12.486532
21 55 10.925863
21 86 10.672069
21 96 6.623235
21 262 8.849509
21 274 13.599360
21 314 5.309335
21 336 1.910497
21 375 4.751467
21 377 17.641083
21 440 5.883014
21 463 10.148704
22 23 5.779201
22 67 8.628648
22 93 19.533331
22 131 3.527763
22 162 8.326363
22 183 2.953892
22 296 15.118234
22 417 4.977870
23 24 17.085656
23 34 3.125475
23 167 10.077627
23 229 17.719540
23 277 3.171685
23 412 10.211338
23 414 8.781400
23 468 14.768259
24 31 4.328596
24 76 15.864205
24 82 1.688120
24 95 10.561821
24 104 13.180869
24 107 3.778282
24 135 6.938333
24 273 15.726345
24 338 14.258031
24 353 19.411095
24 403 11.310264
24 419 19.087477
24 430 15.932761
24 484 17.213130
25 57 15.779079
25 125 11.320006
25 153 15.231999
25 211 8.921016
25 227 15.814934
25 282 13.809250
25 340 9.198750
25 438 5.366646
25 442 1.112848
25 461 1.929832
25 496 19.638168
26 105 2.141732
26 254 10.225734
26 466 13.489217
26 495 6.360456
27 120 6.480945
27 429 3.268857
28 30 14.807890
28 129 17.177917
28 306 18.916463
29 72 12.444979
29 87 12.114720
29 98 4.948646
29 101 7.485377
29 110 1.123779
29 191 9.961916
29 232 13.959430
29 268 3.521940
29 327 13.831363
29 382 2.352539
30 165 13.711785
30 311 4.482266
30 388 11.472933
31 42 6.958433
31 80 1.356584
31 139 14.123857
31 249 1.137009
31 266 13.104249
32 38 15.021521
32 49 3.546454
32 50 1.517496
32 115 7.760191
32 227 2.072027
32 292 15.529828
33 108 5.959587
33 152 7.012688
33 159 5.235536
33 201 7.404809
33 422 10.914946
34 36 14.511917
34 45 7.651331
34 148 8.046744
34 151 13.796031
34 164 12.848425
34 178 19.686829
34 236 12.982285
34 259 15.259760
34 288 18.240469
34 289 16.660561
34 298 3.709765
34 344 15.438968
34 391 15.346286
34 482 4.318488
35 50 14.554032
36 136 14.841050
36 147 3.013849
36 367 16.492217
37 38 10.283428
37 51 13.565566
37 91 12.286249
37 167 12.387479
37 223 5.387388
37 307 15.237303
37 342 15.553394
37 357 18.883949
37 372 16.028517
37 405 19.714409
37 498 7.670026
38 151 16.609952
39 365 18.354570
40 103 8.221894
40 160 16.113151
40 204 11.411990
40 219 14.044546
40 269 6.895847
41 59 7.222034
42 44 9.197185
42 93 18.452081
42 127 14.067133
42 158 4.617075
42 161 2.338557
42 194 14.041679
42 198 14.000444
42 231 6.264905
42 234 4.677233
42 261 11.468814
42 326 14.621329
42 386 17.954988
43 60 11.196759
43 119 8.618279
43 155 6.652285
44 235 8.005094
45 94 10.849234
45 114 15.557913
45 124 6.417627
45 202 18.262912
45 222 11.815191
45 369 18.520056
45 370 14.144128
46 52 17.238471
46 66 5.537699
46 78 1.592936
46 241 8.543766
46 259 13.717071
46 289 6.471906
46 399 2.123046
47 102 7.008784
47 187 12.201104
47 297 13.363960
47 456 6.352779
48 65 10.460121
48 117 12.064231
48 398 10.244640
48 423 1.896151
48 483 13.439514
49 89 9.769224
49 271 18.691393
49 467 8.055839
50 108 14.957337
50 127 19.963737
50 138 3.621271
50 147 1.312774
50 296 11.006713
50 310 14.796459
51 61 16.955030
51 75 19.815133
51 131 18.356159
51 240 10.115960
52 66 19.444193
52 73 3.364816
52 84 10.948939
52 238 4.355800
53 65 18.418517
53 214 13.495992
54 129 16.992071
54 144 2.412900
55 73 10.513939
55 145 3.847704
55 154 6.689947
55 188 8.328898
55 192 11.530814
55 246 5.209855
55 287 2.517814
55 303 1.299638
56 75 9.211362
56 78 1.095227
56 106 18.845213
56 111 3.029167
56 120 4.254178
56 130 5.615370
56 252 3.442239
56 267 6.927838
56 276 1.254108
56 321 18.338305
56 396 3.358095
57 275 14.137672
57 453 3.973526
57 460 6.089645
58 134 10.465842
58 322 9.015292
58 342 14.006352
60 84 16.403473
61 449 10.797269
62 133 16.330044
62 156 5.474159
62 264 6.822358
62 321 1.301027
63 71 12.547332
63 99 7.893384
63 193 10.357084
63 363 16.526498
63 374 9.597708
63 411 18.812933
64 249 10.483070
64 427 3.813821
66 77 19.547874
66 83 19.684256
66 328 4.787899
66 380 6.408005
66 396 3.073110
67 115 7.695484
67 471 16.981910
67 473 19.592373
68 164 3.836588
69 394 12.206265
70 173 8.759643
70 425 2.006246
71 436 4.464334
72 168 15.599347
72 204 2.231719
72 234 16.266603
72 309 18.113191
72 355 13.404203
73 135 7.202906
73 177 11.086679
73 256 19.375901
73 262 7.587814
73 374 9.303402
73 471 18.553226
73 475 16.684229
74 101 7.425333
74 221 10.385581
74 486 6.748949
75 90 6.993041
75 97 14.624428
75 146 9.478794
75 202 7.226211
75 224 5.665444
75 248 3.110811
75 441 8.845696
76 117 16.604597
76 128 14.907001
76 132 6.643199
76 134 2.733894
76 145 17.037887
76 189 16.324105
76 251 9.039316
76 252 2.340045
76 330 10.008432
77 180 14.891387
78 88 1.086904
78 369 4.165820
78 433 6.446502
78 436 2.754916
78 442 16.939285
79 85 5.006105
79 96 7.494706
79 208 8.495572
79 217 13.709977
79 278 5.743916
79 392 17.097102
79 400 3.510494
79 455 4.392275
80 123 11.217374
80 143 14.981522
80 461 18.176219
81 137 17.175947
81 142 9.854234
81 433 4.859119
82 386 19.029022
82 401 8.505368
83 336 15.811290
84 149 8.710949
84 176 10.644597
84 415 11.206850
84 470 15.011508
84 492 9.257046
85 187 4.873483
85 309 15.000872
85 453 8.557581
88 109 10.801695
88 470 19.069927
89 335 5.394740
90 292 13.621119
92 106 8.401930
92 181 12.043897
92 186 6.886944
92 222 3.732277
92 243 5.769928
92 281 11.074234
92 341 10.860426
92 382 9.655136
93 112 11.199857
93 140 18.479986
93 215 6.997940
93 329 15.943666
93 357 16.950785
93 365 15.233610
94 485 1.326973
95 100 5.225492
95 122 13.181274
95 150 14.716308
95 236 18.319139
96 195 16.349015
96 279 1.124883
96 337 3.826771
96 375 12.207506
96 423 5.878486
97 100 9.060124
97 162 1.226935
97 169 3.358394
97 209 6.632553
97 228 9.652359
97 293 8.306933
97 366 11.223532
97 383 18.642745
97 415 14.492629
97 426 7.728983
97 454 9.923167
97 478 3.086473
98 194 18.567900
98 393 12.897547
99 217 14.529964
100 226 14.033802
101 210 18.525181
101 457 13.638153
102 175 2.853762
102 439 5.471271
102 456 11.403144
103 188 5.569785
103 379 11.360631
105 111 17.233556
105 133 11.477215
105 179 8.780072
105 283 17.176575
105 476 5.477416
106 315 5.081203
106 326 13.715727
106 499 5.891673
107 163 14.775906
108 174 18.570640
108 199 17.845044
108 213 19.425810
109 351 13.459273
112 152 18.691567
112 170 3.713013
112 280 8.606389
112 384 3.987298
113 171 7.492149
113 173 4.647198
113 178 6.347248
113 224 3.918979
114 150 15.342766
114 331 16.636804
115 253 7.736503
115 464 17.326122
116 158 5.549085
116 171 14.538079
116 247 12.173773
117 360 11.449164
118 481 12.677666
119 148 12.487327
119 225 12.376930
119 474 1.662461
120 239 17.600762
120 246 17.888601
120 271 8.163364
120 398 8.587183
121 136 8.434836
121 165 4.672864
121 275 6.145263
121 345 12.221070
121 409 10.509052
122 362 19.378286
123 132 18.384721
123 159 2.539285
123 183 19.876848
123 272 14.677811
123 280 16.244900
123 347 3.249533
124 250 2.128406
124 305 16.251995
126 184 17.512065
126 197 10.680847
126 228 9.177724
126 299 11.141391
126 320 2.614477
127 316 17.547553
128 190 18.521006
128 407 7.335450
129 154 16.964224
129 161 7.072539
129 206 10.481325
129 355 12.046876
130 356 12.923279
131 437 4.549521
132 354 12.977457
132 459 13.790701
133 452 16.200893
134 181 15.039268
134 311 14.610442
135 304 15.099992
136 212 18.857703
136 265 2.838789
137 207 1.044525
138 223 4.377203
138 295 17.318076
140 264 13.059825
140 459 13.976349
141 157 1.418218
142 174 19.678361
143 172 10.406728
143 277 8.309163
144 299 14.913165
145 215 15.224873
145 220 9.348517
145 330 13.655350
145 372 1.541484
145 402 4.458779
149 251 12.339498
150 156 17.330496
151 308 2.230668
152 286 15.690342
152 290 10.759655
152 348 19.108469
152 352 13.040961
153 163 15.151260
153 192 15.956273
154 426 18.983506
156 263 4.662526
156 408 3.746568
157 186 8.158479
157 189 8.094836
157 221 3.684184
157 378 11.573740
157 477 19.786415
158 270 7.089509
158 272 17.625171
158 439 8.141362
159 172 6.009713
159 242 19.148674
161 211 15.802804
161 295 12.053731
161 370 3.226744
161 395 10.062413
161 443 10.920096
161 445 14.343951
164 260 4.527331
164 270 17.116138
164 324 9.004844
165 298 2.745761
166 185 8.311784
166 304 16.301969
166 328 4.974386
167 176 9.399935
167 397 17.872203
167 488 11.240995
167 499 10.863852
168 438 18.717475
169 434 11.884374
170 406 8.037410
171 185 19.876210
171 255 6.262413
171 451 12.661336
172 318 1.093510
172 358 1.125245
173 191 9.859890
173 200 18.962939
173 219 11.256603
173 233 13.460580
173 276 10.380368
173 390 15.035387
173 484 7.980170
174 196 19.789503
174 380 13.779740
174 387 14.341916
175 203 2.453974
175 241 5.230459
175 385 8.242343
175 388 14.845767
176 226 18.595199
176 449 9.883949
177 244 10.753323
177 353 12.068541
178 201 17.475201
178 212 17.672258
179 337 8.817818
180 248 16.781648
181 207 13.362442
182 242 10.914449
183 327 1.903867
185 468 14.060705
186 486 17.580820
188 341 8.275533
188 381 2.743421
189 247 7.846471
191 229 5.744844
193 323 11.095500
195 239 10.455700
195 421 11.581121
197 312 2.620799
198 245 14.532382
199 203 17.544697
199 420 7.394321
200 237 7.808235
200 265 4.196151
200 384 2.945092
201 208 4.294025
201 409 17.376346
201 446 9.819744
201 472 19.331272
202 346 5.419711
202 391 11.769824
206 317 6.605885
207 216 18.716467
207 244 8.526571
207 284 6.262196
207 362 11.337514
207 469 6.701580
207 489 6.682513
208 406 5.681697
209 359 6.212633
210 214 1.163730
210 260 12.658563
210 472 16.225689
213 255 15.491088
213 476 16.454133
214 250 2.636057
214 258 19.704466
214 267 11.183765
216 232 7.290299
217 418 10.873098
219 225 3.422240
219 240 14.172740
219 339 7.149356
224 231 19.789957
224 383 17.168184
228 294 12.369540
229 261 11.562437
229 322 12.548429
229 395 1.241123
229 418 16.930275
230 368 19.528534
231 233 11.923959
232 344 4.634166
232 347 17.728420
234 257 3.154196
234 288 18.517488
234 343 18.622597
234 349 16.870911
235 332 1.330215
238 297 14.636483
239 481 2.890097
242 413 18.991397
242 416 5.647736
242 424 4.175195
243 268 17.955460
243 351 14.048667
244 414 8.678678
245 363 4.700714
248 312 4.343784
248 320 2.780113
248 493 12.162621
249 465 10.729676
250 293 8.260025
250 402 13.284923
251 392 5.671776
251 404 18.473415
252 490 1.161645
252 495 10.689579
256 361 9.273643
257 452 12.174423
258 279 11.254880
258 331 12.315321
260 283 15.480354
260 343 8.108073
260 466 15.506363
260 485 14.007083
261 435 8.976548
261 450 14.495154
263 282 9.727281
265 274 8.059729
265 284 17.889226
265 376 6.024540
265 487 1.712652
268 278 3.339283
271 412 11.214557
272 281 14.733008
273 303 3.669342
274 302 6.068729
275 494 13.017510
277 300 3.557271
277 425 2.880975
279 316 17.038787
280 378 18.942792
280 447 9.924903
282 290 6.763382
283 285 16.676351
283 358 7.892727
284 447 15.833099
285 475 18.451092
286 445 6.271648
287 323 11.088122
287 419 5.607800
287 431 12.461842
290 301 9.697920
290 310 11.222352
290 405 10.978709
290 462 8.644588
291 350 15.866829
292 302 4.576819
294 349 5.255137
296 434 5.320047
296 497 2.757912
298 376 2.822016
303 315 5.558724
305 410 3.081938
305 441 9.387049
310 458 18.262717
315 339 19.771063
319 408 9.124485
320 367 5.710834
324 373 3.449758
326 450 3.052212
327 417 3.965669
327 479 11.088244
330 366 8.654912
332 356 17.524963
332 422 19.389806
333 491 12.421585
334 338 8.267116
337 430 3.630575
337 494 14.570516
338 359 17.447380
347 390 5.295978
353 407 11.120142
356 435 2.413165
358 424 4.080102
361 429 15.325122
363 389 18.366108
365 394 10.583409
367 403 14.337582
369 462 1.353259
370 387 7.977714
373 404 5.883796
384 385 2.517279
384 428 3.213594
386 463 19.631963
391 427 4.555710
393 493 18.598928
396 431 11.454602
409 410 13.836407
412 437 19.055565
418 451 3.955361
424 440 4.290925
429 477 19.880921
433 460 14.547425
442 474 7.520868
451 488 2.461055
460 492 7.253399
476 483 12.543476
483 498 10.144552
22.390808 11.169464 18.003434 16.579945 21.809065 13.260322 11.371839 7.453769 10.942348 11.054728 19.093529 8.937546 6.515313 19.117333 12.979101 9.676400 12.788985 5.081165 24.711043 10.871857 12.232182 15.502952 14.309898 18.520270 18.631311 6.932850 23.274422 12.044205 11.318359 19.464927 14.011566 5.005198 18.078677 22.968947 15.687646 20.867932 7.198513 23.318072 24.930853 10.501045 10.078245 8.379700 12.641566 17.477376 15.582348 20.859140 21.295313 22.846445 17.736907 10.332129 19.169024 16.007466 15.075105 17.864008 23.605571 8.231911 5.436547 6.147111 16.466499 24.186830 14.314145 19.870214 13.714699 21.882095 15.954229 10.409782 8.615766 8.260020 5.468839 7.973194 17.062474 9.579636 5.551433 9.952132 16.063760 19.863607 10.727585 22.013428 7.617792 9.611107 17.871941 6.661194 18.153888 14.880251 18.522628 11.215458 11.040665 6.549685 21.088901 6.435924 19.993952 19.621346 8.632306 9.895087 12.059510 18.895154 6.610188 22.196194 13.947001 12.917243 7.561074 18.289034 7.205105 19.718704 22.164435 12.305699 24.094321 24.785676 13.434896 7.700789 18.521615 16.282948 9.652385 15.777100 12.838067 23.138818 14.610880 11.475023 6.503778 20.251536 5.408607 9.146746 21.379803 13.768199 15.602957 11.454106 24.607017 5.709122 10.391887 10.712192 24.481453 14.420022 9.025215 10.987988 21.594697 13.952130 16.513682 19.157812 6.460072 8.910876 7.938161 23.885829 13.503671 16.015383 22.191761 15.148882 23.028761 12.779728 10.633180 12.419198 8.774516 9.198564 6.661855 6.708620 21.995895 7.036885 8.589389 20.550137 9.435981 18.667477 19.458493 23.393004 20.058472 6.070044 13.937601 14.788988 7.389620 17.284999 12.403684 13.987728 23.778537 13.080208 16.596622 16.644453 16.427701 7.852666 11.523218 20.622255 12.266673 24.567087 8.791373 22.314430 18.811261 9.648087 24.753432 8.837393 9.971772 17.099192 14.021072 23.501175 24.045686 17.659084 7.274744 20.001313 6.794586 6.414843 5.950906 11.885105 16.881092 10.854514 9.321797 24.450492 8.613385 24.326589 14.207391 5.692965 24.587171 7.119586 11.883096 8.174507 23.712932 14.879730 12.834647 21.566326 15.829865 6.729601 23.320472 5.336357 8.934487 23.369897 21.508453 11.897608 22.414347 24.865836 5.764493 11.011843 21.461649 6.675249 18.387604 17.023218 5.068637 7.672873 21.137897 21.247319 11.047914 21.767749 13.054561 18.320642 20.160531 14.980340 7.859727 20.953387 8.631960 22.984478 23.002837 23.489977 23.036235 11.269270 10.698543 11.429510 18.487809 7.204517 6.988892 24.248132 10.030571 11.871202 6.491940 17.562035 13.454260 20.237824 6.385423 5.640414 19.754730 23.440653 16.799907 5.525010 17.276333 13.702283 7.753687 5.024466 20.864153 22.243761 20.084250 20.313124 17.394194 10.184855 10.598372 15.645865 15.546583 10.216684 17.952279 11.704816 11.013722 9.997778 19.290490 24.856044 21.622886 8.032409 21.842204 17.787553 15.607196 11.809331 14.651334 8.111139 22.107144 13.058944 13.786497 8.776645 19.152386 23.579082 24.110275 16.053487 16.824519 18.278698 18.215681 11.315727 5.810742 15.812292 7.075742 5.722929 21.754454 5.333272 18.973620 24.036870 21.201408 19.084234 14.965413 5.975509 24.293243 6.450512 20.481329 14.483294 9.270839 19.578171 6.310675 24.592420 8.261198 22.941496 14.456525 20.335981 7.907575 16.471361 7.082784 19.902937 5.539313 8.124240 23.866881 17.922021 8.025871 20.513562 13.212209 12.329666 8.569802 6.004993 17.983012 18.819880 5.450568 22.913900 22.700418 19.825405 21.511331 23.700807 12.044261 19.429826 15.856266 6.583355 9.943293 19.029807 19.726698 7.023409 9.420893 15.174307 5.925895 5.882953 14.923802 13.910935 11.984724 17.679800 17.372927 22.830897 8.549415 19.594163 8.203788 15.430593 10.458775 13.733573 17.754643 19.995581 14.388646 19.206430 17.475170 23.659376 17.087502 10.488103 17.952179 5.940189 14.127828 13.502342 18.646473 24.348631 6.455192 14.437332 17.306352 20.983851 13.386826 16.608874 8.362111 19.033530 10.744428 13.313145 11.145006 7.020117 19.092411 19.022858 6.386378 21.088839 22.014467 17.706949 15.190082 11.055314 20.848285 16.290282 13.182774 12.426697 17.830521 11.529884 6.875114 6.844092 7.308343 6.327725 11.267179 11.004237 5.548673 19.889259 21.099378 13.102587 14.174213 23.933571 23.693289 10.256837 8.581421 14.290232 21.021454 16.482474 6.947337 13.476864 21.408585 15.691233 16.753995 22.996717 16.536926 6.231005 7.932622 5.817063 14.019275 13.566961 8.800037 7.808516 13.273978 7.341320 10.034033 11.193708 20.173606 12.149550 8.218713 7.030488 19.867169 17.859397 19.149830 24.813941 5.817807 7.750905 12.372951 15.771704 18.377564 19.041114 7.853513 12.444743 22.442017 17.833925 17.032088 10.148493 7.927640 6.451148 21.418628 20.772896 16.598139 5.762455 24.018457 10.662152 6.561993 7.854004 19.797303 9.021433 19.695800 18.158428 5.658131 18.880382 20.168713 14.490312 22.306463 15.697605 13.013585 9.750549 14.534568 7.539913 13.051618 7.767147 8.657419 16.879132
33
108
0 1 5.961668
0 11 3.055293
0 15 2.641425
0 20 9.364332
0 24 7.334527
0 32 9.170404
1 7 2.010167
1 13 3.122271
1 15 7.191849
1 17 4.423274
1 28 1.668297
2 5 3.835355
2 8 5.369410
2 9 9.624922
2 10 6.186057
2 14 2.491234
2 23 4.824297
2 26 2.819313
3 5 7.852402
3 7 5.748382
3 13 9.230160
3 14 2.883449
3 18 1.623026
3 25 1.483152
3 26 1.017037
3 29 4.420249
4 13 5.067248
4 14 8.809153
4 19 8.833272
4 22 3.674101
4 23 7.293845
4 25 2.059147
4 26 7.548703
5 12 1.438631
5 15 5.175941
5 19 6.435668
5 25 6.049772
5 30 1.534883
6 12 9.452849
6 20 3.687295
6 22 3.376556
6 23 2.580131
6 26 8.200457
6 30 2.856146
7 8 5.417733
7 21 3.049867
8 12 1.084205
8 15 4.325761
8 17 1.927117
8 25 8.111440
8 30 6.766291
9 14 4.515985
9 16 9.503430
9 22 1.480946
9 25 7.941441
9 30 3.193351
9 31 8.898258
10 12 3.471624
10 16 1.082142
10 20 1.420007
10 25 9.937757
10 30 7.990888
11 14 7.912619
11 15 7.947568
11 21 9.082524
11 25 1.757193
11 26 3.423295
11 27 8.765106
11 32 8.926386
12 21 1.328439
12 27 1.677258
13 17 9.486656
13 18 1.719314
13 19 3.820474
13 22 5.125379
13 31 5.030703
14 15 6.691768
14 16 3.471272
14 24 9.114239
14 27 3.328774
15 17 2.403800
15 19 2.719928
15 25 5.739028
15 32 9.373756
16 29 2.424992
17 20 4.099513
17 31 7.284927
17 32 7.049084
18 27 7.824530
19 23 9.373486
19 26 5.140081
19 31 8.303820
20 22 2.871195
20 27 2.508057
20 30 9.670328
21 23 2.959987
22 29 4.748543
23 25 2.318931
23 27 7.911788
23 30 1.471524
24 28 6.564468
24 30 3.910971
24 31 5.774566
25 29 8.845438
26 30 8.117871
27 28 4.096366
27 32 8.708040
29 32 2.275205
344.937602 344.803526 248.664944 467.568512 409.940920 380.159989 418.870694 313.618949 444.505491 397.995953 492.243106 324.311563 374.920386 375.752436 373.766511 439.795414 267.453452 265.889898 491.085139 347.973813 268.580800 362.022543 353.242769 375.547511 280.821149 409.336612 350.806073 487.013002 449.905486 333.252744 381.830646 257.282088 288.928921
