500
997
0 1 3.552534
0 2 10.721324
0 3 10.935202
0 4 3.060032
0 5 14.890507
0 10 11.442489
0 14 7.427068
0 18 17.491710
0 23 15.696378
0 24 18.588032
0 26 4.607809
0 29 18.340696
0 33 9.158807
0 70 5.986788
0 73 3.825913
0 94 1.913426
0 103 16.319584
0 107 17.926284
0 157 8.758796
0 173 17.865390
0 189 13.080799
0 200 13.712257
0 209 9.150143
0 219 15.617179
0 230 5.318809
0 280 12.881926
0 469 1.115045
0 482 7.897979
1 2 4.236551
1 3 18.288961
1 6 17.373414
1 8 10.880656
1 9 11.282695
1 15 19.951176
1 16 1.107032
1 19 9.281673
1 22 17.976697
1 28 18.086785
1 37 6.147738
1 101 14.587076
1 120 13.198410
1 121 12.321505
1 125 9.422130
1 126 5.287087
1 147 14.612337
1 148 11.190179
1 170 1.355719
1 176 13.696119
1 192 4.384035
1 204 8.287837
1 210 4.079478
1 246 16.227433
1 247 6.148507
1 261 6.390099
1 337 3.953028
1 394 10.112449
1 398 4.804046
1 420 13.262021
1 434 9.796010
1 437 11.956780
1 454 19.357184
1 463 14.211291
1 475 11.547728
1 480 16.732705
2 5 2.534401
2 7 6.437174
2 9 19.399728
2 10 6.088453
2 17 6.905293
2 33 3.720775
2 69 4.084180
2 78 3.096074
2 88 17.601681
2 90 12.721763
2 148 19.371607
2 158 8.435544
2 215 18.393005
2 308 9.674077
2 322 5.291812
2 363 15.503546
2 364 11.415683
2 410 19.171368
2 482 9.976172
2 484 3.496378
3 4 2.538507
3 16 3.194798
3 21 12.962212
3 26 14.482963
3 114 18.026768
3 234 13.662664
3 319 11.201490
3 458 16.755160
4 6 6.572639
4 12 14.100039
4 20 2.405626
4 27 9.079260
4 46 16.082619
4 68 1.568775
4 73 15.937660
4 76 15.191387
4 89 18.875511
4 95 18.223034
4 100 2.369897
4 116 10.620163
4 118 4.789564
4 152 17.130095
4 173 19.497626
4 196 7.266393
4 226 7.488160
4 240 15.089657
4 285 7.406611
4 317 1.802321
4 330 3.416217
4 368 11.550778
4 389 7.531628
4 409 9.082371
4 418 17.835361
4 441 2.108083
4 444 4.847714
4 456 15.183518
4 466 15.211117
4 486 13.525423
5 18 13.770654
5 21 4.010212
5 22 19.106048
5 32 14.536198
5 47 1.828029
5 54 19.666083
5 55 9.499468
5 71 12.251854
5 78 7.285557
5 95 3.047131
5 96 4.570775
5 109 11.666651
5 112 13.919375
5 114 15.690215
5 135 9.144730
5 161 15.541434
5 181 8.441563
5 225 4.229823
5 226 9.247278
5 242 16.979335
5 275 6.205227
5 276 1.669876
5 328 14.044865
5 355 19.713888
5 361 19.474704
5 460 18.546029
6 7 1.400899
6 8 3.278626
6 13 14.499700
6 27 19.153939
6 86 7.037506
6 238 5.336393
6 241 9.732601
6 290 18.499841
6 351 17.688547
6 394 10.330682
7 17 7.077065
7 19 11.639554
7 20 10.308993
7 30 14.912257
7 34 8.919750
7 49 13.694496
7 50 2.369295
7 53 2.493143
7 57 13.741094
7 71 2.544516
7 75 5.962188
7 86 18.394325
7 111 15.162933
7 140 15.387818
7 211 3.723649
7 233 13.215135
7 249 11.199372
7 299 2.893645
7 347 14.660661
7 402 18.155843
8 11 4.864909
8 133 10.675485
8 211 19.030821
8 290 4.201932
8 327 13.188242
9 23 18.815974
9 24 8.916634
9 25 19.954286
9 41 18.547832
9 42 11.168483
9 48 3.032077
9 57 3.812335
9 84 17.145072
9 90 7.670895
9 125 2.445433
9 130 16.139552
9 147 1.712942
9 215 3.181708
9 267 11.808381
9 268 11.768141
9 334 15.189570
9 385 14.382882
9 459 8.022713
10 11 3.809083
10 15 15.700945
10 52 18.666748
10 135 18.698841
10 175 1.972127
10 252 14.648620
10 441 7.979809
11 12 13.376304
11 13 18.645177
11 28 10.931986
11 30 18.108422
11 36 14.712360
11 37 14.377170
11 69 13.467617
11 117 18.403945
11 179 1.109745
11 253 9.948062
11 257 13.840336
11 337 4.425881
11 338 2.164810
11 430 16.492770
12 35 18.247626
12 42 4.806118
12 183 16.372883
12 190 17.122832
12 397 9.956842
12 491 11.668321
12 498 2.413983
13 14 5.937850
13 168 19.802667
13 256 6.906090
13 315 3.850964
14 34 4.301345
14 44 2.288728
14 96 14.565536
14 137 2.099226
14 169 11.190958
14 283 11.905755
14 458 13.092265
15 85 15.906170
15 89 5.095136
15 119 7.192121
15 129 13.991001
15 145 12.308601
15 204 6.886838
15 323 3.104750
16 45 19.776040
16 58 3.832151
16 61 4.791315
17 97 12.311949
17 152 8.675448
17 162 13.586228
17 182 19.436654
17 191 2.862594
17 263 11.984498
17 284 14.526051
18 62 14.166249
18 119 7.255825
18 263 2.184653
18 269 4.147513
18 300 14.739750
18 350 13.795342
18 385 16.620423
18 419 4.249892
18 449 12.166139
18 462 15.822070
19 25 12.671883
19 31 14.407968
19 39 1.313126
19 41 4.319086
19 56 17.177331
19 68 16.914900
19 174 11.540282
19 195 6.189902
19 214 18.720677
19 237 13.399646
19 351 6.737052
19 381 17.019620
19 421 6.608188
19 426 3.261793
19 452 13.585811
20 39 13.443107
20 83 15.548083
20 87 16.466528
20 141 12.409106
20 142 3.294153
20 348 18.909008
20 432 8.469583
20 446 19.683226
20 499 8.803725
21 29 5.327299
21 31 1.084364
21 40 19.631471
21 43 6.634121
21 64 19.892736
21 92 1.483200
21 121 7.179105
21 126 13.745487
21 382 11.368513
21 414 3.952942
22 346 9.127980
23 65 8.295878
23 94 1.817546
23 124 10.848720
23 127 1.549514
24 32 3.277330
24 48 8.162906
24 72 5.266288
24 87 16.624735
24 93 5.818735
24 144 19.781967
24 145 17.471371
24 199 7.891323
24 219 19.712800
24 221 14.299085
24 229 1.181241
24 271 16.644867
24 274 16.640061
24 314 17.624530
24 332 18.816440
24 432 5.796927
25 45 4.215406
25 46 7.267573
25 66 10.733956
25 79 17.401477
25 257 3.017276
26 36 18.850715
26 50 4.462257
26 150 15.082162
26 198 19.954946
26 228 17.959936
26 243 19.702054
26 303 11.308968
26 448 9.960756
27 64 18.974059
27 177 16.084290
27 188 6.714142
27 369 7.591271
27 470 16.232416
28 35 14.750625
28 58 1.678071
28 62 16.917442
28 158 11.047016
28 191 3.191614
28 286 5.657017
28 489 6.103439
29 40 13.456223
29 106 19.145692
29 109 8.128446
29 141 6.543498
29 144 2.782518
29 197 13.908670
29 198 11.382878
29 212 4.000214
29 239 1.885141
29 341 4.969393
29 411 15.627745
29 416 14.539258
30 38 13.026386
30 51 6.762369
30 80 10.522049
30 110 12.222444
30 115 12.743908
30 130 8.663241
30 139 2.256210
30 213 11.480963
30 251 5.952200
30 269 19.488869
30 306 16.133285
30 412 3.143725
31 136 18.373569
32 44 4.931245
32 51 12.536078
32 54 13.535647
32 102 7.633336
32 133 2.934230
32 181 9.017539
32 238 3.577801
32 244 2.434387
32 266 4.830685
32 268 3.726206
32 345 5.175039
32 396 17.003553
32 453 4.246373
33 38 5.584493
33 63 19.687965
33 67 17.287792
33 74 4.743852
33 111 7.715375
33 140 9.623245
33 150 11.796861
33 192 16.569656
33 287 7.571184
33 293 12.780084
34 43 17.112994
34 72 7.970284
34 107 9.369078
34 113 4.959079
34 241 3.558358
34 245 5.517814
35 55 13.506329
35 77 5.771480
35 91 13.678898
35 100 5.001363
35 155 16.193936
35 172 13.702015
35 184 17.610062
35 264 14.502210
35 329 18.912427
35 340 16.556639
35 391 6.964745
36 59 8.151424
36 210 15.624993
36 305 10.722177
37 123 19.453430
37 235 8.778929
37 277 6.348798
37 429 14.993882
38 60 17.024187
38 79 2.995624
38 81 4.426500
38 105 4.886260
38 169 6.525160
39 97 14.245934
39 164 13.985183
39 353 5.385309
39 356 14.768463
39 428 19.806762
40 63 5.350356
40 98 17.655896
41 47 4.329179
41 128 17.531192
41 207 17.244066
42 118 17.883709
42 448 8.144108
43 122 2.346304
43 168 11.009116
43 174 17.799925
43 286 8.039097
43 309 2.196385
44 80 4.224120
44 127 17.487071
44 128 14.454815
44 149 7.884750
44 209 7.248832
44 306 2.686654
44 393 7.665505
44 443 5.873022
45 202 12.577010
45 321 3.349244
46 52 10.021636
46 106 8.392236
46 167 10.604767
46 232 1.760859
46 310 14.017073
47 193 13.181625
47 258 4.158941
47 325 7.337243
47 375 15.585990
47 429 12.080450
48 49 19.421320
48 206 7.942677
48 303 7.580008
48 377 12.972533
49 60 17.014562
49 92 8.894608
49 102 8.294775
49 131 10.855121
49 399 18.540201
50 53 1.751088
50 56 15.540128
50 166 7.796754
50 281 2.366099
50 347 2.720773
50 354 6.049158
50 379 19.278484
51 59 17.908035
51 266 9.727137
51 479 1.803469
52 495 14.928199
53 70 9.025984
53 76 12.574477
53 110 16.455244
53 131 2.708266
53 155 2.534941
53 205 7.434210
53 295 16.686153
53 326 16.344161
53 409 19.321291
53 412 5.177894
54 77 18.466580
54 108 14.726408
54 143 10.970248
54 170 19.009268
54 221 14.647445
54 242 11.904975
54 308 16.286978
54 362 5.864017
55 371 14.445208
56 61 19.905103
56 65 11.653506
56 105 6.635154
56 132 13.274704
56 401 17.473946
57 248 17.686214
57 297 18.046249
57 307 9.710965
58 136 19.964511
58 156 13.008402
58 159 13.623893
58 214 4.938449
58 264 2.745270
58 357 10.933911
58 374 4.217137
58 431 15.478678
58 434 3.654612
59 66 7.153890
59 206 5.458321
59 223 14.180742
59 254 12.728256
60 82 9.914970
60 85 6.386592
60 231 6.771312
60 333 16.000524
61 81 12.389983
61 103 6.665914
61 104 7.609540
61 167 4.584249
61 261 6.572219
61 301 6.482843
61 359 10.954230
61 418 16.270546
61 423 19.123575
62 67 15.637249
62 91 9.560489
62 93 3.702249
62 120 16.197097
62 401 1.646831
62 413 1.398893
63 134 7.559361
63 163 13.171823
63 250 12.900846
63 363 12.269341
64 172 5.582817
64 346 14.844483
65 216 4.807499
66 84 11.077050
67 75 17.105196
67 178 6.999027
67 392 8.681762
68 160 8.992281
68 217 17.563804
69 74 3.728219
69 373 3.166757
70 113 7.204398
70 171 13.080411
70 228 18.690471
70 331 7.139444
70 377 10.160075
70 457 9.608914
71 186 10.580824
71 217 5.132793
71 244 3.624938
71 251 7.492742
71 265 3.853409
71 298 7.977230
71 335 9.827778
71 365 6.762466
71 390 1.409847
71 427 4.067323
72 176 8.537167
72 318 4.322299
73 237 7.833602
73 343 3.448520
73 386 12.337575
73 419 13.007172
73 431 19.774314
74 99 8.872919
74 187 14.463580
74 224 1.302467
74 270 15.659023
74 293 6.162931
74 305 17.408790
74 319 1.895642
75 159 1.695770
75 222 10.312913
75 489 2.246246
76 101 18.381128
76 116 15.468451
76 132 2.122824
76 166 12.072654
76 194 18.229736
76 220 19.241054
76 343 19.401907
77 138 11.648460
77 139 2.678401
77 187 8.601226
77 245 1.123583
77 376 9.187937
77 471 16.731124
78 82 16.530080
78 408 1.267690
79 340 13.113107
80 104 2.579977
80 112 17.392336
80 146 19.592045
80 188 3.871922
80 225 17.134618
80 248 15.295064
80 281 2.884800
80 376 13.206777
80 496 3.779713
81 83 5.818574
82 88 18.735477
82 325 17.892272
84 307 17.593482
84 477 16.354370
86 156 9.876453
87 98 17.026737
87 115 9.358461
87 124 14.758328
87 239 19.042659
87 283 8.784396
87 378 13.806517
87 438 16.609173
89 164 7.357919
90 207 16.080148
91 267 15.876779
91 302 15.599419
91 379 7.435120
91 423 7.582505
93 142 15.154341
93 213 15.069649
93 444 5.789186
93 468 11.960600
93 484 7.154139
94 123 12.251324
94 404 13.878786
94 440 11.939648
94 483 5.370414
95 99 5.097572
95 149 7.184351
95 177 6.348412
95 224 9.010654
95 272 12.759426
95 295 17.408774
96 296 11.971039
97 143 2.410989
97 253 17.315407
97 316 7.633296
98 129 19.090732
98 162 12.783745
98 165 1.891538
98 342 2.458261
98 382 12.879808
100 117 4.687212
100 184 16.989506
100 279 11.843816
100 292 5.520653
100 374 11.271123
100 464 8.470715
101 356 7.066663
102 282 18.697563
102 354 5.039059
102 495 7.314154
103 235 4.467658
104 108 19.379973
104 153 9.628252
104 364 10.057879
105 180 14.190168
106 154 19.151963
106 230 10.583334
106 417 13.398154
107 160 19.729600
109 247 15.077174
110 397 19.365891
111 485 4.184673
112 275 9.854761
114 178 1.294559
114 189 16.124731
115 233 10.609953
115 304 1.121361
115 336 19.138667
116 122 9.498299
116 297 13.128830
116 472 19.647431
116 477 11.686231
117 360 17.893876
119 134 18.588478
119 146 9.071588
119 179 11.357487
119 212 7.068363
119 259 3.960861
119 372 15.835258
120 165 18.159570
120 195 16.926276
120 387 19.265755
121 324 12.896963
122 138 13.460541
122 298 16.122805
122 318 11.143283
122 427 1.361859
122 428 18.385958
122 491 12.680228
124 151 11.074611
124 220 13.235339
124 254 2.719327
124 439 6.942825
125 196 4.298472
125 384 9.674338
125 496 15.061012
127 252 1.706893
127 433 13.182200
127 437 2.649899
128 218 19.025906
128 236 6.957584
128 456 11.868773
129 433 4.164093
130 151 5.826755
131 154 10.614802
131 193 14.005597
132 190 1.953486
133 186 13.444832
133 229 1.843981
133 258 19.126990
133 345 8.753378
133 406 3.254747
133 422 8.361878
133 459 19.196383
133 478 12.007663
134 137 13.091455
134 194 7.882860
135 222 2.131552
135 288 5.366481
135 296 6.046718
137 161 2.440282
137 175 12.244601
137 185 8.743176
137 282 9.329328
137 469 10.186142
137 492 4.143736
137 493 16.540010
139 301 16.574239
140 163 6.415898
140 396 8.224618
141 323 9.175942
142 302 14.157726
143 270 17.962034
145 232 9.809048
146 182 10.927688
146 370 12.694044
146 384 7.312414
146 426 3.873958
147 202 18.558994
147 234 15.364220
148 326 7.088912
149 153 19.240470
149 157 19.358263
149 171 17.792837
149 278 17.089720
149 280 13.868184
149 299 8.970937
150 201 8.891259
150 331 19.615011
150 417 10.286575
151 355 10.473807
153 180 6.259174
153 262 3.150842
153 463 18.351025
154 330 10.553868
154 407 13.900985
155 388 1.222267
156 183 13.248045
156 208 14.774127
156 316 3.425023
156 349 9.674092
156 370 9.910999
156 465 4.297214
157 284 13.993305
157 407 14.236106
157 414 16.037052
158 199 5.088219
158 203 18.536993
159 324 13.012940
160 227 17.690119
161 436 3.213518
162 256 4.421851
162 455 11.773862
162 473 1.542576
164 250 15.659969
164 348 4.946772
165 265 17.200171
165 339 7.439075
166 200 16.273608
166 291 5.175800
167 185 14.323753
167 208 1.869980
167 260 7.287004
167 322 8.573745
168 246 17.313492
168 249 12.789372
169 349 1.723677
169 375 10.798907
170 483 9.271895
171 203 3.233728
171 276 6.293615
172 240 7.767607
172 317 7.878373
175 435 4.827777
177 313 14.193476
178 227 2.146715
180 273 3.504749
180 311 18.451956
182 451 6.844442
184 255 14.107659
184 274 16.715465
184 304 14.475046
185 360 5.893802
185 443 12.960568
185 446 11.862133
185 471 18.849886
187 393 1.504050
189 243 8.935189
189 353 18.898239
191 197 9.766068
191 236 19.773130
191 292 14.429445
191 373 6.867340
191 445 19.784146
193 201 11.577474
194 453 1.283243
196 425 18.248836
197 205 7.970888
197 289 14.022188
197 392 12.129421
197 452 14.647265
199 272 15.735746
200 350 19.991512
201 329 14.737019
201 338 19.739918
201 400 1.549115
201 440 16.248418
202 216 18.775431
202 309 8.292193
202 366 10.222451
202 474 1.720202
203 231 5.278676
203 273 5.698129
203 312 15.973358
204 344 15.972336
204 352 2.357320
205 285 18.420653
206 218 19.646916
206 460 18.879613
207 361 13.040807
208 413 17.945800
209 334 11.749850
209 388 15.540548
210 352 2.836445
211 223 19.780820
211 399 5.989001
213 320 17.106916
213 336 3.024067
214 277 14.429914
214 478 1.543813
217 490 10.004444
219 262 2.286386
219 425 9.445736
221 294 4.755338
221 470 3.420877
223 416 8.099668
224 259 16.399572
224 390 12.715325
226 372 16.616550
227 300 14.237031
228 311 3.473647
229 289 19.167845
231 310 13.424479
231 464 16.235840
231 465 11.991035
233 341 4.048788
233 362 16.852951
234 327 7.908303
235 320 14.511919
237 386 9.127847
237 487 8.856207
238 402 10.743485
240 430 1.462221
241 445 16.346924
241 480 4.771314
242 278 14.351220
242 389 16.849269
243 332 14.377484
243 383 14.464189
245 291 19.266092
246 411 16.726622
247 422 7.910783
247 486 10.150462
249 485 1.086531
250 369 2.000701
250 387 11.222341
251 255 14.963431
251 442 12.745858
254 335 10.775598
255 287 16.544709
255 313 7.498582
256 271 5.177148
256 279 2.709016
256 288 15.899972
256 315 18.944031
258 260 4.495172
258 367 13.770563
262 487 5.233530
264 339 6.021674
265 424 6.767392
268 492 10.398142
273 294 2.808842
275 328 17.108014
275 494 7.275417
278 467 16.467533
279 366 18.701294
279 400 12.375008
282 378 15.649706
285 333 3.850614
285 475 8.763494
287 473 2.597879
289 461 5.046559
289 497 15.842561
291 380 6.195940
291 395 12.003255
292 467 19.904912
293 461 18.939498
294 312 7.229081
299 371 18.501111
301 457 15.930683
302 403 8.226827
305 381 16.786362
305 472 7.852289
310 447 12.934094
312 314 2.900185
313 321 13.587609
313 450 2.069733
314 494 11.996886
315 359 18.844993
317 344 1.569391
323 404 14.857953
325 405 12.005798
326 358 9.810959
326 455 12.649842
328 342 17.029401
328 383 13.495233
329 357 9.464177
335 398 4.832747
335 438 8.940832
336 365 7.466640
346 454 6.175386
346 476 3.737133
347 380 18.569428
347 424 12.040197
347 435 6.014126
348 403 6.970621
349 493 10.914860
351 406 7.646811
353 415 15.878407
354 358 15.560403
356 405 8.312146
357 367 5.868571
359 468 17.476317
360 368 14.446479
360 466 13.076829
361 442 4.270424
363 395 1.422574
367 462 13.103976
368 439 17.340250
374 498 13.933441
376 391 7.239489
376 415 8.459128
381 408 5.400201
381 450 1.102055
384 449 15.522492
385 488 5.327918
395 488 15.219021
396 447 16.421264
397 474 1.478962
399 410 8.757155
400 490 18.289552
401 420 9.353970
406 436 5.727248
418 421 2.909450
418 476 19.654749
422 451 13.249744
431 481 19.977545
438 479 16.332282
470 481 9.035970
476 499 16.688952
495 497 14.236272
19.972939 22.882048 22.880473 9.918758 11.391827 8.300122 11.409853 22.204553 7.671596 17.815891 23.707892 18.436596 8.217759 18.933085 23.208825 9.243880 13.145022 6.745176 10.554299 10.085776 23.089433 12.784679 8.677777 8.300769 16.791165 10.560137 16.928376 12.368636 24.565584 18.044563 14.938741 18.023279 9.649194 17.926275 16.518477 19.467002 9.835289 11.018433 6.744895 16.427444 10.379785 8.517839 20.693496 12.908918 14.458897 9.809427 12.733295 21.731400 21.888451 11.078959 23.666124 20.316912 6.403694 11.313276 23.315059 9.874722 12.431186 21.256165 13.616833 21.469515 21.859577 24.226849 14.108426 16.236317 10.431400 20.000730 20.956370 9.342783 6.177248 18.753743 9.308064 16.669936 10.517194 14.419446 15.625751 14.849498 15.608009 12.467653 7.884267 21.886706 22.105277 24.928246 6.205386 21.300141 8.957020 15.464079 5.145164 7.992688 9.878198 8.146584 17.146544 10.224552 8.548075 7.275017 17.199813 13.539952 15.809541 9.714121 21.517506 8.974785 17.287209 23.562709 19.728961 22.503139 21.844754 9.081341 5.067087 13.348270 19.070655 7.875282 12.162245 10.840403 7.144442 5.233289 23.287211 24.299383 23.080002 24.114487 22.229695 5.348752 11.856428 10.510348 23.528001 15.181128 17.986086 12.172973 23.591584 24.426541 16.926993 10.921355 9.883787 10.290704 23.749770 9.612282 22.440785 8.387419 16.774124 15.495982 15.847656 17.430165 22.397095 15.471234 17.691879 14.697940 22.517711 14.284638 22.145174 18.314173 13.400454 14.425658 5.705407 11.430348 13.479235 16.879958 5.048183 20.701506 11.441855 7.001816 15.878260 7.934704 19.283514 9.786293 18.802130 24.944136 14.953737 5.233907 8.318488 11.535131 15.353984 20.104401 15.637018 20.772297 8.850759 9.965496 10.078225 12.458149 16.487559 10.247109 21.896286 6.105297 9.466443 18.478751 6.644973 16.476400 22.335240 13.656495 12.308479 18.391888 22.407367 5.285135 10.724786 5.512833 7.763508 14.937288 18.570895 9.848959 23.927084 16.237196 9.443816 22.227462 15.870490 16.285943 7.890260 23.175981 23.290444 23.217486 15.985145 21.398880 7.868548 7.901607 18.572662 20.634192 23.987911 13.186917 6.480140 12.893409 9.468156 18.213023 17.943214 5.515816 18.248404 19.909130 18.719960 24.973988 14.291801 21.440037 12.679621 20.627532 20.768009 20.038831 12.484019 10.913483 12.005144 6.314535 17.766660 10.540776 19.876614 19.071310 5.145899 21.401907 23.810346 10.592993 21.022863 12.530457 21.837763 12.327242 17.416986 9.300004 8.645164 15.237932 22.121713 12.567990 24.778899 7.863667 21.845370 5.966157 6.619949 6.021889 12.913774 14.180456 16.032427 5.839117 21.259293 13.500996 23.572023 24.609613 22.601069 11.700609 6.288141 7.490365 20.109300 17.373739 23.045904 12.330517 14.228427 7.954108 24.177707 23.879969 21.490123 16.231998 6.624133 5.370175 5.365833 7.271135 13.930622 13.380887 22.887854 17.612462 13.640181 7.242788 5.256989 24.617517 14.146771 14.451643 24.346730 23.014511 22.023152 6.411730 19.051056 11.071347 12.509675 11.767116 5.472888 16.349313 20.465640 14.040470 13.102493 21.439233 11.177530 19.929934 11.942847 9.630115 16.576695 24.219642 16.146878 24.453597 14.818024 12.018681 13.058803 17.836105 7.163376 6.092569 8.257073 22.180999 21.448032 14.599821 15.895818 17.224348 14.104571 9.049557 20.045180 21.365504 22.275471 5.544873 23.972115 7.331385 19.156468 24.406623 22.421396 15.638546 6.325584 14.714446 12.307258 8.183751 12.162466 7.509281 7.187898 13.866912 23.623343 6.234705 10.328834 23.341267 11.201029 17.774930 21.230291 5.953723 9.193517 18.962652 8.135129 12.060791 24.513357 6.624649 22.421832 9.214572 7.698412 23.094621 13.886693 15.618132 6.944767 10.500815 13.953476 21.990470 6.647649 9.040336 24.500374 24.062776 22.438387 14.978384 13.923132 9.219862 21.963573 15.191464 9.855015 20.078007 6.506920 21.569967 9.622384 18.653344 13.589085 13.739605 23.674635 14.288518 15.920257 12.720824 10.673839 11.933845 19.791955 18.019693 6.254974 23.039121 6.988014 9.296637 17.590124 12.928095 8.595559 16.050677 11.821389 21.630157 24.299015 5.241285 8.892826 5.419555 23.491040 21.532805 17.535347 22.627213 12.351111 19.855982 14.470846 13.346375 14.441999 15.921381 8.789932 6.536814 9.006752 22.219032 19.416483 14.195446 16.268869 13.167132 8.333844 8.814442 17.276767 11.793382 23.006107 18.029988 19.944752 23.588222 7.670091 6.374189 17.617588 22.117560 21.312402 18.357487 9.225655 16.546076 20.121280 5.213593 18.770207 12.134186 10.863854 21.212030 10.273792 5.667552 10.216768 12.296214 16.203488 9.065326 15.867511 13.255588 8.499051 20.906345 14.141570 20.811035 20.638079 23.859146 23.322391 23.105060 15.012711 17.314767 13.325057 5.865629 12.873046 19.879275 13.706902 9.264810 23.505146 6.733396 22.834167 10.686102 12.052566 5.210022 5.968654 23.330462 7.295044 11.256366 19.180164 11.527686 12.155487 12.039067 17.406075 16.183432 19.390984 23.309021 17.778989 11.868720 13.144813 15.991369 23.478196 14.593693
33
125
0 1 7.955575
0 3 4.200971
0 6 4.074897
0 14 4.859425
0 17 9.759165
0 20 2.855311
0 27 2.493515
1 4 9.545909
1 7 2.870867
1 8 1.056149
1 9 6.265624
1 18 4.316731
1 19 6.435948
1 22 9.979945
1 26 1.909529
1 28 6.397415
2 6 5.701240
2 10 4.202463
2 16 1.614810
2 20 5.133630
2 23 1.717168
2 30 1.536894
3 8 3.972449
3 10 8.242100
3 15 8.517761
3 24 3.356924
3 26 9.721830
3 27 3.725121
3 31 8.221242
4 8 7.634017
4 13 6.692702
4 15 5.049851
4 16 6.075995
4 22 2.433663
4 28 1.896022
5 6 3.662530
5 8 8.641494
5 10 9.169004
5 18 4.374671
5 19 8.358523
5 23 5.742908
5 30 2.353549
5 31 3.639471
6 8 5.039160
6 13 2.687206
6 17 6.669159
6 22 9.766733
6 25 5.880366
6 27 6.103320
7 8 2.729108
7 11 8.742039
7 13 3.223426
7 20 7.186836
7 24 1.907018
7 31 8.890063
8 12 4.862457
8 18 2.069312
8 21 3.825431
8 24 8.932411
8 31 8.872776
9 16 8.347301
9 18 7.708809
9 22 3.310433
9 26 4.318426
10 20 9.167030
10 22 8.840624
10 23 4.582742
10 27 6.838159
10 28 4.238119
10 29 1.162730
10 30 9.260525
10 31 1.796536
11 18 6.103136
11 20 5.519627
11 23 1.992171
11 24 1.494358
11 28 1.439055
11 29 4.782232
11 31 4.622593
11 32 6.154127
12 26 2.640293
12 28 5.275822
12 32 7.409659
13 14 3.928446
13 20 4.281840
13 21 8.226762
13 22 2.681659
13 23 6.914457
13 24 1.858257
13 25 3.368311
14 15 8.494176
14 18 7.085080
14 21 2.666478
14 26 4.513164
15 21 9.730869
16 17 9.232273
16 23 7.843707
16 25 8.766713
16 27 1.447290
17 18 6.354063
17 25 2.023069
17 30 2.044223
17 31 4.637847
18 23 4.155545
18 25 1.878618
18 26 2.042347
18 28 7.427254
18 30 8.944486
19 27 5.611896
20 24 3.132095
20 27 5.745605
20 29 8.611246
22 24 9.504766
22 26 1.548504
22 27 4.592428
22 28 1.991606
22 32 4.846114
23 29 5.673584
25 32 8.253450
26 30 2.445353
27 29 5.579051
28 29 5.282821
28 30 8.222789
28 31 9.831202
29 31 3.481434
297.784604 304.615598 317.823599 316.598377 293.942025 304.849421 441.464841 324.487939 257.158156 256.187632 264.202285 452.412651 269.234765 423.437335 358.122195 246.064218 396.218735 360.201570 404.818628 343.721485 484.321567 488.625517 433.107384 388.971687 313.578685 447.826363 279.642372 273.673981 297.813592 286.219657 330.545315 249.202840 366.744928
