500
997
0 1 8.893036
0 2 7.772317
0 6 19.335590
0 7 17.367443
0 11 9.637434
0 17 15.347482
0 23 6.327303
0 24 7.719824
0 29 19.655772
0 33 2.060578
0 35 16.706824
0 42 7.337424
0 49 17.336509
0 52 16.924010
0 69 13.601696
0 72 11.293996
0 110 7.799714
0 160 7.395528
0 204 4.661537
0 209 15.217888
0 257 16.109620
0 263 5.717737
0 358 19.009464
0 363 13.552385
0 375 5.026668
0 388 12.109428
0 407 19.664400
1 2 18.551735
1 3 15.122853
1 6 14.359652
1 8 13.934114
1 15 3.352369
1 20 10.332049
1 22 2.156579
1 29 10.356631
1 37 17.505207
1 61 6.049073
1 62 2.809163
1 98 16.343726
1 100 14.138296
1 124 6.529707
1 144 17.557472
1 173 4.818442
1 241 14.117831
1 258 16.027211
1 330 1.716598
1 373 6.889223
2 3 4.313918
2 4 16.652172
2 5 5.064388
2 7 10.891469
2 8 1.553912
2 9 6.062926
2 11 18.902262
2 15 14.255484
2 18 1.184109
2 25 18.648616
2 32 13.493120
2 40 18.158832
2 50 17.620040
2 60 15.209294
2 65 18.088239
2 68 16.906128
2 85 12.318119
2 102 14.003200
2 105 2.489482
2 128 4.910262
2 129 10.588965
2 133 11.303566
2 146 17.450072
2 195 6.954564
2 207 3.859429
2 236 16.359653
2 240 3.555343
2 281 9.212327
2 290 8.691165
2 322 10.279797
2 341 8.310692
2 367 3.268913
2 404 2.415032
2 471 5.825948
2 480 8.708563
2 493 6.671130
2 494 13.857595
3 4 1.718822
3 5 6.759859
3 13 2.560559
3 16 17.568420
3 21 18.493171
3 30 6.818772
3 36 1.457017
3 67 16.145032
3 69 11.422905
3 71 12.798886
3 101 11.467457
3 102 6.135328
3 104 9.531134
3 141 14.665609
3 180 6.187453
3 190 13.900765
3 205 7.025247
3 208 12.800932
3 225 5.089959
3 261 7.592414
3 284 16.066851
3 295 1.841889
3 438 9.263994
3 449 17.604474
4 9 19.526490
4 13 1.659255
4 22 17.672427
4 90 6.562865
4 117 10.720348
4 128 18.406940
4 138 12.952410
4 206 1.310155
4 374 9.395588
4 377 6.778973
4 382 3.689373
4 391 10.002175
5 10 15.101244
5 12 12.586542
5 17 9.211545
5 20 11.537945
5 24 18.328221
5 26 6.168966
5 46 14.703870
5 63 10.898132
5 64 13.314955
5 89 17.255296
5 98 10.306347
5 107 2.181599
5 125 14.877030
5 127 6.853819
5 132 8.634530
5 142 16.826114
5 189 1.629156
5 222 17.686225
5 290 3.419281
5 299 15.435037
5 335 10.800705
5 345 14.942112
5 362 10.533121
5 447 11.687091
5 480 9.708855
6 10 12.161547
6 30 7.797942
6 41 19.478167
6 44 7.893238
6 56 1.214820
6 79 14.210417
6 94 6.495717
6 125 9.321033
6 131 10.266981
6 137 10.952554
6 139 1.002062
6 170 9.748454
6 174 1.947156
6 175 5.522380
6 218 19.514587
6 239 17.569442
6 282 9.281148
6 359 6.252845
6 361 3.338311
6 460 8.617969
7 12 4.115234
7 14 4.773057
7 43 11.118847
7 107 13.381176
7 479 11.311963
8 50 6.281995
8 97 12.350420
8 116 12.344205
9 21 3.322531
9 41 8.592361
9 57 5.676521
9 82 3.416925
9 90 10.550186
9 182 1.596271
9 360 13.306090
9 459 1.708878
9 485 12.878124
9 487 11.789607
10 66 9.608703
10 155 3.471835
10 183 7.129323
10 197 17.673723
10 212 3.599209
10 215 7.971922
10 229 2.446555
10 249 4.810140
10 274 8.130315
10 275 13.888064
10 312 4.709840
10 317 3.571573
10 337 17.751874
10 394 8.171027
10 457 19.690325
10 472 2.348161
11 14 9.415791
11 25 18.474740
11 27 10.791383
11 36 11.073305
11 38 7.153403
11 39 10.223887
11 57 18.732799
11 58 17.393724
11 76 14.742921
11 124 13.049622
11 134 16.602733
11 154 9.623639
11 161 8.569070
11 234 12.636903
11 271 11.909130
11 279 18.789547
11 286 8.861727
11 306 9.652904
11 325 14.712792
11 410 1.343907
11 417 9.823434
11 439 16.197880
12 43 8.384953
12 133 12.928765
12 494 11.385873
13 45 18.661134
13 53 1.234323
13 221 4.878130
13 269 10.754526
14 16 2.469092
14 18 17.357815
14 32 15.324292
14 34 9.686193
14 40 11.440278
14 51 4.606652
14 60 15.689955
14 67 13.536840
14 83 18.936870
14 86 3.886202
14 115 11.732979
14 145 19.219679
14 155 14.638878
14 195 10.564930
14 202 4.431392
14 219 15.684751
14 227 1.517645
14 228 9.046391
14 231 6.361365
14 246 8.043390
14 426 14.379571
14 430 7.262688
14 466 4.472941
15 19 4.712322
15 84 4.677762
15 96 13.847518
15 109 1.290151
15 283 4.777667
16 19 9.946044
16 37 16.607847
16 81 14.604476
16 120 8.465974
16 122 15.128294
16 233 17.983902
16 278 2.545762
16 458 15.802067
17 31 17.781036
17 38 10.501208
17 106 10.141352
17 401 8.776045
18 34 19.329852
18 49 2.233674
18 119 5.690023
18 138 2.491464
18 169 2.884052
18 172 17.692059
18 187 12.238541
18 196 7.274064
18 203 5.267819
18 277 10.920857
18 305 8.807300
18 450 14.718819
18 465 14.807042
19 33 18.221257
19 72 7.842326
19 110 17.097424
19 181 3.912661
19 226 1.255704
19 254 5.800664
19 281 18.659395
19 348 8.534103
19 376 18.178716
19 379 16.854510
19 410 4.896287
19 492 5.311806
20 28 2.570469
20 177 1.138239
20 232 7.523672
20 253 15.804659
20 278 15.674839
21 58 8.222655
21 82 7.628216
21 242 14.120619
21 244 17.463234
21 324 1.551567
21 349 19.003092
21 442 11.237305
21 459 8.468485
22 23 13.641008
22 134 14.536153
22 203 4.024184
22 205 10.403464
22 327 7.458902
22 343 17.888098
22 403 4.011965
23 45 3.817621
23 63 13.090721
23 71 9.492864
23 74 13.802168
23 80 11.700136
23 88 18.606709
23 100 4.634467
23 126 7.785758
23 136 19.230406
23 163 10.612871
23 174 8.856300
23 320 17.702239
23 458 7.422948
24 26 4.955188
24 35 18.624308
24 44 14.348995
24 78 6.007566
24 199 3.369628
24 219 17.897042
24 223 19.300349
24 262 18.423469
24 309 13.902576
24 332 4.974320
24 360 6.131039
24 414 6.673690
24 430 11.628871
24 440 3.656230
24 456 19.592746
25 28 2.890881
25 53 19.303633
25 61 9.800115
25 109 4.168237
25 156 8.008247
25 164 11.392083
25 192 10.633560
25 294 11.796238
25 366 14.964418
25 416 15.349340
25 445 10.543227
25 462 16.810457
26 27 13.169748
26 31 4.104794
26 55 17.879006
26 105 2.442910
26 108 8.015769
26 111 15.550824
26 276 4.670470
26 308 2.291088
26 345 16.267263
27 47 10.862579
27 97 14.388870
27 135 11.041099
27 165 17.579830
27 199 6.157879
27 238 19.708807
27 254 3.412427
27 292 12.077249
27 347 11.435503
27 353 15.573127
27 405 16.218378
27 429 15.674178
28 235 3.026809
28 248 5.683578
28 329 11.822154
28 386 19.229024
29 73 5.093211
29 313 7.849885
30 48 9.084649
30 64 6.602226
30 249 8.262384
31 103 12.312201
31 119 18.290312
31 211 17.818156
31 306 17.815165
31 388 2.927320
31 416 18.031012
32 68 1.358274
32 325 4.067594
33 455 16.169162
34 75 19.372850
34 91 10.509329
34 104 18.434085
34 191 19.703280
34 302 13.246807
35 42 16.550227
35 52 18.267645
35 56 3.398649
35 78 19.153785
35 86 17.263556
35 92 16.898463
35 117 8.960344
35 120 1.061022
35 270 10.601020
35 321 12.047903
35 337 14.623835
35 386 10.885371
35 413 3.737998
35 451 11.176634
36 472 19.336064
37 314 16.564383
37 344 8.407094
38 39 6.190682
38 47 15.163650
38 51 5.847085
38 54 9.413076
38 66 13.918264
38 70 11.016117
38 75 8.850017
38 99 7.330591
38 158 19.322461
38 159 18.530731
38 169 17.497327
38 271 2.097340
38 272 10.856019
38 293 4.506497
38 358 5.089826
38 378 17.333544
38 383 11.826279
38 392 16.219477
38 429 4.116172
38 446 4.633049
38 467 11.596334
39 114 7.542847
39 143 8.437934
39 223 3.472002
39 371 10.746570
39 463 2.924811
40 59 12.581155
40 77 17.447484
40 147 2.064213
40 242 15.275857
40 269 12.510134
40 311 17.369880
40 387 11.978727
40 439 3.510761
41 81 8.829617
41 126 4.581315
41 175 9.789133
41 315 16.730507
42 48 2.643539
42 54 14.903867
42 55 5.762841
42 59 13.377242
42 62 14.856162
42 79 5.339591
42 88 19.665599
42 91 5.138882
42 118 6.633822
42 182 8.679561
43 46 3.382220
43 74 7.092823
43 103 19.167062
43 193 19.978077
43 232 9.291770
43 380 12.799877
44 351 7.121277
44 461 12.419498
45 116 6.879784
45 178 7.094950
45 318 3.066105
45 402 15.315153
45 440 6.199589
46 495 12.495334
47 106 12.862924
47 127 2.904723
47 356 16.370664
47 413 19.995444
49 89 2.145805
49 145 9.862383
49 152 1.711222
49 243 1.981056
49 245 2.710507
50 324 4.440710
50 336 14.076011
51 130 18.152919
51 186 17.507902
51 288 3.924132
52 167 3.252023
52 172 1.753494
52 200 18.492589
52 245 16.032914
52 250 12.853033
52 256 13.865315
52 257 1.217770
52 295 10.659837
52 431 10.501547
54 132 10.575431
56 94 16.847476
56 123 19.821156
56 153 6.267412
56 168 3.424919
56 369 1.174032
56 411 8.098061
56 449 5.462262
57 129 14.159391
57 419 7.609418
57 466 2.752498
58 70 12.523846
58 272 12.480562
58 444 3.061675
58 490 9.262570
59 65 2.658555
59 96 10.227524
59 259 8.334372
59 401 10.635668
60 130 14.748148
60 164 2.871841
60 235 2.171998
60 250 2.790460
60 486 16.005381
61 143 12.186337
61 184 13.250437
61 264 3.847448
61 309 14.478099
61 425 6.348980
62 83 11.811198
62 150 19.863272
62 189 16.443063
62 213 7.106066
62 280 16.618518
62 334 19.778404
62 415 19.531868
62 427 14.072322
63 262 11.749545
63 473 1.394174
64 118 14.492935
64 157 7.622846
64 180 17.967353
64 233 6.081177
65 73 4.328036
65 101 3.899468
65 266 10.235479
65 300 17.587464
67 76 13.372970
67 77 8.596978
67 92 5.520606
67 207 14.199917
67 251 17.408573
67 289 9.445093
67 302 12.763936
67 330 14.330057
67 395 7.320946
67 398 14.302292
67 477 1.129341
68 123 7.396199
68 154 1.351716
68 167 19.719831
68 411 3.750736
69 80 4.147610
69 114 14.961695
69 148 8.592559
69 161 5.591735
69 176 16.019789
69 491 13.009026
70 158 13.878416
71 85 18.095701
71 87 3.230636
71 95 5.658840
71 108 18.368421
71 452 11.665631
72 197 13.135680
72 247 15.738314
72 267 16.951058
73 87 4.754531
73 93 2.891200
73 140 12.642139
73 166 3.407122
73 200 15.756467
73 213 13.241443
73 255 1.996711
73 355 9.024072
74 95 17.033732
74 113 19.498811
74 214 12.176260
76 113 18.806523
76 122 11.715232
76 322 2.267572
76 412 5.952996
77 208 2.906993
77 284 5.346049
77 288 6.221193
77 327 14.689320
77 368 2.177680
80 341 2.591897
81 84 8.599931
81 136 10.757042
81 141 3.051470
81 287 16.465868
81 312 17.820088
81 432 10.248008
82 210 9.770389
82 216 11.838384
83 112 3.735197
83 218 2.637541
84 135 15.123916
84 142 13.849851
84 280 15.985692
84 297 4.771959
84 308 2.181587
84 414 19.227137
84 446 7.128260
85 179 7.910740
85 314 19.495935
85 489 1.965204
86 225 6.811375
86 409 12.242016
86 487 7.419681
87 185 19.161072
87 474 1.682401
88 93 15.833508
88 193 12.319154
89 418 1.680970
89 441 14.615673
91 412 15.521826
92 112 19.221975
93 162 1.649674
93 351 9.036284
93 374 19.099360
93 475 16.148735
93 481 18.815096
94 234 4.253684
94 289 8.117064
94 333 15.026157
95 147 6.723535
95 160 7.176922
96 300 11.681305
97 252 7.638521
97 276 4.541980
97 328 15.652639
97 364 17.394671
97 365 10.612385
97 395 9.293288
97 400 5.034945
97 425 19.828624
98 99 11.022184
98 131 8.820777
98 453 14.256898
99 150 4.444279
99 348 14.066161
99 447 2.027078
99 468 8.696246
100 224 16.068981
100 299 19.645422
100 303 18.099081
100 315 17.827744
101 212 3.933112
102 206 5.167289
103 215 15.750659
103 463 4.538849
104 230 4.008212
104 231 9.001296
104 252 15.028717
104 285 10.434011
104 397 2.880093
104 405 2.586844
105 424 10.572440
106 340 7.862335
107 148 4.623636
107 286 16.313900
107 310 11.624506
107 331 8.049418
107 361 4.489513
108 171 5.988651
108 194 17.358005
108 305 10.796620
108 338 1.849708
109 115 8.335159
109 157 18.001700
109 183 12.607563
109 237 3.983500
109 408 5.473925
109 479 18.665558
109 491 4.924333
110 111 11.476498
110 121 17.846624
110 140 4.917662
110 277 6.045760
111 151 16.570173
111 293 15.412334
112 221 17.807491
112 462 19.936231
113 137 13.244695
113 282 10.843129
113 316 1.304451
115 121 1.661076
115 165 6.524360
115 187 16.548205
116 237 12.992923
117 274 14.747710
117 307 2.499068
117 454 10.905602
117 499 6.238315
119 266 1.175096
119 321 4.164586
119 443 10.472542
119 467 15.048095
120 166 15.168988
120 220 11.291964
120 428 19.958253
120 469 13.410848
122 384 13.945840
122 406 6.114844
123 146 19.898221
123 470 7.211538
124 151 2.347314
124 181 4.469615
124 228 5.042099
126 188 5.742748
126 238 12.343042
126 484 18.043608
127 149 17.250117
127 152 17.374681
127 163 16.412440
127 171 8.644957
127 188 19.326968
127 210 7.493401
127 340 16.345870
128 422 5.395044
129 263 7.834297
129 469 10.607202
130 291 11.166599
130 334 5.161344
130 357 16.598223
130 364 15.143400
130 370 8.538428
131 194 12.288373
131 256 14.132989
132 216 5.573928
132 224 7.922420
132 436 5.089858
133 144 10.474561
133 477 7.932222
134 153 12.077291
134 222 16.970843
134 380 16.128345
135 162 10.710982
135 362 17.778481
135 408 17.175674
136 236 6.797355
136 335 16.949929
136 367 17.071239
137 139 10.204888
137 196 17.578540
137 304 4.937257
137 391 14.242874
137 427 3.561590
137 478 6.086813
138 178 15.665021
138 381 2.732262
139 168 9.793888
139 433 7.604927
140 375 7.067012
141 185 5.728224
141 418 2.537398
141 498 15.409801
142 176 12.806786
142 283 15.629986
142 452 11.574383
143 437 8.674433
144 149 13.419005
146 190 7.266537
146 399 11.507864
146 450 16.233495
147 159 10.295569
147 258 11.825384
147 260 17.263281
147 352 8.646179
148 170 1.243535
149 156 16.448107
150 316 19.052377
151 319 17.066570
153 227 17.138753
153 355 18.956841
154 191 9.975965
154 202 12.937587
154 370 12.185379
154 448 9.906538
157 192 9.929153
159 435 1.518591
161 179 16.997516
161 214 5.243289
161 291 14.790293
161 298 7.964347
161 363 1.147937
162 279 11.583678
162 296 8.135950
163 198 19.490750
164 177 2.321868
164 435 9.945329
165 201 5.131577
165 240 18.357529
165 317 18.808375
165 422 1.204623
167 173 12.570003
167 211 13.391347
167 229 11.346339
167 246 8.653991
167 344 2.779229
168 365 16.844822
168 384 4.174096
172 209 18.209913
173 326 13.213075
173 406 5.803575
173 457 18.405764
173 497 5.416435
174 201 5.491024
176 184 3.551287
176 301 17.016616
177 434 2.324827
178 441 3.337622
178 471 7.046816
179 198 18.078358
180 251 9.825895
180 437 14.943326
181 268 12.927023
182 385 2.811329
183 248 2.940721
183 259 1.241777
183 323 12.901586
183 353 14.624878
183 489 17.920497
184 354 5.935436
184 454 8.867218
185 186 10.343015
185 217 4.310474
186 220 12.755299
186 468 2.165043
187 432 19.319798
188 268 8.058811
188 397 18.637965
190 265 6.143699
190 294 11.979826
190 319 11.414481
191 298 15.163669
193 342 9.677061
193 390 7.534349
194 275 5.377316
194 399 5.627171
195 230 3.441972
196 204 15.951118
196 239 2.197597
196 484 8.846225
197 387 3.640868
199 217 11.628162
199 396 1.467690
199 443 2.954672
201 323 7.959510
205 356 2.486435
205 485 8.376932
206 473 4.684312
208 253 13.954005
208 329 15.491216
208 346 9.856006
208 366 18.461889
209 273 16.642181
209 297 9.532936
209 331 2.888778
209 359 19.955903
209 396 8.293004
209 486 7.300907
210 226 6.045122
211 436 16.096693
211 482 1.699229
212 349 11.225619
213 265 7.381456
213 373 16.020881
213 474 15.551284
213 493 4.277572
214 332 10.655909
215 304 18.444215
216 378 12.545836
217 336 13.396860
217 390 14.402739
217 495 6.212253
218 267 3.243986
218 342 15.413328
218 369 10.217396
219 381 4.073005
219 470 19.290778
220 354 9.374180
227 243 14.342344
227 255 8.018191
227 264 18.967208
227 339 14.591113
232 241 4.780313
232 333 11.354621
233 247 4.748462
233 301 8.968970
233 347 18.152068
233 371 15.215805
233 465 16.059748
235 287 6.657139
235 464 1.105936
236 453 8.649889
237 310 3.932831
237 326 6.244848
239 244 10.774100
240 260 13.086842
240 421 13.083822
242 273 16.287543
244 313 18.795213
245 445 9.546545
246 376 16.556210
247 350 10.393211
247 393 4.728275
247 444 18.666508
249 270 5.429140
249 497 7.976475
255 307 5.808804
255 339 16.862321
256 296 14.698788
256 499 11.809596
257 402 19.417884
259 261 10.269133
259 372 17.172887
260 464 18.841864
261 311 8.324064
264 318 8.231797
265 338 19.781273
267 285 9.249770
268 383 15.593115
271 346 17.015850
273 328 16.438169
276 393 4.353087
280 350 4.871085
281 448 19.257918
283 404 15.430950
285 292 18.875624
285 372 2.076886
286 303 11.728437
288 320 6.223454
295 434 7.289886
296 460 17.634273
296 461 10.516713
297 481 4.895056
301 403 1.400657
302 417 7.314925
303 433 3.686603
304 475 15.148038
314 451 2.333100
315 423 13.624778
315 431 5.560320
318 382 8.314731
318 421 19.344982
319 377 1.959853
319 385 6.537237
320 476 12.543641
321 423 2.778749
326 343 12.694164
330 424 15.186894
333 419 6.292808
335 379 11.856403
335 420 17.235032
336 352 18.075514
337 389 1.982046
338 498 16.101973
341 438 6.986631
342 426 16.113618
342 482 8.439417
343 428 15.830934
346 368 10.879365
349 394 19.653938
349 398 11.524987
353 483 16.991039
355 357 6.057980
366 407 18.885509
367 400 5.483221
368 389 10.016832
368 420 15.233316
373 392 14.423498
374 409 4.586523
375 415 4.492348
376 488 19.487880
384 492 6.427467
385 478 11.261825
392 490 19.578546
393 442 17.692765
396 456 11.274377
406 476 12.262838
418 496 12.782097
424 455 15.944840
424 488 2.841995
424 496 14.005749
454 483 16.036455
6.202515 14.545585 13.601385 21.503004 19.961390 17.850690 5.628701 7.703086 13.596903 21.753785 20.635377 14.017775 23.975776 21.330016 18.770680 14.615489 7.864680 7.377429 8.804761 7.295953 23.298376 23.413880 19.690248 8.890835 12.437035 17.523205 23.921412 17.347712 16.354935 5.301700 9.179085 9.575860 11.126439 13.152924 23.805195 9.172442 6.658710 20.580286 12.474802 8.687941 14.719109 12.997040 20.702698 8.826544 18.854147 10.816203 8.060928 8.031655 17.500229 12.552007 13.258857 19.917243 17.834586 16.159945 8.897299 23.841965 10.407032 5.420958 21.183040 8.078855 20.489193 14.544806 22.363486 6.226136 16.464301 7.275771 18.646150 21.829046 9.128155 17.484687 20.667465 9.354561 24.242957 17.554589 23.659375 20.490655 18.613518 22.256244 6.279419 6.155272 16.005191 15.260259 18.963049 6.565473 14.430947 16.376863 21.886908 20.231236 6.728710 10.136663 17.087096 23.828009 10.991844 11.575851 22.356551 15.691390 21.182959 18.906311 7.591627 13.302099 14.678143 24.205620 24.399614 7.057822 14.967990 8.305090 21.803362 15.122209 16.404766 23.876973 22.341201 12.130612 6.536194 14.088100 5.786970 9.580259 14.337645 12.654679 22.190640 18.104112 12.650005 16.159665 20.499840 12.659188 5.425911 6.166519 15.556475 8.556599 6.232520 17.360135 8.380528 6.972677 20.809334 24.343615 23.495248 18.624549 14.000319 16.153558 7.157416 20.616154 8.935190 18.759740 5.869367 13.850345 20.695326 14.109842 17.666658 15.276739 9.522458 22.048347 21.257174 9.558556 8.502896 22.876242 13.361819 14.690194 7.078459 10.975369 11.857939 15.407288 16.871337 8.929093 22.021252 22.495649 22.553812 17.804260 19.908126 11.622586 19.596646 22.405508 12.223030 5.643979 8.647333 19.434687 16.556911 16.200031 13.025804 18.294756 16.977304 6.506936 9.026092 13.339668 19.930984 16.388370 22.894279 17.285060 18.597132 6.051583 19.322144 20.765802 18.531563 24.030681 22.519906 12.527007 6.614033 20.429338 7.143329 8.879921 16.910962 12.388347 24.888248 13.854851 10.782178 23.517689 6.789712 23.826045 7.821538 8.144314 21.962149 12.891190 8.135300 21.343463 23.149018 17.251010 14.539965 21.861497 10.160526 15.240782 23.282333 13.476060 24.635545 23.679557 11.458828 19.558040 18.049338 17.423732 24.298752 7.394963 10.472079 5.252127 12.803534 5.511920 18.448891 20.118169 19.888486 9.754368 15.126137 22.063910 9.764739 10.698202 7.121329 5.224986 22.303926 7.925167 23.434673 13.936139 18.568105 19.105816 20.691361 19.202873 17.577756 11.689171 17.200178 22.328925 19.730429 23.911915 23.672453 9.756243 20.200013 15.339477 17.020528 14.324760 7.080039 13.811156 5.359594 22.216942 24.749078 11.123892 8.384183 23.762809 10.736071 6.650925 5.364216 16.413417 24.500722 20.817829 7.157515 15.293686 6.651509 11.211611 20.463957 11.314210 9.952837 20.426776 6.384378 24.447671 9.533695 16.722394 19.839653 24.561386 6.856238 22.276127 20.077769 10.162499 8.560974 21.327218 17.543614 16.054811 12.621135 5.375743 14.498130 22.235521 23.049888 12.071724 24.387153 18.627579 21.276983 19.507734 20.043739 24.974556 20.284225 15.006855 14.638693 11.384141 7.160235 20.877979 16.455781 23.115887 24.872163 9.409815 17.866515 18.815949 15.374562 6.113164 20.355707 24.557041 16.428317 12.784263 6.479669 9.167643 8.886734 22.649323 23.797437 24.686603 20.551386 7.632686 7.715116 19.647148 5.135584 20.182836 5.780425 7.608509 7.570829 9.442375 17.696533 9.772124 18.552327 20.434189 7.248851 9.930945 21.803089 8.206430 10.844028 8.974851 20.049456 20.905733 10.606317 21.032867 11.918164 14.057567 13.469770 15.850782 22.852326 8.922766 19.203439 20.204330 18.392734 14.697953 18.598998 9.417881 10.380876 5.450831 19.727674 9.794011 8.180841 24.410274 11.155718 7.332896 24.868406 18.478621 7.097407 13.906243 16.322546 10.661163 23.628342 5.912971 18.690071 19.308272 13.541392 7.312992 9.574102 13.468700 10.950381 6.378958 23.871975 9.373063 17.673689 8.095893 18.133201 22.649257 22.279975 20.713624 21.293797 19.500089 22.986217 20.343444 17.578577 10.076041 10.615549 23.425040 18.220567 5.660388 14.231652 24.610505 18.495753 7.169260 20.421600 6.207537 8.185871 8.883224 23.749011 23.535628 21.949649 23.749270 5.968568 8.259729 9.095863 16.862482 21.390810 8.018059 18.284765 8.099730 10.215150 15.920768 5.752408 7.053339 17.707317 21.368924 19.892684 19.768330 12.479688 14.284179 9.612592 21.259122 5.084770 9.112695 17.272777 8.932972 23.015542 7.180779 6.704694 14.878681 15.115360 20.593636 19.625021 5.261385 24.652301 24.385445 16.127207 19.203589 14.267937 8.982335 12.388808 19.368406 24.412524 13.728762 20.017845 19.811756 24.511995 5.226020 7.911265 10.348414 12.025787 13.980764 21.065990 15.119311 20.496023 16.485038 23.756239 14.339306 8.030098 15.470805 6.059956 24.546670 15.741015 10.610104 6.613374 15.784473 19.040614 9.211488 15.691639 5.595911 10.708880 14.646592 20.279723 11.644490 17.473501 11.252673 19.827500 15.994014
33
107
0 1 5.882765
0 4 7.233637
0 5 8.424947
0 10 9.777575
0 20 7.756585
0 29 3.534281
1 5 8.455625
1 6 2.027349
1 9 6.811060
1 10 7.779171
1 12 3.438945
1 19 8.273471
1 30 1.874843
2 11 1.114122
2 18 6.956090
2 29 6.135573
3 7 4.713747
3 10 7.710853
3 11 5.068423
3 24 1.694924
3 28 7.651024
3 30 9.464730
3 32 8.636288
4 7 7.830856
4 10 9.878383
4 12 9.988424
4 13 6.812871
4 16 8.187343
4 18 4.054761
4 23 2.419630
4 24 2.295254
5 6 7.582034
5 9 1.975647
5 14 1.867050
5 22 3.974575
5 24 6.677397
5 29 9.386927
6 9 8.846141
6 12 6.895281
6 17 4.284132
6 21 2.381275
6 22 8.067800
6 23 1.733630
6 32 7.967763
7 14 5.848165
7 23 2.254795
8 16 9.183300
8 17 1.321219
8 19 7.248171
8 21 7.835085
8 22 6.434110
8 24 9.441074
8 25 5.105153
8 31 6.871218
9 12 2.837164
9 16 9.758881
9 19 3.625406
9 22 1.828563
9 26 3.253067
9 31 8.583536
9 32 6.571593
10 11 9.447304
10 15 4.576766
10 19 5.485290
10 22 8.106065
10 24 2.842086
11 12 7.215015
11 16 3.189601
11 23 5.405842
11 31 5.756730
12 16 9.422718
12 17 3.712839
12 18 9.292521
12 19 4.156115
12 28 2.671997
12 32 8.095240
13 20 7.328484
13 21 3.948378
13 28 4.584869
14 18 9.692674
15 16 8.286889
15 22 4.860670
15 24 4.318834
15 27 9.540860
15 28 7.110280
16 19 8.196141
16 25 3.026132
17 21 2.304422
17 26 9.128101
17 31 9.796142
18 23 4.428557
18 29 4.032606
18 31 3.652448
19 30 9.402746
19 32 2.310432
20 21 7.900412
20 27 7.608652
21 31 2.502543
22 32 1.249011
23 26 7.677716
23 28 9.947424
23 29 7.630600
24 27 6.421122
27 30 6.130584
27 32 4.074626
28 29 7.807446
30 32 9.081536
322.998354 305.505938 402.430386 464.682106 288.312285 456.420898 222.742024 233.798980 310.740151 470.712890 462.215206 322.083929 459.861754 444.069406 414.218909 279.501576 255.084008 304.210201 234.666703 444.490206 248.742747 253.635700 455.395778 346.414789 234.421156 353.473244 484.431042 338.441990 311.017167 268.133799 228.601558 325.747184 436.551202
