500
997
0 1 10.169002
0 2 2.731192
0 3 17.977428
0 4 10.678288
0 5 10.980413
0 9 8.637230
0 10 15.772378
0 11 11.092376
0 13 12.178626
0 16 14.074844
0 20 8.764882
0 47 7.050614
0 49 7.841339
0 54 8.972195
0 58 4.740974
0 75 6.041636
0 78 13.750148
0 102 18.640242
0 104 15.813336
0 115 7.443631
0 164 14.192375
0 185 17.129322
0 186 13.188791
0 190 4.790261
0 225 11.584875
0 230 19.608042
0 264 7.642812
0 295 4.337583
0 302 19.310076
0 305 8.872097
0 343 2.741575
0 351 9.595192
0 383 7.782301
0 472 3.982217
1 2 14.964752
1 14 9.966723
1 24 10.217437
1 28 10.439187
1 36 6.729750
1 42 1.692934
1 59 5.976639
1 92 2.159856
1 102 4.088937
1 107 4.916359
1 109 11.143944
1 143 16.549031
1 169 6.638690
1 176 14.816671
1 239 16.859441
1 253 10.563097
1 419 15.517151
1 475 6.800414
1 497 14.720171
2 3 1.038918
2 4 10.618466
2 12 4.999752
2 21 13.761884
2 23 13.633734
2 28 3.685014
2 29 14.397960
2 34 1.102138
2 70 1.082892
2 76 9.830241
2 86 18.003111
2 100 14.825557
2 112 8.830060
2 119 15.885754
2 174 15.055638
2 183 13.839703
2 202 7.518469
2 211 3.721418
2 234 1.782227
2 240 8.882181
2 287 3.183425
2 396 19.593352
2 429 17.174974
2 489 4.163578
3 6 8.147557
3 7 16.784963
3 8 1.884984
3 11 19.749168
3 12 4.810739
3 21 11.308330
3 27 10.475157
3 31 3.703206
3 39 6.435255
3 60 18.665439
3 70 5.225481
3 81 5.542066
3 82 9.013292
3 87 5.498825
3 101 17.289571
3 142 3.029820
3 172 17.942718
3 199 6.083824
3 208 8.495994
3 246 9.235955
3 270 9.255300
3 275 3.279957
3 290 1.872326
3 295 8.122205
3 333 16.627102
3 344 15.841605
3 354 9.201313
3 377 4.608315
3 384 16.963590
3 408 7.606061
3 447 3.972411
3 468 14.056535
3 480 13.633259
3 490 9.955837
4 5 11.819303
4 6 1.894417
4 7 13.241857
4 15 7.667756
4 37 3.974005
4 53 7.947812
4 62 19.552837
4 66 11.222846
4 71 3.730814
4 72 7.724966
4 122 8.137081
4 193 17.283970
4 223 5.112292
4 249 19.381074
4 330 13.266249
4 416 19.255808
4 459 14.750786
4 467 6.321962
5 15 18.743388
5 65 4.342184
5 88 14.567971
5 89 9.386054
5 103 15.494149
5 120 13.726812
5 133 6.413360
5 134 3.728412
5 154 9.304370
5 156 14.049897
5 162 17.418503
5 167 13.723622
5 222 19.926726
5 241 5.809829
5 259 16.912118
5 291 2.485760
5 362 8.619237
5 395 4.751488
5 428 14.571718
5 486 15.888666
6 8 14.511060
6 9 10.320830
6 10 19.928246
6 14 8.807409
6 19 1.519650
6 22 13.966703
6 23 5.855579
6 24 17.268517
6 26 14.615036
6 32 15.387046
6 35 5.692782
6 41 13.052580
6 47 7.824782
6 57 6.359649
6 63 7.317896
6 72 3.998904
6 74 3.747683
6 77 11.963806
6 82 17.255230
6 85 12.389121
6 100 19.594042
6 113 19.311887
6 114 16.962966
6 125 3.986669
6 141 15.317444
6 156 16.961867
6 171 2.137398
6 180 13.828333
6 190 12.632892
6 203 19.459462
6 219 6.247512
6 239 14.993754
6 289 17.133445
6 326 7.450836
6 364 4.690053
6 424 18.854275
6 474 19.533349
7 266 12.500252
8 16 11.161631
8 17 18.697873
8 18 17.195654
8 22 5.819648
8 25 2.864323
8 26 16.939333
8 29 2.343090
8 31 3.583772
8 35 15.222269
8 40 18.247240
8 44 3.761490
8 46 7.467039
8 49 13.786218
8 51 10.188698
8 56 2.240931
8 69 13.508610
8 79 9.402323
8 106 1.827072
8 118 18.383263
8 120 16.499916
8 150 10.394102
8 159 14.352984
8 192 19.639522
8 209 1.727453
8 220 11.395120
8 232 12.297996
8 247 7.365836
8 255 12.197081
8 285 15.962546
8 286 19.299012
8 310 7.496604
8 336 15.556001
8 349 15.835987
8 380 7.084434
8 393 14.223297
8 410 13.243380
8 418 14.519618
8 472 6.163499
8 480 4.696515
8 487 12.167756
9 13 2.092104
9 17 7.579608
9 54 13.764809
9 65 15.792675
9 89 5.438821
9 93 1.679753
9 96 12.218142
9 116 8.344198
9 125 18.830104
9 144 16.674247
9 157 14.053787
9 163 3.642368
9 194 8.181805
9 201 1.766239
9 322 7.501724
9 417 17.261667
10 27 13.921923
10 37 2.492929
10 43 8.851599
10 88 14.207401
10 108 17.338136
10 137 5.230477
10 202 2.497252
10 214 19.272455
10 235 1.919151
10 238 2.698232
10 267 16.655367
10 381 14.252272
10 456 16.854567
11 20 5.705488
11 55 16.449478
11 242 3.450105
11 299 3.508815
11 357 19.832009
12 30 2.723664
12 50 15.131886
12 73 15.732181
12 110 17.805024
12 132 4.109382
12 232 18.327578
12 246 5.624757
12 345 9.174361
12 389 19.180090
13 41 10.562629
13 56 5.052599
13 84 4.055021
13 105 1.708499
13 127 9.634603
13 139 10.046998
13 146 4.997608
13 260 5.695061
13 341 13.064140
13 371 2.701842
13 431 2.489046
13 478 4.129531
13 493 3.845773
14 68 11.639359
14 90 15.838293
14 159 13.308236
14 196 10.333089
14 271 8.935222
14 362 18.689466
15 18 4.248809
15 30 15.354620
15 44 4.284607
15 60 17.279369
15 69 4.558740
15 109 8.623283
15 150 19.958965
15 187 18.244846
15 189 15.645738
15 198 13.837816
15 218 1.212727
15 256 12.903000
15 296 13.789489
15 358 18.671468
15 370 8.367694
15 378 1.541598
15 392 13.875214
15 448 10.281393
15 461 3.047775
15 464 2.226804
15 475 6.412339
15 498 16.998864
16 38 13.807317
16 50 7.246827
16 61 9.634392
16 62 13.411515
16 117 18.198749
16 138 12.456815
16 144 9.833972
16 145 11.350027
16 205 10.931627
16 268 8.618665
16 314 2.700364
16 342 11.062756
16 385 19.502747
16 465 17.909714
16 470 1.462224
16 496 1.526834
17 33 11.951996
17 53 18.824454
17 126 4.697511
17 229 5.421628
17 240 17.895825
17 250 18.635258
17 261 10.392618
17 276 8.570174
17 301 8.527002
17 325 10.053438
17 339 16.302360
17 372 5.840339
17 434 19.963142
18 19 11.699470
18 42 8.742987
18 97 2.393735
18 101 11.635365
18 108 7.299178
18 127 3.248216
18 128 17.610186
18 129 15.966829
18 149 1.836098
18 197 13.191880
18 229 19.117812
18 254 4.231843
18 273 18.472107
18 375 8.443397
18 462 9.978460
19 46 8.709724
19 64 18.678231
19 91 18.910960
19 452 8.787683
20 45 19.426023
20 51 7.445861
20 166 6.568583
21 40 18.988599
21 61 10.850761
21 280 9.409883
21 396 2.395002
21 449 2.106719
22 36 12.128995
22 57 10.121914
22 83 4.602708
22 112 15.428566
22 130 6.536545
22 155 17.160587
22 244 4.963728
22 317 3.489316
22 334 13.092555
22 398 9.481436
22 440 7.464134
23 25 2.436218
23 33 12.956240
23 94 16.008039
23 178 2.068541
23 374 17.808250
23 423 5.723772
24 45 8.843329
24 63 6.008008
24 135 13.125468
24 258 9.339398
24 438 14.286055
25 132 8.403511
25 151 14.422188
25 255 14.819383
25 289 9.365983
25 334 7.594485
25 420 3.988812
26 71 2.974635
26 93 6.126037
26 200 10.179942
26 210 19.849741
26 310 18.926565
26 473 8.463807
26 495 10.150469
27 52 19.142637
27 140 1.441521
27 186 6.121101
28 81 14.797021
28 105 4.720668
28 461 7.485166
29 32 8.661258
29 92 9.920097
29 106 12.228834
29 149 18.103201
29 157 15.987353
29 250 10.196908
29 282 12.448115
29 309 5.725695
29 486 8.429612
31 67 16.026576
31 110 16.462992
31 193 16.113669
31 404 11.210244
31 467 6.248665
31 487 5.110179
32 34 5.771899
32 48 6.480158
32 52 13.076742
32 143 4.717938
32 182 19.850413
32 444 13.486397
33 38 16.902751
33 39 10.431889
33 64 14.933733
33 90 5.103218
33 218 14.476101
33 220 7.095043
33 311 13.253208
33 443 2.826490
34 58 18.422591
34 115 7.904760
34 407 12.090779
34 450 3.104129
35 87 18.919655
35 122 10.422574
35 131 6.458952
35 170 1.680552
35 173 16.944320
35 204 13.234189
35 290 5.223792
35 346 17.281431
36 43 14.617988
36 66 15.566118
36 74 1.195200
36 179 13.947131
36 279 12.614863
36 285 1.115923
37 91 12.844875
37 188 2.788784
37 315 17.942315
37 419 3.401117
38 170 3.262577
38 265 4.302798
39 79 1.345284
39 119 6.957250
39 131 7.556576
39 153 5.923363
39 168 4.972737
39 282 8.126068
39 440 2.779720
40 67 18.921654
40 94 19.602786
40 262 2.522933
40 300 14.621475
40 324 9.677835
40 353 13.165949
40 430 11.647879
40 492 15.691960
42 48 13.757020
42 99 6.844456
42 123 15.998295
42 153 18.749673
42 401 12.667984
43 55 16.135580
43 68 4.593127
43 75 9.782363
43 77 15.231046
43 84 19.564758
43 114 7.907037
43 263 9.350919
43 387 6.762749
43 452 7.607884
43 471 7.744522
43 482 11.888016
44 98 1.132115
44 394 10.447965
44 398 2.882248
45 95 11.806025
45 96 6.815063
45 121 8.404194
45 145 15.399778
45 195 12.756833
45 248 4.081430
45 263 7.358839
45 301 10.235883
45 423 18.651370
46 332 1.381394
46 348 5.209584
46 426 16.035799
47 59 3.281881
47 78 1.498747
47 103 1.151784
47 148 18.683625
47 328 4.550194
47 460 5.328852
49 86 11.812150
49 172 17.119142
49 199 15.960744
49 247 8.908082
50 337 13.493095
50 339 4.310983
50 415 18.463542
51 138 4.832970
52 80 8.220776
52 168 16.240523
53 80 7.747401
53 226 5.727328
54 133 4.410620
54 146 19.809120
54 162 6.686617
56 97 19.395850
56 209 13.605729
56 498 5.174907
57 248 5.446946
62 231 1.861126
62 309 4.729913
63 118 4.411446
63 206 14.154533
64 116 18.974463
64 184 14.493287
64 277 7.187486
64 283 16.078125
64 481 19.994574
66 206 16.540288
66 479 1.378072
67 124 15.077018
67 191 10.636335
68 147 19.250295
68 175 17.406216
69 147 12.179718
69 319 5.520816
69 321 18.173535
69 456 6.290392
70 73 8.807221
70 135 12.812337
70 158 3.187758
70 272 2.955549
70 464 5.745659
71 76 17.906801
71 117 19.703132
71 205 3.955343
71 252 8.413816
71 425 7.966390
72 151 5.481515
72 215 19.326067
72 221 5.933323
72 297 19.919919
72 405 19.251908
73 95 15.163651
73 136 5.076239
73 256 19.272663
73 368 19.646465
75 121 17.723924
76 284 13.484130
77 173 4.688252
78 85 2.860108
78 98 13.186636
78 233 1.121880
78 268 9.142467
78 303 14.059690
78 365 3.333532
81 141 14.099760
81 210 11.919873
81 215 16.890494
81 484 3.385625
82 83 15.467678
82 129 15.750740
82 358 7.889230
83 111 1.647994
83 161 2.234668
83 187 9.148619
83 261 14.019018
83 403 16.188031
83 421 18.712152
84 356 6.137075
84 359 19.369706
85 158 19.890951
85 217 11.857028
85 414 4.002817
86 346 8.188751
86 357 9.651381
87 177 17.687498
87 180 15.444545
87 196 2.922893
87 245 15.935599
87 329 3.318362
87 356 17.016538
88 128 5.301167
88 296 1.759377
88 386 9.778735
88 412 5.344488
88 458 12.982423
89 111 4.280336
89 336 18.906639
89 426 12.670948
89 445 5.255170
91 99 13.137228
91 107 15.694667
91 154 17.358368
91 160 9.912744
91 242 6.037750
91 292 8.596289
92 104 4.802053
92 325 17.435664
92 365 14.710484
92 381 5.625155
92 429 17.977794
92 465 10.264358
93 181 12.881465
94 408 11.518871
95 224 3.876893
95 483 19.550228
96 281 12.297605
96 433 18.796828
97 142 1.692552
97 331 6.091022
97 351 4.516515
97 374 13.350401
97 382 8.695562
97 406 13.382428
98 347 11.497488
98 453 1.188713
99 137 14.341952
99 194 9.613822
99 207 14.944501
99 221 1.032529
99 266 7.097509
100 134 17.912273
100 277 7.013267
100 448 1.833904
101 161 5.369472
101 191 2.070686
101 275 6.975556
101 288 16.929314
101 327 18.041325
101 373 10.001031
102 163 9.636819
102 236 16.863204
102 237 18.908748
102 270 17.798649
102 326 7.915274
102 363 9.353337
102 442 17.874839
103 136 18.821244
103 259 15.983751
104 244 3.204912
104 251 9.499503
104 330 5.408012
104 477 3.500731
108 177 4.883701
108 192 1.409310
108 308 15.409748
109 123 8.997324
109 299 4.370057
109 332 18.901042
110 113 11.667509
110 175 12.566595
110 184 1.413633
110 185 13.655405
110 200 16.370812
110 491 11.265593
111 130 14.127291
114 126 17.396465
115 139 10.319734
115 140 9.317487
115 401 5.951561
116 287 6.426005
117 284 19.010933
117 393 18.800436
118 216 15.563231
119 165 16.111797
119 251 4.659057
119 369 7.166175
119 391 18.737588
120 152 7.491585
120 183 15.203522
120 307 18.193301
121 451 15.199573
122 155 15.646768
123 124 13.376761
124 376 3.145210
125 227 12.721516
125 241 9.992299
125 395 7.071590
126 148 1.850131
126 179 18.116769
126 367 19.349726
127 345 13.033080
127 477 14.263853
127 490 2.506360
128 212 10.046759
128 237 13.494233
128 316 19.360815
128 432 4.284947
128 479 1.598853
129 164 18.114382
129 181 12.764248
130 305 16.187965
130 369 2.566976
131 320 2.844053
133 204 3.731976
134 252 7.796033
134 317 18.980170
134 421 3.338980
135 390 7.528833
137 152 2.208726
137 478 13.525485
138 278 9.770911
140 165 6.630746
140 451 8.367805
140 469 17.628880
141 169 13.989056
141 213 2.147791
141 411 6.186708
142 233 8.841792
143 304 5.856803
144 195 19.922560
144 216 11.316797
144 236 9.162665
146 223 11.772315
147 434 12.398756
147 497 1.355640
149 166 2.981338
149 174 13.325306
149 176 5.271748
149 178 9.110219
149 243 10.921683
149 335 15.250776
149 341 16.246968
149 359 12.366885
149 388 19.015860
150 340 15.069758
151 207 13.211350
151 214 17.889892
151 323 2.566719
151 368 1.217946
152 201 12.312600
152 219 19.631100
152 294 14.683219
154 364 9.031197
155 160 5.392432
156 189 4.168397
156 488 2.365653
158 203 11.572430
158 300 5.063967
159 182 14.401617
159 431 5.567098
159 484 10.318634
161 335 17.364581
161 342 11.687489
162 197 8.448047
163 280 9.505106
164 264 2.642350
165 167 13.958759
165 238 5.269409
165 422 1.820552
166 361 3.962347
167 171 4.226345
167 258 11.698535
167 306 3.181493
167 348 10.667709
168 459 18.811279
170 188 14.540299
170 323 9.089725
171 245 9.465714
171 427 11.457184
171 443 18.607188
172 457 6.086371
173 390 15.760562
173 405 3.970042
177 225 18.392877
178 211 7.857595
178 294 13.150359
179 379 11.947967
180 413 18.653615
180 435 5.187958
181 212 12.145752
183 224 3.821766
184 198 17.638650
184 318 15.783979
185 217 3.558025
186 420 18.862744
187 372 1.202091
188 228 10.744694
188 329 12.438508
188 446 2.247102
189 274 18.662384
190 267 5.623007
190 463 12.459902
191 260 5.720060
191 262 4.106851
191 288 3.826248
191 433 7.494875
193 319 3.467880
194 387 7.245756
195 226 2.497023
196 231 17.198614
196 293 6.570073
196 416 13.705835
196 494 17.831178
197 312 6.832647
198 213 16.135274
198 322 13.484347
198 375 3.471829
199 435 10.139832
202 230 13.825252
203 338 7.842008
204 344 10.871275
204 352 16.076151
205 313 12.197384
206 269 15.152716
206 363 6.510455
207 208 17.154915
207 265 12.281993
207 320 10.887018
207 380 11.848420
208 227 13.301743
208 257 16.918912
209 306 16.923653
211 222 11.721953
211 291 3.036455
212 228 7.327970
213 274 14.378417
214 234 18.621933
215 302 18.764060
215 402 4.840904
217 271 1.158974
218 293 11.029747
219 316 15.335193
220 243 16.517118
220 254 9.090425
220 361 4.494934
221 269 2.041629
222 276 13.188442
222 278 14.610983
222 286 10.702051
222 340 10.242357
222 349 1.495144
224 283 4.641820
224 303 12.214439
224 457 11.661224
225 249 6.513646
226 253 12.560072
226 343 10.428509
228 235 14.496719
229 397 1.492026
230 347 9.210628
232 273 1.543200
232 360 7.637883
232 399 5.620000
234 318 1.406723
234 366 14.085468
234 427 1.485416
234 430 16.099293
235 279 5.633583
235 298 2.841166
235 415 4.623912
235 468 15.146792
237 438 17.012075
238 298 7.017180
239 321 5.860171
239 327 19.509630
239 439 7.610346
242 493 12.540324
243 331 2.399800
243 382 15.205275
243 418 5.502885
244 308 15.662742
244 489 7.023391
245 257 12.643297
246 476 5.694147
253 350 6.510727
254 488 19.346696
255 281 1.630393
256 350 2.550751
258 324 13.588192
258 337 18.172134
259 272 1.604258
259 338 16.051753
260 385 16.265824
260 437 2.207317
261 315 17.547613
261 411 4.013721
262 328 10.493951
264 499 13.105625
266 460 3.687706
273 404 13.422822
274 297 3.139718
274 307 11.309072
274 377 9.990207
274 445 14.791695
276 458 2.003870
277 386 5.813953
278 333 16.186173
279 353 8.235791
279 389 6.658729
280 436 2.162210
281 367 12.784908
282 312 10.818517
282 313 12.838891
283 436 3.492788
285 292 4.761384
286 366 17.754101
292 360 7.870613
293 422 1.842906
294 455 19.010509
295 441 6.029302
296 304 15.390046
296 311 14.455192
296 403 8.151806
298 314 1.392303
302 391 5.854130
302 407 7.723900
303 355 8.153916
304 354 9.209721
305 397 16.526648
310 370 18.898833
310 409 1.157950
310 446 3.794315
311 414 15.599500
312 476 1.788678
318 376 6.393291
320 442 6.338627
320 453 6.620613
320 454 4.537591
324 424 15.705029
326 378 4.965162
326 449 16.865744
328 400 18.289811
329 355 2.494396
329 466 14.411109
331 470 1.370314
333 410 2.458077
338 499 8.120568
342 383 8.017833
345 428 18.828645
346 384 1.606122
347 352 12.409878
347 399 3.005730
348 371 15.724475
348 402 10.180393
350 481 4.848670
351 394 12.423299
351 447 18.859675
351 482 18.709877
355 425 1.559028
361 406 18.931549
361 417 1.873001
362 400 10.555989
362 496 12.685106
364 437 11.771280
364 450 4.721283
367 466 6.409805
368 373 7.070005
370 444 2.859140
372 379 3.132906
375 463 10.974175
378 454 13.300125
382 455 1.590857
383 412 17.653725
384 392 15.461305
385 388 5.767591
387 413 12.894479
390 471 5.111384
391 474 8.345855
405 409 19.710454
410 432 6.203282
414 495 8.432825
418 439 11.876139
419 483 6.577802
420 469 7.697416
421 473 14.890217
428 492 19.366172
433 441 12.404764
433 491 5.690644
434 494 10.223558
439 462 7.050608
463 485 3.708035
466 485 6.008672
6.002879 21.647631 19.913135 18.224438 19.510395 6.965465 14.740430 20.494536 7.951309 23.951954 8.958814 5.609044 14.130473 13.116951 23.815107 17.110298 7.166663 11.492972 13.015413 19.595386 19.753675 18.528434 15.409098 23.564976 18.594636 11.533298 10.591301 20.264829 10.520445 10.927088 18.444211 16.397056 24.855304 15.827842 20.052942 22.820756 19.654593 10.817851 24.527842 20.662007 13.922256 13.904795 22.910450 10.024799 10.494694 17.960216 22.970847 9.807370 21.540262 15.298099 6.343580 17.872832 22.357178 11.894393 13.277306 7.216373 19.875706 11.271833 8.403921 8.296445 21.082242 5.360260 8.448351 6.991551 18.727726 23.427819 10.266009 10.699718 20.511500 8.270815 9.894514 15.043087 9.744100 12.011391 10.192426 5.776202 16.235103 18.648702 16.698975 7.677640 11.215789 10.278606 17.122297 15.688623 22.097049 15.444083 19.106184 14.976940 6.753304 15.163082 23.676585 6.993665 22.487153 16.140994 18.549360 21.975438 12.441285 12.473436 6.542677 21.476178 11.993024 24.993830 16.162220 21.946016 12.657803 20.099022 22.416630 23.695994 15.705310 17.740471 19.517868 5.371503 22.399401 24.215696 22.642967 13.464318 19.871853 9.655222 21.296637 12.082796 19.084647 11.641911 8.991231 16.375659 17.033261 14.713953 18.798329 5.992225 15.783474 10.004659 16.370680 9.435786 20.731356 8.836044 6.598580 20.725266 13.273137 13.436550 11.862350 24.364210 20.879644 24.637980 8.499859 24.205792 11.634422 17.675155 18.622759 14.115308 11.580539 19.379816 20.851250 5.483657 23.212394 20.539888 21.265126 13.186992 14.122544 12.878075 16.624017 18.427002 12.186819 9.440844 17.331817 11.733101 5.641746 15.866635 11.902292 11.955947 7.983035 19.801478 15.720390 12.542210 14.960389 9.469293 13.034954 14.719382 21.536066 17.605457 6.981461 8.039998 5.093367 24.557149 15.977380 12.469135 22.300752 21.050076 22.849030 17.087748 17.624941 22.493403 17.278205 10.181936 18.327599 19.354545 18.877566 8.185373 10.368949 8.035924 24.156672 5.559030 11.810550 6.590737 5.763471 17.981531 20.140497 10.855342 13.856278 10.081372 19.615019 21.145045 9.604445 20.328067 15.303475 11.702777 10.056264 16.201374 17.084097 11.747038 22.371092 21.686912 13.324841 10.156165 13.742225 12.114925 12.409424 7.378572 16.705016 19.920691 20.690433 5.116446 18.270454 14.528572 5.517177 18.261975 13.778873 7.665005 19.759863 16.299805 22.874530 11.733778 24.003975 8.492027 12.769254 16.832417 22.591945 18.562125 9.010185 5.300866 12.353837 20.035235 9.386330 24.130359 16.319413 24.638976 13.862882 22.044878 6.250735 6.073594 24.039134 10.077278 22.607539 11.811218 23.063860 12.719200 9.770637 23.471220 18.215161 21.707472 11.625603 19.249659 14.924488 5.269008 6.370155 16.049155 7.033386 17.237021 8.517993 6.229817 15.487904 18.484150 14.571412 21.604583 10.882557 23.776609 8.806209 16.602902 19.127225 9.362477 8.398862 10.279559 9.473321 5.765302 21.591898 15.609970 20.104050 10.131903 21.238235 12.808020 9.060832 17.268505 20.145857 14.726885 13.691597 21.593077 5.418527 10.161207 13.425031 17.290298 11.471979 14.485052 21.880196 15.221090 15.835790 11.281094 15.918960 12.535432 6.965912 9.790526 20.501987 6.317569 16.725125 21.152048 11.998959 19.699850 16.024058 15.511823 7.770706 22.136845 14.411022 6.253602 12.901044 14.038972 5.662497 24.573636 15.848309 21.247077 20.181645 6.307143 19.547007 19.239478 16.769513 20.044297 20.285060 12.987163 22.749905 20.631411 12.820136 17.522439 21.709318 19.214809 6.178003 10.451824 17.554027 24.383259 16.983285 8.845797 22.751597 17.247119 17.222893 16.738198 10.412893 5.922138 15.619325 8.004694 15.959060 13.593640 17.696720 17.796147 14.643119 9.342654 14.836194 19.203177 7.673707 6.989692 5.784419 14.848220 20.115531 16.516354 24.455478 14.297199 10.881827 11.578901 17.197473 16.371891 17.977283 23.014414 9.237941 8.608364 18.934818 6.436277 13.949325 11.603788 14.179122 24.618086 18.018976 9.364529 24.966881 15.747435 11.807811 20.320382 5.738121 13.891528 5.097290 11.355553 8.812338 21.129819 18.222027 22.161825 10.002276 7.096258 20.354797 13.529361 22.817354 17.269582 22.323804 11.677552 11.553921 17.503350 16.116254 9.214794 12.493520 12.148566 7.590468 23.622219 16.301330 13.974126 22.621877 8.280495 22.144504 8.794520 17.709719 9.153393 20.471484 18.320661 18.665184 19.593465 24.035103 15.576703 17.088803 21.104948 20.249291 11.165203 8.986647 22.273958 23.312420 11.609351 20.718150 9.034225 21.623499 24.878775 10.345802 22.057293 10.023598 23.512091 15.470417 7.321644 7.133158 19.623752 17.179200 7.657842 15.807259 7.503890 23.038226 11.808626 17.454539 11.742129 22.851848 7.734893 12.535940 23.861027 18.165072 22.462448 23.399392 14.727296 19.641148 5.983656 16.861842 8.889901 8.229669 11.706581 13.652630 24.776247 18.634462 22.255180 19.084927 7.654362 24.257240 9.590242 12.789534 16.487233 15.743150 24.870550 15.664513 7.747815 21.803777 18.800004 16.527123 24.730571 8.417809 8.573745
33
114
0 1 4.579920
0 8 9.510843
0 11 3.620979
0 19 7.406512
0 20 3.468817
0 22 6.509521
0 23 8.919776
0 25 1.827417
0 31 6.840671
1 6 2.429676
1 11 5.090919
1 13 3.081737
1 15 5.522927
1 23 2.347624
1 27 7.182940
1 29 9.599242
2 3 9.858387
2 4 3.759408
2 6 8.627698
2 22 6.821239
2 29 7.989442
3 4 1.126629
3 6 2.484639
3 17 6.021271
3 20 6.430812
3 21 1.938895
3 22 1.221478
3 24 8.747070
4 5 7.072706
4 10 1.043635
4 14 5.416428
4 16 3.374316
4 22 1.200924
4 29 1.373147
4 30 3.575621
5 9 7.207419
5 24 7.259617
5 32 1.035184
6 9 1.470156
6 11 6.288291
6 14 4.291204
6 17 3.312121
6 21 5.062946
6 25 6.880643
7 8 1.483790
7 10 4.920501
7 15 4.621687
7 25 2.066700
7 26 5.437922
7 32 5.215423
8 14 4.392804
8 20 7.963049
8 23 2.725766
8 26 1.273017
9 18 6.351583
9 26 4.191431
9 27 3.143819
9 30 1.626805
10 13 4.682645
10 15 6.076113
10 25 2.452808
10 28 4.002289
10 29 6.545970
11 16 3.202664
11 22 6.505152
11 31 9.459595
12 13 3.636110
12 22 3.909820
12 28 8.252110
13 18 5.469533
13 19 3.970666
13 21 9.731168
13 23 9.579506
13 24 3.891214
13 27 1.421587
13 31 3.150418
14 18 2.289242
14 20 2.601874
14 25 9.470737
14 27 8.607859
14 31 4.218962
14 32 1.201771
15 16 7.431650
15 24 2.660933
15 25 7.474482
16 21 5.053480
16 30 2.220154
17 21 1.005848
17 23 3.040565
17 24 9.445092
17 25 1.737747
17 32 8.680868
18 22 1.362304
18 23 4.941322
18 25 5.202055
18 30 7.116563
18 32 2.491379
19 24 1.828019
19 27 5.513038
19 28 8.059833
20 22 6.273269
21 24 6.364870
21 30 6.291869
21 32 9.783756
23 25 2.385004
23 27 3.584908
23 31 2.343119
24 25 2.682259
24 29 5.930318
24 31 5.848339
25 29 7.026767
26 27 3.107856
26 32 5.347515
29 31 4.410113
505.875079 474.119619 388.567566 478.275481 389.637941 224.894922 461.232075 262.831829 401.805670 500.087715 487.421187 427.756129 253.768752 439.245736 452.643001 498.367456 462.889376 268.678608 261.460091 228.739535 386.196732 436.008842 225.308867 478.432232 431.825829 454.249323 512.489088 350.938347 508.557970 476.309798 426.745874 508.716362 384.378837
