600
1197
0 1 7.364597
0 2 14.832208
0 3 14.064059
0 4 18.749559
0 5 15.437894
0 8 18.763455
0 14 18.904412
0 15 7.807227
0 19 13.900446
0 26 19.894680
0 27 4.437538
0 28 2.430969
0 29 15.853543
0 43 10.906903
0 52 13.768311
0 59 5.223461
0 61 6.116676
0 69 1.799958
0 72 16.428752
0 79 8.950549
0 92 14.905941
0 103 2.854989
0 105 18.266565
0 109 8.308701
0 126 13.116103
0 146 11.647036
0 153 18.340224
0 160 9.775207
0 196 10.551197
0 200 4.678152
0 209 8.445089
0 263 7.270868
0 273 9.145206
0 307 10.633568
0 324 19.494218
0 325 12.544830
0 333 6.504932
0 360 7.436084
0 389 2.831347
0 420 4.679382
0 446 19.226591
0 448 11.999234
0 469 7.958098
1 2 6.171863
1 10 1.699017
1 15 5.662718
1 21 15.779908
1 25 10.537891
1 39 11.004563
1 49 2.604888
1 51 5.877312
1 55 11.646252
1 56 7.195591
1 58 6.940820
1 62 15.316165
1 83 6.928757
1 95 3.764818
1 116 13.036369
1 149 17.209434
1 155 12.699237
1 170 12.176857
1 179 11.820362
1 218 4.880282
1 243 10.180222
1 291 16.794734
1 346 16.604763
1 364 15.549910
1 399 10.330094
1 401 16.054053
1 421 18.043205
1 454 2.951117
1 489 19.186345
1 545 4.985021
2 3 12.462553
2 6 10.126549
2 13 11.803501
2 32 10.531677
2 77 7.273521
2 89 5.442985
2 98 3.255948
2 107 4.673042
2 124 14.980337
2 125 9.605458
2 166 4.169291
2 168 15.316283
2 308 5.212796
2 340 5.548174
2 352 2.102299
2 400 19.156534
2 432 4.750430
2 444 1.368978
2 480 7.133065
2 572 4.895113
3 4 1.261799
3 5 2.670904
3 6 8.088098
3 7 10.716470
3 9 13.504662
3 11 12.267704
3 16 18.724220
3 17 5.480593
3 21 2.728339
3 23 11.455884
3 47 16.379480
3 48 10.424643
3 57 8.498999
3 62 9.297785
3 63 10.954112
3 64 14.761305
3 67 19.162108
3 68 13.473390
3 81 8.224542
3 86 12.486532
3 113 10.925863
3 114 10.672069
3 116 6.623235
3 119 8.849509
3 122 13.599360
3 157 5.309335
3 169 1.910497
3 177 4.751467
3 182 17.641083
3 184 5.883014
3 193 10.148704
3 195 5.779201
3 220 8.628648
3 230 19.533331
3 237 3.527763
3 256 8.326363
3 266 2.953892
3 286 15.118234
3 306 4.977870
3 318 17.085656
3 319 3.125475
3 335 10.077627
3 377 17.719540
3 443 3.171685
3 455 10.211338
3 464 8.781400
3 490 14.768259
3 515 4.328596
3 528 15.864205
3 537 1.688120
3 548 10.561821
3 563 13.180869
3 575 3.778282
3 583 6.938333
3 585 15.726345
4 14 14.258031
4 20 19.411095
4 27 11.310264
4 39 19.087477
4 64 15.932761
4 112 17.213130
4 138 15.779079
4 180 11.320006
4 216 15.231999
4 301 8.921016
4 354 15.814934
4 487 13.809250
4 553 9.198750
4 590 5.366646
5 8 1.112848
5 12 1.929832
5 16 19.638168
5 31 2.141732
5 85 10.225734
5 334 13.489217
5 348 6.360456
5 482 6.480945
6 7 3.268857
6 9 14.807890
6 13 17.177917
6 17 18.916463
6 18 12.444979
6 26 12.114720
6 33 4.948646
6 41 7.485377
6 58 1.123779
6 63 9.961916
6 87 13.959430
6 123 3.521940
6 143 13.831363
6 205 2.352539
6 258 13.711785
6 269 4.482266
6 334 11.472933
6 364 6.958433
6 519 1.356584
6 522 14.123857
6 554 1.137009
6 556 13.104249
7 12 15.021521
7 22 3.546454
7 54 1.517496
7 74 7.760191
7 92 2.072027
7 137 15.529828
7 182 5.959587
7 199 7.012688
7 300 5.235536
7 465 7.404809
7 467 10.914946
7 560 14.511917
8 18 7.651331
8 24 8.046744
8 30 13.796031
8 33 12.848425
8 35 19.686829
8 37 12.982285
8 44 15.259760
8 53 18.240469
8 70 16.660561
8 76 3.709765
8 79 15.438968
8 80 15.346286
8 94 4.318488
8 126 14.554032
8 144 14.841050
8 197 3.013849
8 198 16.492217
8 238 10.283428
8 332 13.565566
8 333 12.286249
8 345 12.387479
8 373 5.387388
8 496 15.237303
8 536 15.553394
8 592 18.883949
9 10 16.028517
9 45 19.714409
9 53 7.670026
9 60 16.609952
9 90 18.354570
9 128 8.221894
9 139 16.113151
9 291 11.411990
9 313 14.044546
9 371 6.895847
9 379 7.222034
9 527 9.197185
10 11 18.452081
10 29 14.067133
10 34 4.617075
10 41 2.338557
10 54 14.041679
10 70 14.000444
10 130 6.264905
10 245 4.677233
10 458 11.468814
10 478 14.621329
10 479 17.954988
10 491 11.196759
11 40 8.618279
11 56 6.652285
11 68 8.005094
11 121 10.849234
11 190 15.557913
11 510 6.417627
12 20 18.262912
12 22 11.815191
12 69 18.520056
12 71 14.144128
12 166 17.238471
12 210 5.537699
12 213 1.592936
12 230 8.543766
12 313 13.717071
12 368 6.471906
12 448 2.123046
12 538 7.008784
13 88 12.201104
13 140 13.363960
13 218 6.352779
13 457 10.460121
13 540 12.064231
14 19 10.244640
14 42 1.896151
14 74 13.439514
14 175 9.769224
14 205 18.691393
14 411 8.055839
14 428 14.957337
14 497 19.963737
15 40 3.621271
15 81 1.312774
15 99 11.006713
15 118 14.796459
15 285 16.955030
15 325 19.815133
15 381 18.356159
15 432 10.115960
15 444 19.444193
15 473 3.364816
16 113 10.948939
16 413 4.355800
16 518 18.418517
17 36 13.495992
17 37 16.992071
17 43 2.412900
17 46 10.513939
17 82 3.847704
17 141 6.689947
17 206 8.328898
17 253 11.530814
17 257 5.209855
17 314 2.517814
17 329 1.299638
17 350 9.211362
17 361 1.095227
17 544 18.845213
17 577 3.029167
18 47 4.254178
18 91 5.615370
18 121 3.442239
19 48 6.927838
19 97 1.254108
19 102 18.338305
19 118 3.358095
19 141 14.137672
19 371 3.973526
19 480 6.089645
20 28 10.465842
20 32 9.015292
20 46 14.006352
20 104 16.403473
20 110 10.797269
20 142 16.330044
20 235 5.474159
20 254 6.822358
20 287 1.301027
20 294 12.547332
20 305 7.893384
20 317 10.357084
20 319 16.526498
20 393 9.597708
20 397 18.812933
20 416 10.483070
21 25 3.813821
21 35 19.547874
21 55 19.684256
21 86 4.787899
21 96 6.408005
21 262 3.073110
21 274 7.695484
21 314 16.981910
21 336 19.592373
21 375 3.836588
21 377 12.206265
21 440 8.759643
21 463 2.006246
21 586 4.464334
21 597 15.599347
22 23 2.231719
22 67 16.266603
22 93 18.113191
22 131 13.404203
22 162 7.202906
22 183 11.086679
22 296 19.375901
22 417 7.587814
23 24 9.303402
23 34 18.553226
23 167 16.684229
23 229 7.425333
23 277 10.385581
23 412 6.748949
23 414 6.993041
23 468 14.624428
23 501 9.478794
24 31 7.226211
24 76 5.665444
24 82 3.110811
24 95 8.845696
24 104 16.604597
24 107 14.907001
24 135 6.643199
24 273 2.733894
24 338 17.037887
24 353 16.324105
24 403 9.039316
24 419 2.340045
24 430 10.008432
24 484 14.891387
24 522 1.086904
25 57 4.165820
25 125 6.446502
25 153 2.754916
25 211 16.939285
25 227 5.006105
25 282 7.494706
25 340 8.495572
25 438 13.709977
25 442 5.743916
25 461 17.097102
25 496 3.510494
26 105 4.392275
26 254 11.217374
26 466 14.981522
26 495 18.176219
27 120 17.175947
27 429 9.854234
28 30 4.859119
28 129 19.029022
28 306 8.505368
29 72 15.811290
29 87 8.710949
29 98 10.644597
29 101 11.206850
29 110 15.011508
29 191 9.257046
29 232 4.873483
29 268 15.000872
29 327 8.557581
29 382 10.801695
29 500 19.069927
30 165 5.394740
30 311 13.621119
30 388 8.401930
30 502 12.043897
30 550 6.886944
31 42 3.732277
31 80 5.769928
31 139 11.074234
31 249 10.860426
31 266 9.655136
31 524 11.199857
32 38 18.479986
32 49 6.997940
32 50 15.943666
32 115 16.950785
32 227 15.233610
32 292 1.326973
32 538 5.225492
33 108 13.181274
33 152 14.716308
33 159 18.319139
33 201 16.349015
33 422 1.124883
34 36 3.826771
34 45 12.207506
34 148 5.878486
34 151 9.060124
34 164 1.226935
34 178 3.358394
34 236 6.632553
34 259 9.652359
34 288 8.306933
34 289 11.223532
34 298 18.642745
34 344 14.492629
34 391 7.728983
34 482 9.923167
34 508 3.086473
34 574 18.567900
35 50 12.897547
35 558 14.529964
35 563 14.033802
36 136 18.525181
36 147 13.638153
36 367 2.853762
37 38 5.471271
37 51 11.403144
37 91 5.569785
37 167 11.360631
37 223 17.233556
37 307 11.477215
37 342 8.780072
37 357 17.176575
37 372 5.477416
37 405 5.081203
37 498 13.715727
38 151 5.891673
38 583 14.775906
39 365 18.570640
39 541 17.845044
40 103 19.425810
40 160 13.459273
40 204 18.691567
40 219 3.713013
40 269 8.606389
41 59 3.987298
42 44 7.492149
42 93 4.647198
42 127 6.347248
42 158 3.918979
42 161 15.342766
42 194 16.636804
42 198 7.736503
42 231 17.326122
42 234 5.549085
42 261 14.538079
42 326 12.173773
42 386 11.449164
42 511 12.677666
42 539 12.487327
43 60 12.376930
43 119 1.662461
43 155 17.600762
43 511 17.888601
43 599 8.163364
44 235 8.587183
45 94 8.434836
45 114 4.672864
45 124 6.145263
45 202 12.221070
45 222 10.509052
45 369 19.378286
45 370 18.384721
46 52 2.539285
46 66 19.876848
46 78 14.677811
46 241 16.244900
46 259 3.249533
46 289 2.128406
46 399 16.251995
47 102 17.512065
47 187 10.680847
47 297 9.177724
47 456 11.141391
47 500 2.614477
47 516 17.547553
48 65 18.521006
48 117 7.335450
48 398 16.964224
48 423 7.072539
48 483 10.481325
48 510 12.046876
49 89 12.923279
49 271 4.549521
49 467 12.977457
49 508 13.790701
50 108 16.200893
50 127 15.039268
50 138 14.610442
50 147 15.099992
50 296 18.857703
50 310 2.838789
50 575 1.044525
51 61 4.377203
51 75 17.318076
51 131 13.059825
51 240 13.976349
52 66 1.418218
52 73 19.678361
52 84 10.406728
52 238 8.309163
52 562 14.913165
53 65 15.224873
53 214 9.348517
54 129 13.655350
54 144 1.541484
55 73 4.458779
55 145 12.339498
55 154 17.330496
55 188 2.230668
55 192 15.690342
55 246 10.759655
55 287 19.108469
55 303 13.040961
56 75 15.151260
56 78 15.956273
56 106 18.983506
56 111 4.662526
56 120 3.746568
56 130 8.158479
56 252 8.094836
56 267 3.684184
56 276 11.573740
56 321 19.786415
56 396 7.089509
57 275 17.625171
57 453 8.141362
57 460 6.009713
58 134 19.148674
58 322 15.802804
58 342 12.053731
60 84 3.226744
61 449 10.062413
62 133 10.920096
62 156 14.343951
62 264 4.527331
62 321 17.116138
63 71 9.004844
63 99 2.745761
63 193 8.311784
63 363 16.301969
63 374 4.974386
63 411 9.399935
64 249 17.872203
64 427 11.240995
64 553 10.863852
64 595 18.717475
66 77 11.884374
66 83 8.037410
66 328 19.876210
66 380 6.262413
66 396 12.661336
67 115 1.093510
67 471 1.125245
67 473 9.859890
67 552 18.962939
68 164 11.256603
68 531 13.460580
68 558 10.380368
69 394 15.035387
70 173 7.980170
70 425 19.789503
70 588 13.779740
71 436 14.341916
71 504 2.453974
72 168 5.230459
72 204 8.242343
72 234 14.845767
72 309 18.595199
72 355 9.883949
73 135 10.753323
73 177 12.068541
73 256 17.475201
73 262 17.672258
73 374 8.817818
73 471 16.781648
73 475 13.362442
74 101 10.914449
74 221 1.903867
74 486 14.060705
74 576 17.580820
75 90 8.275533
75 97 2.743421
75 146 7.846471
75 202 5.744844
75 224 11.095500
75 248 10.455700
75 441 11.581121
75 525 2.620799
76 117 14.532382
76 128 17.544697
76 132 7.394321
76 134 7.808235
76 145 4.196151
76 189 2.945092
76 251 4.294025
76 252 17.376346
76 330 9.819744
76 582 19.331272
77 180 5.419711
78 88 11.769824
78 369 6.605885
78 433 18.716467
78 436 8.526571
78 442 6.262196
79 85 11.337514
79 96 6.701580
79 208 6.682513
79 217 5.681697
79 278 6.212633
79 392 1.163730
79 400 12.658563
79 455 16.225689
80 123 15.491088
80 143 16.454133
80 461 2.636057
80 559 19.704466
81 137 11.183765
81 142 7.290299
81 433 10.873098
82 386 3.422240
82 401 14.172740
83 336 7.149356
84 149 19.789957
84 176 17.168184
84 415 12.369540
84 470 11.562437
84 492 12.548429
84 501 1.241123
84 571 16.930275
85 187 19.528534
85 309 11.923959
85 453 4.634166
87 546 17.728420
88 109 3.154196
88 470 18.517488
89 335 18.622597
90 292 16.870911
92 106 1.330215
92 181 14.636483
92 186 2.890097
92 222 18.991397
92 243 5.647736
92 281 4.175195
92 341 17.955460
92 382 14.048667
92 550 8.678678
93 112 4.700714
93 140 4.343784
93 215 2.780113
93 329 12.162621
93 357 10.729676
93 365 8.260025
93 573 13.284923
93 581 5.671776
94 485 18.473415
95 100 1.161645
95 122 10.689579
95 150 9.273643
95 236 12.174423
96 195 11.254880
96 279 12.315321
96 337 15.480354
96 375 8.108073
96 423 15.506363
96 537 14.007083
97 100 8.976548
97 162 14.495154
97 169 9.727281
97 209 8.059729
97 228 17.889226
97 293 6.024540
97 366 1.712652
97 383 3.339283
97 415 11.214557
97 426 14.733008
97 454 3.669342
97 478 6.068729
97 505 13.017510
97 534 3.557271
97 549 2.880975
97 582 17.038787
98 194 18.942792
98 393 9.924903
99 217 6.763382
100 226 16.676351
100 539 7.892727
101 210 15.833099
101 457 18.451092
101 526 6.271648
102 175 11.088122
102 439 5.607800
102 456 12.461842
102 545 9.697920
103 188 11.222352
103 379 10.978709
103 584 8.644588
105 111 15.866829
105 133 4.576819
105 179 5.255137
105 283 5.320047
105 476 2.757912
106 315 2.822016
106 326 5.558724
106 499 3.081938
106 536 9.387049
106 594 18.262717
107 163 19.771063
107 530 9.124485
108 174 5.710834
108 199 3.449758
108 213 3.052212
109 351 3.965669
110 559 11.088244
112 152 8.654912
112 170 17.524963
112 280 19.389806
112 384 12.421585
112 543 8.267116
113 171 3.630575
113 173 14.570516
113 178 17.447380
113 224 5.295978
114 150 11.120142
114 331 2.413165
115 253 4.080102
115 464 15.325122
115 535 18.366108
116 158 10.583409
116 171 14.337582
116 247 1.353259
116 527 7.977714
117 360 5.883796
118 481 2.517279
119 148 3.213594
119 225 19.631963
119 474 4.555710
120 239 18.598928
120 246 11.454602
120 271 13.836407
120 398 19.055565
120 542 3.955361
121 136 4.290925
121 165 19.880921
121 275 14.547425
121 345 7.520868
121 409 2.461055
122 362 7.253399
122 535 12.543476
123 132 10.144552
123 159 17.521268
123 183 6.860991
123 272 13.353262
123 280 12.000948
123 347 16.968612
124 250 8.847306
124 305 7.053247
126 184 3.331081
126 197 6.645231
126 228 6.751991
126 299 14.388853
126 320 4.740669
127 316 2.439548
128 190 14.411467
128 407 8.580146
129 154 5.442580
129 161 8.399536
129 206 1.077107
129 355 19.725491
130 356 6.578264
130 506 7.870573
130 520 10.977804
131 437 9.844403
132 354 13.844257
132 459 13.949745
133 452 2.836208
133 566 18.360701
134 181 7.691994
134 311 7.002441
134 506 14.741681
135 304 9.560988
136 212 1.004938
136 265 13.424743
137 207 18.070500
138 223 11.153264
138 295 16.074535
138 578 3.088587
140 264 18.402169
140 459 19.934310
141 157 6.225992
142 174 5.824332
143 172 4.210715
143 277 8.259488
144 299 12.853507
145 215 11.053230
145 220 16.066183
145 330 16.480548
145 372 17.954123
145 402 13.100061
145 570 6.065523
148 564 14.460573
149 251 11.457093
149 530 10.571350
150 156 13.220808
151 308 18.675293
152 286 4.070316
152 290 1.414719
152 348 2.089756
152 352 11.893174
153 163 19.227489
153 192 9.848438
154 426 15.126704
154 549 9.278964
154 593 17.037990
156 263 11.406517
156 408 6.139293
157 186 4.434978
157 189 4.097019
157 221 1.445397
157 378 3.824535
157 477 12.459351
157 568 5.350654
158 270 1.523862
158 272 5.704525
158 439 11.510572
159 172 15.120427
159 242 6.441206
161 211 17.162757
161 295 3.486902
161 370 5.380552
161 395 13.228344
161 443 2.578134
161 445 13.496193
161 509 10.386239
164 260 13.846497
164 270 6.904685
164 324 6.738632
165 298 2.472201
166 185 16.284456
166 304 2.364127
166 328 15.244254
167 176 14.890279
167 397 4.450691
167 488 5.650332
167 499 7.706535
168 438 14.200396
169 434 2.529679
170 406 17.336384
171 185 9.499651
171 255 8.521381
171 451 3.433020
172 318 13.624582
172 358 3.094850
172 512 14.982769
173 191 17.306213
173 200 7.940414
173 219 19.139605
173 233 19.796392
173 276 9.013152
173 390 3.565749
173 484 13.845535
173 560 11.718800
174 196 5.419766
174 380 11.238245
174 387 8.446163
175 203 18.231877
175 241 10.130336
175 385 7.151271
175 388 2.428589
176 226 15.488959
176 449 1.388177
176 569 4.939409
177 244 16.560813
177 353 9.329789
178 201 11.072810
178 212 7.131401
179 337 19.626666
180 248 1.673666
181 207 6.122293
181 528 6.426583
182 242 19.507380
182 592 9.949021
183 327 4.823954
185 468 6.688589
186 486 16.764962
188 341 9.504524
188 381 11.937998
189 247 14.449921
189 580 2.387069
191 229 4.715332
193 323 3.791253
195 239 18.941538
195 421 9.078487
197 312 11.464614
198 245 17.332173
199 203 10.641438
199 420 18.127323
200 237 8.390742
200 265 6.351521
200 384 8.048238
201 208 4.585790
201 409 4.988636
201 446 2.578762
201 472 2.623189
202 346 17.146100
202 391 2.935040
204 515 4.409920
206 317 15.772631
207 216 5.214182
207 244 13.984103
207 284 14.735568
207 362 18.473354
207 469 15.305549
207 489 2.016541
207 547 9.490721
208 406 10.299539
209 359 3.270139
210 214 12.670749
210 260 8.033500
210 472 9.538341
211 516 18.839610
212 599 8.676198
213 255 12.016791
213 476 12.062231
214 250 11.856316
214 258 3.710033
214 267 7.197057
214 578 15.841142
216 232 7.903340
217 418 19.588733
219 225 4.601805
219 240 17.448709
219 339 14.120698
224 231 5.415682
224 383 19.765760
224 587 4.645523
228 294 5.723184
229 261 12.494232
229 322 9.570018
229 395 18.576116
229 418 19.093401
229 581 13.026130
230 368 3.161007
231 233 15.251248
232 344 2.704856
232 347 2.344101
234 257 1.903360
234 288 7.540850
234 343 12.287038
234 349 6.561788
235 332 5.105707
238 297 19.477968
239 481 4.432716
239 521 19.360259
242 413 9.747021
242 416 1.658317
242 424 19.607812
242 598 3.013607
243 268 7.538942
243 351 4.015782
244 414 18.777286
244 517 10.385743
245 363 8.442915
245 533 16.738010
248 312 11.288372
248 320 2.643121
248 493 18.404448
248 523 1.319539
249 465 4.737762
250 293 18.451402
250 402 16.683030
251 392 7.552727
251 404 17.543630
251 572 19.872544
252 490 1.726268
252 495 6.711250
252 532 16.638567
252 594 2.591486
253 579 13.718224
254 503 12.422057
256 361 1.065205
256 577 3.539229
257 452 16.331002
258 279 16.434953
258 331 6.745518
258 593 16.929362
260 283 8.651833
260 343 13.654610
260 466 15.402505
260 485 10.481323
260 542 3.716741
261 435 16.155717
261 450 4.450362
261 532 18.085254
261 580 18.102695
262 541 18.565478
263 282 18.134423
264 557 6.955807
265 274 6.413616
265 284 7.108034
265 376 13.813419
265 487 3.094291
267 567 2.889448
268 278 19.285725
271 412 5.779042
272 281 7.527642
273 303 2.417343
273 596 12.933933
274 302 9.031547
274 584 15.475933
275 494 2.316152
276 569 1.608393
277 300 15.016994
277 425 18.518620
279 316 12.209911
280 378 1.498759
280 447 12.662516
282 290 9.267169
283 285 3.616002
283 358 1.023243
284 447 16.070946
285 475 17.381573
285 573 15.330037
285 586 15.547468
286 445 12.774485
287 323 5.925612
287 419 6.318454
287 431 11.113572
290 301 11.019254
290 310 5.955849
290 405 13.304665
290 462 7.369575
290 547 6.713036
291 350 5.747889
292 302 14.575966
294 349 19.863242
296 434 16.791742
296 497 3.880788
296 514 17.000093
298 376 13.148175
303 315 11.076836
304 561 7.468864
305 410 10.168767
305 441 3.955582
308 533 17.251787
310 458 8.655997
312 589 9.347172
315 339 4.587812
317 543 14.444766
319 408 18.650128
320 367 19.154761
320 514 11.500812
322 587 12.233293
324 373 13.614763
326 450 13.554897
327 417 6.999940
327 479 1.770205
327 509 11.271678
330 366 2.971955
332 356 1.686782
332 422 16.916732
333 491 1.316608
334 338 14.274939
336 565 19.085027
337 430 16.391338
337 494 14.380023
338 359 10.467142
338 561 1.926734
338 591 19.328581
339 517 2.377987
341 529 15.707262
344 520 10.009130
344 529 5.057298
347 390 14.849263
348 524 2.245141
348 526 19.612799
351 513 4.098138
352 504 18.044422
353 407 9.983699
356 435 15.569182
357 519 3.762196
358 424 11.897793
361 429 2.978645
363 389 15.157790
365 394 1.512347
367 403 3.968028
369 462 18.923537
370 387 13.275920
372 597 3.874577
373 404 15.737883
374 556 8.801598
375 565 7.963183
376 551 4.391312
377 507 1.954744
384 385 13.333862
384 428 14.128886
384 503 1.428040
386 463 18.018205
391 427 17.815398
393 493 15.084135
396 431 16.685764
398 589 18.765767
404 554 7.692048
404 595 14.708335
408 512 11.313453
409 410 2.504187
412 437 5.696128
414 546 14.328317
417 540 14.990363
418 451 2.922239
419 505 5.199848
424 440 10.665592
429 477 1.879600
432 557 1.838806
433 460 10.427612
435 513 9.465388
435 525 7.635488
442 474 13.045810
442 521 12.754281
444 544 17.939353
446 574 4.371944
451 488 14.864455
452 555 4.043599
453 502 10.909063
456 588 6.185837
460 492 9.296895
460 562 13.116911
468 571 15.245802
469 590 9.919213
474 551 14.496109
476 483 12.851411
478 566 18.726407
478 596 12.483127
479 507 6.213698
482 585 13.304570
483 498 1.893179
485 576 9.671436
496 567 9.077225
500 552 13.964150
507 518 19.381199
507 570 2.382432
508 531 9.965465
508 568 12.691035
511 534 16.184659
516 523 8.967485
517 555 12.028430
533 579 4.194006
540 548 14.331854
542 564 6.457207
551 598 8.897488
557 591 6.837755
7.020117 19.092411 19.022858 6.386378 21.088839 22.014467 17.706949 15.190082 11.055314 20.848285 16.290282 13.182774 12.426697 17.830521 11.529884 6.875114 6.844092 7.308343 6.327725 11.267179 11.004237 5.548673 19.889259 21.099378 13.102587 14.174213 23.933571 23.693289 10.256837 8.581421 14.290232 21.021454 16.482474 6.947337 13.476864 21.408585 15.691233 16.753995 22.996717 16.536926 6.231005 7.932622 5.817063 14.019275 13.566961 8.800037 7.808516 13.273978 7.341320 10.034033 11.193708 20.173606 12.149550 8.218713 7.030488 19.867169 17.859397 19.149830 24.813941 5.817807 7.750905 12.372951 15.771704 18.377564 19.041114 7.853513 12.444743 22.442017 17.833925 17.032088 10.148493 7.927640 6.451148 21.418628 20.772896 16.598139 5.762455 24.018457 10.662152 6.561993 7.854004 19.797303 9.021433 19.695800 18.158428 5.658131 18.880382 20.168713 14.490312 22.306463 15.697605 13.013585 9.750549 14.534568 7.539913 13.051618 7.767147 8.657419 16.879132 5.813577 19.492913 24.571185 22.636328 12.336842 24.652236 23.866948 17.080521 11.189069 8.543483 18.125808 23.539828 13.618999 7.023790 13.376478 8.343386 24.667124 8.366269 17.849819 7.374639 24.726619 6.994856 24.411095 9.772782 19.941046 12.745437 22.462853 15.570728 15.056892 11.230263 12.951558 22.148266 8.632553 13.567914 6.958276 20.698783 23.548851 24.509676 17.913632 5.635093 15.650267 12.405668 23.119335 6.997653 18.661047 24.233739 15.819481 19.879686 19.245112 9.192639 21.355775 22.524732 19.959253 12.203193 21.758686 23.984607 7.298425 23.310474 12.202271 8.503387 16.434789 9.158142 5.845219 11.996243 7.765983 22.433328 20.557247 8.409801 22.155000 10.870010 14.458737 15.136168 18.545667 18.112947 22.971291 24.458837 24.479240 23.192655 12.051868 18.742197 19.653918 21.645726 5.942929 23.245603 23.283783 5.276419 5.042237 5.116425 9.193204 10.957166 24.544619 12.533841 19.195659 12.410499 11.053787 10.752676 20.458569 24.126679 15.974577 7.248504 16.417941 16.203271 21.393192 12.787922 14.318790 9.985110 8.265553 16.675501 9.085406 5.556328 12.800262 8.560394 9.332713 12.643049 11.636902 18.991100 7.035974 19.043805 8.627856 14.212264 7.465191 15.140213 19.334552 16.506612 14.603846 21.203353 19.710923 7.110390 6.487020 19.904960 20.485638 7.336190 13.902133 12.603659 22.947824 9.271084 17.335566 11.424326 20.679266 15.215746 11.392209 15.356932 21.727201 6.507375 15.496864 20.709607 11.559375 12.580827 20.727654 14.231324 5.213871 5.835970 16.013461 5.451590 7.960503 16.855327 21.995131 19.633286 24.915377 17.814827 20.990878 18.870173 8.500095 16.686593 16.338195 24.334521 15.108256 12.583121 13.658902 7.134367 15.548372 12.969113 8.033346 7.195741 20.011797 8.452098 19.347312 17.979821 8.000937 20.952767 11.207011 14.098567 8.007668 5.958400 8.482600 8.865453 21.914440 18.826404 18.470979 16.943999 13.796785 5.812466 15.757945 9.376737 12.744914 10.771228 21.205521 13.816967 15.046949 7.947081 8.537891 11.292021 8.969193 6.921631 17.830854 19.122245 11.997464 6.852198 15.545727 24.839920 6.941797 14.058384 16.346186 12.774195 9.147893 15.793809 15.029072 12.896496 9.208242 9.530958 12.604124 13.709431 19.539792 17.867262 19.196034 23.957327 23.673910 16.040536 10.921611 12.742252 13.615653 19.057012 8.031835 17.385748 12.677796 10.294992 10.374794 13.878758 19.523964 7.001472 10.161466 10.355784 17.414950 15.864355 17.389025 17.198787 23.272684 22.274421 6.928893 15.776965 20.727262 21.275618 13.209527 7.282788 22.617278 24.666995 17.316596 21.506436 17.724952 19.131778 7.801741 13.950005 6.743462 15.078829 24.586107 9.388066 24.568660 14.823740 6.421483 14.214178 9.583938 6.849481 9.742405 9.835442 16.732327 12.875198 18.476267 17.033137 5.089209 24.003063 16.713261 9.261154 14.880546 11.556916 17.086972 7.084433 21.905673 24.555881 8.838868 13.789522 5.405301 20.097986 8.466194 21.405289 16.219121 23.065526 13.272129 20.909055 22.700642 5.228023 6.745393 10.438086 17.673626 10.289337 22.475030 8.330824 5.013819 23.249865 24.693251 20.055314 7.076080 6.667543 18.435385 19.755469 15.487314 8.094443 5.810776 15.535965 10.425518 10.114079 19.535147 10.486576 16.615583 10.630220 8.168788 6.649383 13.898051 21.727405 15.275197 15.057261 23.713250 7.375844 9.389000 16.134713 23.457934 9.863129 18.787029 22.509745 15.654989 22.188310 5.653308 6.973345 19.266141 8.458294 7.738536 24.156060 17.217472 11.740579 11.445977 18.039351 20.550767 18.644075 18.864583 6.298216 23.567122 6.272734 7.406985 18.902724 16.776463 12.569119 23.498599 17.721378 19.797913 20.018337 7.853350 19.837053 17.617901 5.608269 20.311180 22.396222 16.081204 11.548268 12.377134 9.168427 6.444766 19.952064 12.438210 20.878361 21.713273 10.696975 17.994081 11.446584 16.780549 16.042725 13.794121 9.608782 23.836705 7.160092 22.702382 18.053018 23.812060 10.543603 23.749013 19.346206 8.631834 13.273701 13.877408 10.048328 9.405355 13.792446 10.892338 20.271663 24.952625 17.676468 24.286255 5.173607 8.509961 20.997216 22.824275 19.535988 20.949386 11.479696 22.667972 19.465990 13.463392 10.428449 7.564399 5.202273 9.025089 14.619181 24.076933 22.690042 22.635017 18.920942 20.415597 9.347533 14.822731 17.318057 15.922050 9.175273 17.321851 15.891282 8.336679 10.961538 7.338472 16.692249 12.881742 7.265943 23.001485 14.118396 16.676017 16.423884 6.151163 21.986425 12.276977 22.679987 13.318343 22.040289 13.931407 8.687934 14.744284 7.112607 24.842697 9.322155 20.891415 18.935476 12.008635 19.956421 11.446625 22.154239 15.181083 23.347807 12.469430 13.772253 24.139764 21.518741 21.334228 24.857088 16.121634 24.099511 5.449053 20.493172 15.989011 22.934431 20.147989 6.884049 12.281711 7.131480 23.739124 14.931211 7.748594 24.762213 14.301471 11.937059 15.315780 10.715273 20.799653 6.387738 22.653635 23.905505 19.065375 17.809713 6.248709 19.952681 12.719223 20.755666 23.261984 8.254533 23.441236 7.361473 18.241410
40
153
0 6 3.244625
0 12 4.050995
0 13 5.945244
0 14 8.153356
0 21 8.737474
0 23 3.536277
0 25 9.369277
0 28 4.716948
0 37 5.250994
0 39 7.588732
1 3 7.258295
1 7 1.799753
1 12 8.204073
1 13 1.546846
1 19 5.928611
1 23 3.535010
1 24 9.294590
1 26 4.615783
1 27 7.783278
2 15 8.825643
2 16 8.623285
2 18 6.077772
2 26 9.744003
2 27 3.291711
2 30 3.950480
3 9 4.993498
3 26 6.264829
3 32 6.314803
4 7 1.754327
4 12 5.549961
4 19 9.853203
4 21 2.792152
4 23 5.242959
4 25 4.068969
4 26 3.774838
4 32 9.967288
4 37 5.940844
5 12 1.154640
5 27 1.877891
5 28 1.375765
5 35 3.588324
5 38 2.057394
6 11 7.741281
6 14 8.208036
6 26 8.651741
6 30 2.041231
7 20 2.597978
7 27 5.606081
7 31 3.490514
7 34 2.232641
7 39 1.382695
8 19 9.956685
8 25 3.452637
8 30 3.127416
8 33 8.320765
8 36 1.191826
8 39 2.492222
9 22 3.906853
9 23 3.003660
9 29 3.611043
9 30 5.743086
10 13 6.079174
10 19 8.381282
10 21 2.144579
10 22 7.364092
10 33 8.546463
10 37 9.113008
10 39 9.967795
11 16 5.740294
11 19 5.132381
11 26 7.671737
11 30 8.516630
11 31 9.915600
11 33 3.345122
11 34 8.143334
12 14 5.275033
12 19 3.054089
12 20 9.704601
12 21 2.284101
12 25 7.925752
12 27 5.169327
12 35 6.620951
12 38 7.548130
13 16 6.717801
13 24 3.400035
13 25 4.274757
13 36 6.142781
14 21 9.172591
14 23 8.355526
14 24 6.043991
14 29 7.456069
14 31 4.605480
14 33 6.817033
14 37 2.836409
15 17 5.833684
15 18 4.618054
15 22 2.295626
15 23 7.592051
15 28 5.139359
15 29 4.115252
15 31 6.993691
15 32 9.991585
15 36 4.441463
16 22 8.669815
16 24 8.717237
16 29 2.145619
16 38 8.913080
17 22 9.148881
17 23 9.393172
17 29 8.638675
17 32 6.246568
18 23 4.084771
18 24 5.230334
18 31 6.375861
19 20 9.698553
19 21 9.301486
19 37 5.862094
19 39 1.797060
20 21 2.836768
20 23 9.508149
20 29 5.021259
21 33 7.407698
21 37 2.430564
22 24 5.292631
22 30 4.141877
22 32 4.148872
22 36 3.438205
23 25 7.469072
23 27 7.753805
23 28 3.711214
23 33 6.276533
23 34 3.115763
24 27 9.307373
24 32 1.332705
24 38 3.414486
25 32 7.481883
25 39 1.192114
26 32 6.736004
27 28 8.614529
27 38 9.558075
28 34 7.681324
28 35 9.894125
28 38 8.267975
29 34 2.585836
29 37 8.313108
29 39 1.417994
30 34 4.335449
31 37 1.395228
31 38 7.655168
32 33 9.854253
32 36 2.664076
33 34 5.915373
36 38 3.135576
464.822843 215.821095 237.240912 344.291196 339.851566 308.816565 290.145393 275.785504 423.383886 400.779570 243.506382 289.984487 400.734952 444.955820 384.471271 279.594904 475.818498 369.276227 413.413776 365.455146 454.845338 427.169921 389.135663 396.968011 355.824334 364.799204 294.290552 250.409957 359.212678 448.318554 441.896727 481.543799 232.236856 481.011234 232.154146 302.938828 469.468834 406.385556 333.458597 344.408725
