600
1197
0 1 8.022713
0 2 3.809083
0 3 15.700945
0 4 18.666748
0 5 18.698841
0 10 1.972127
0 14 14.648620
0 18 7.979809
0 23 13.376304
0 24 18.645177
0 26 10.931986
0 29 18.108422
0 33 14.712360
0 70 14.377170
0 73 13.467617
0 94 18.403945
0 103 1.109745
0 107 9.948062
0 157 13.840336
0 173 4.425881
0 189 2.164810
0 200 16.492770
0 209 18.247626
0 219 4.806118
0 230 16.372883
0 280 17.122832
0 469 9.956842
0 482 11.668321
0 513 2.413983
0 517 5.937850
1 2 19.802667
1 3 6.906090
1 6 3.850964
1 8 4.301345
1 9 2.288728
1 15 14.565536
1 16 2.099226
1 19 11.190958
1 22 11.905755
1 28 13.092265
1 37 15.906170
1 101 5.095136
1 120 7.192121
1 121 13.991001
1 125 12.308601
1 126 6.886838
1 147 3.104750
1 148 19.776040
1 170 3.832151
1 176 4.791315
1 192 12.311949
1 204 8.675448
1 210 13.586228
1 246 19.436654
1 247 2.862594
1 261 11.984498
1 337 14.526051
1 394 14.166249
1 398 7.255825
1 420 2.184653
1 434 4.147513
1 437 14.739750
1 454 13.795342
1 463 16.620423
1 475 4.249892
1 480 12.166139
1 523 15.822070
1 574 12.671883
2 5 14.407968
2 7 1.313126
2 9 4.319086
2 10 17.177331
2 17 16.914900
2 33 11.540282
2 69 6.189902
2 78 18.720677
2 88 13.399646
2 90 6.737052
2 148 17.019620
2 158 6.608188
2 215 3.261793
2 308 13.585811
2 322 13.443107
2 363 15.548083
2 364 16.466528
2 410 12.409106
2 482 3.294153
2 484 18.909008
2 548 8.469583
3 4 19.683226
3 16 8.803725
3 21 5.327299
3 26 1.084364
3 114 19.631471
3 234 6.634121
3 319 19.892736
3 458 1.483200
3 571 7.179105
4 6 13.745487
4 12 11.368513
4 20 3.952942
4 27 9.127980
4 46 8.295878
4 68 1.817546
4 73 10.848720
4 76 1.549514
4 89 3.277330
4 95 8.162906
4 100 5.266288
4 116 16.624735
4 118 5.818735
4 152 19.781967
4 173 17.471371
4 196 7.891323
4 226 19.712800
4 240 14.299085
4 285 1.181241
4 317 16.644867
4 330 16.640061
4 368 17.624530
4 389 18.816440
4 409 5.796927
4 418 4.215406
4 441 7.267573
4 444 10.733956
4 456 17.401477
4 466 3.017276
4 486 18.850715
4 507 4.462257
4 555 15.082162
4 563 19.954946
4 597 17.959936
5 18 19.702054
5 21 11.308968
5 22 9.960756
5 32 18.974059
5 47 16.084290
5 54 6.714142
5 55 7.591271
5 71 16.232416
5 78 14.750625
5 95 1.678071
5 96 16.917442
5 109 11.047016
5 112 3.191614
5 114 5.657017
5 135 6.103439
5 161 13.456223
5 181 19.145692
5 225 8.128446
5 226 6.543498
5 242 2.782518
5 275 13.908670
5 276 11.382878
5 328 4.000214
5 355 1.885141
5 361 4.969393
5 460 15.627745
5 558 14.539258
6 7 13.026386
6 8 6.762369
6 13 10.522049
6 27 12.222444
6 86 12.743908
6 238 8.663241
6 241 2.256210
6 290 11.480963
6 351 5.952200
6 394 19.488869
7 17 16.133285
7 19 3.143725
7 20 18.373569
7 30 4.931245
7 34 12.536078
7 49 13.535647
7 50 7.633336
7 53 2.934230
7 57 9.017539
7 71 3.577801
7 75 2.434387
7 86 4.830685
7 111 3.726206
7 140 5.175039
7 211 17.003553
7 233 4.246373
7 249 5.584493
7 299 19.687965
7 347 17.287792
7 402 4.743852
7 547 7.715375
7 551 9.623245
7 582 11.796861
8 11 16.569656
8 133 7.571184
8 211 12.780084
8 290 17.112994
8 327 7.970284
9 23 9.369078
9 24 4.959079
9 25 3.558358
9 41 5.517814
9 42 13.506329
9 48 5.771480
9 57 13.678898
9 84 5.001363
9 90 16.193936
9 125 13.702015
9 130 17.610062
9 147 14.502210
9 215 18.912427
9 267 16.556639
9 268 6.964745
9 334 8.151424
9 385 15.624993
9 459 10.722177
9 532 19.453430
9 542 8.778929
9 582 6.348798
9 583 14.993882
9 596 17.024187
10 11 2.995624
10 15 4.426500
10 52 4.886260
10 135 6.525160
10 175 14.245934
10 252 13.985183
10 441 5.385309
11 12 14.768463
11 13 19.806762
11 28 5.350356
11 30 17.655896
11 36 4.329179
11 37 17.531192
11 69 17.244066
11 117 17.883709
11 179 8.144108
11 253 2.346304
11 257 11.009116
11 337 17.799925
11 338 8.039097
11 430 2.196385
12 35 4.224120
12 42 17.487071
12 183 14.454815
12 190 7.884750
12 397 7.248832
12 491 2.686654
12 498 7.665505
13 14 5.873022
13 168 12.577010
13 256 3.349244
13 315 10.021636
13 501 8.392236
14 34 10.604767
14 44 1.760859
14 96 14.017073
14 137 13.181625
14 169 4.158941
14 283 7.337243
14 458 15.585990
14 587 12.080450
15 85 19.421320
15 89 7.942677
15 119 7.580008
15 129 12.972533
15 145 17.014562
15 204 8.894608
15 323 8.294775
15 535 10.855121
15 565 18.540201
16 45 1.751088
16 58 15.540128
16 61 7.796754
16 594 2.366099
17 97 2.720773
17 152 6.049158
17 162 19.278484
17 182 17.908035
17 191 9.727137
17 263 1.803469
17 284 14.928199
17 542 9.025984
18 62 12.574477
18 119 16.455244
18 263 2.708266
18 269 2.534941
18 300 7.434210
18 350 16.686153
18 385 16.344161
18 419 19.321291
18 449 5.177894
18 462 18.466580
18 597 14.726408
19 25 10.970248
19 31 19.009268
19 39 14.647445
19 41 11.904975
19 56 16.286978
19 68 5.864017
19 174 14.445208
19 195 19.905103
19 214 11.653506
19 237 6.635154
19 351 13.274704
19 381 17.473946
19 421 17.686214
19 426 18.046249
19 452 9.710965
19 500 19.964511
19 556 13.008402
19 574 13.623893
20 39 4.938449
20 83 2.745270
20 87 10.933911
20 141 4.217137
20 142 15.478678
20 348 3.654612
20 432 7.153890
20 446 5.458321
20 499 14.180742
20 541 12.728256
21 29 9.914970
21 31 6.386592
21 40 6.771312
21 43 16.000524
21 64 12.389983
21 92 6.665914
21 121 7.609540
21 126 4.584249
21 382 6.572219
21 414 6.482843
22 346 10.954230
23 65 16.270546
23 94 19.123575
23 124 15.637249
23 127 9.560489
23 507 3.702249
23 534 16.197097
24 32 1.646831
24 48 1.398893
24 72 7.559361
24 87 13.171823
24 93 12.900846
24 144 12.269341
24 145 5.582817
24 199 14.844483
24 219 4.807499
24 221 11.077050
24 229 17.105196
24 271 6.999027
24 274 8.681762
24 314 8.992281
24 332 17.563804
24 432 3.728219
24 586 3.166757
25 45 7.204398
25 46 13.080411
25 66 18.690471
25 79 7.139444
25 257 10.160075
25 527 9.608914
26 36 10.580824
26 50 5.132793
26 150 3.624938
26 198 7.492742
26 228 3.853409
26 243 7.977230
26 303 9.827778
26 448 6.762466
26 594 1.409847
27 64 4.067323
27 177 8.537167
27 188 4.322299
27 369 7.833602
27 470 3.448520
27 525 12.337575
28 35 13.007172
28 58 19.774314
28 62 8.872919
28 158 14.463580
28 191 1.302467
28 286 15.659023
28 489 6.162931
28 535 17.408790
28 561 1.895642
29 40 1.695770
29 106 10.312913
29 109 2.246246
29 141 18.381128
29 144 15.468451
29 197 2.122824
29 198 12.072654
29 212 18.229736
29 239 19.241054
29 341 19.401907
29 411 11.648460
29 416 2.678401
29 514 8.601226
30 38 1.123583
30 51 9.187937
30 80 16.731124
30 110 16.530080
30 115 1.267690
30 130 13.113107
30 139 2.579977
30 213 17.392336
30 251 19.592045
30 269 3.871922
30 306 17.134618
30 412 15.295064
30 524 2.884800
30 569 13.206777
30 590 3.779713
31 136 5.818574
32 44 18.735477
32 51 17.892272
32 54 17.593482
32 102 16.354370
32 133 9.876453
32 181 17.026737
32 238 9.358461
32 244 14.758328
32 266 19.042659
32 268 8.784396
32 345 13.806517
32 396 16.609173
32 453 7.357919
32 505 16.080148
33 38 15.876779
33 63 15.599419
33 67 7.435120
33 74 7.582505
33 111 15.154341
33 140 15.069649
33 150 5.789186
33 192 11.960600
33 287 7.154139
33 293 12.251324
34 43 13.878786
34 72 11.939648
34 107 5.370414
34 113 5.097572
34 241 7.184351
34 245 6.348412
34 566 9.010654
35 55 12.759426
35 77 17.408774
35 91 11.971039
35 100 2.410989
35 155 17.315407
35 172 7.633296
35 184 19.090732
35 264 12.783745
35 329 1.891538
35 340 2.458261
35 391 12.879808
35 528 4.687212
36 59 16.989506
36 210 11.843816
36 305 5.520653
37 123 11.271123
37 235 8.470715
37 277 7.066663
37 429 18.697563
37 552 5.039059
38 60 7.314154
38 79 4.467658
38 81 19.379973
38 105 9.628252
38 169 10.057879
38 559 14.190168
39 97 19.151963
39 164 10.583334
39 353 13.398154
39 356 19.729600
39 428 15.077174
40 63 19.365891
40 98 4.184673
41 47 9.854761
41 128 1.294559
41 207 16.124731
41 589 10.609953
42 118 1.121361
42 448 19.138667
43 122 9.498299
43 168 13.128830
43 174 19.647431
43 286 11.686231
43 309 17.893876
44 80 18.588478
44 127 9.071588
44 128 11.357487
44 149 7.068363
44 209 3.960861
44 306 15.835258
44 393 18.159570
44 443 16.926276
44 512 19.265755
44 521 12.896963
45 202 13.460541
45 321 16.122805
46 52 11.143283
46 106 1.361859
46 167 18.385958
46 232 12.680228
46 310 11.074611
46 539 13.235339
47 193 2.719327
47 258 6.942825
47 325 4.298472
47 375 9.674338
47 429 15.061012
48 49 1.706893
48 206 13.182200
48 303 2.649899
48 377 19.025906
49 60 6.957584
49 92 11.868773
49 102 4.164093
49 131 5.826755
49 399 10.614802
49 576 14.005597
50 53 1.953486
50 56 13.444832
50 166 1.843981
50 281 19.126990
50 347 8.753378
50 354 3.254747
50 379 8.361878
51 59 19.196383
51 266 12.007663
51 479 13.091455
52 495 7.882860
53 70 2.131552
53 76 5.366481
53 110 6.046718
53 131 2.440282
53 155 12.244601
53 205 8.743176
53 295 9.329328
53 326 10.186142
53 409 4.143736
53 412 16.540010
54 77 16.574239
54 108 6.415898
54 143 8.224618
54 170 9.175942
54 221 14.157726
54 242 17.962034
54 308 9.809048
54 362 10.927688
54 506 12.694044
55 371 7.312414
56 61 3.873958
56 65 18.558994
56 105 15.364220
56 132 7.088912
56 401 19.240470
57 248 19.358263
57 297 17.792837
57 307 17.089720
58 136 13.868184
58 156 8.970937
58 159 8.891259
58 214 19.615011
58 264 10.286575
58 357 10.473807
58 374 6.259174
58 431 3.150842
58 434 18.351025
59 66 10.553868
59 206 13.900985
59 223 1.222267
59 254 13.248045
59 519 14.774127
59 526 3.425023
59 533 9.674092
60 82 9.910999
60 85 4.297214
60 231 13.993305
60 333 14.236106
61 81 16.037052
61 103 5.088219
61 104 18.536993
61 167 13.012940
61 261 17.690119
61 301 3.213518
61 359 4.421851
61 418 11.773862
61 423 1.542576
61 584 15.659969
62 67 4.946772
62 91 17.200171
62 93 7.439075
62 120 16.273608
62 401 5.175800
62 413 14.323753
63 134 1.869980
63 163 7.287004
63 250 8.573745
63 363 17.313492
63 526 12.789372
64 172 1.723677
64 346 10.798907
65 216 9.271895
65 532 3.233728
65 571 6.293615
66 84 7.767607
67 75 7.878373
67 178 4.827777
67 392 14.193476
68 160 2.146715
68 217 3.504749
69 74 18.451956
69 373 6.844442
70 113 14.107659
70 171 16.715465
70 228 14.475046
70 331 5.893802
70 377 12.960568
70 457 11.862133
70 546 18.849886
71 186 1.504050
71 217 8.935189
71 244 18.898239
71 251 9.766068
71 265 19.773130
71 298 14.429445
71 335 6.867340
71 365 19.784146
71 390 11.577474
71 427 1.283243
72 176 18.248836
72 318 7.970888
73 237 14.022188
73 343 12.129421
73 386 14.647265
73 419 15.735746
73 431 19.991512
74 99 14.737019
74 187 19.739918
74 224 1.549115
74 270 16.248418
74 293 18.775431
74 305 8.292193
74 319 10.222451
74 534 1.720202
75 159 5.278676
75 222 5.698129
75 489 15.973358
76 101 15.972336
76 116 2.357320
76 132 18.420653
76 166 19.646916
76 194 18.879613
76 220 13.040807
76 343 17.945800
77 138 11.749850
77 139 15.540548
77 187 2.836445
77 245 19.780820
77 376 5.989001
77 471 17.106916
78 82 3.024067
78 408 14.429914
79 340 1.543813
80 104 10.004444
80 112 2.286386
80 146 9.445736
80 188 4.755338
80 225 3.420877
80 248 8.099668
80 281 16.399572
80 376 12.715325
80 496 16.616550
80 503 14.237031
81 83 3.473647
82 88 19.167845
82 325 13.424479
83 576 16.235840
84 307 11.991035
84 477 4.048788
86 156 16.852951
86 553 7.908303
86 579 14.511919
87 98 9.127847
87 115 8.856207
87 124 10.743485
87 239 1.462221
87 283 16.346924
87 378 4.771314
87 438 14.351220
88 565 16.849269
89 164 14.377484
90 207 14.464189
90 555 19.266092
91 267 16.726622
91 302 7.910783
91 379 10.150462
91 423 1.086531
92 554 2.000701
93 142 11.222341
93 213 14.963431
93 444 12.745858
93 468 10.775598
93 484 16.544709
93 557 7.498582
94 123 5.177148
94 404 2.709016
94 440 15.899972
94 483 18.944031
94 513 4.495172
95 99 13.770563
95 149 5.233530
95 177 6.021674
95 224 6.767392
95 272 10.398142
95 295 2.808842
96 296 17.108014
97 143 7.275417
97 253 16.467533
97 316 18.701294
98 129 12.375008
98 162 15.649706
98 165 3.850614
98 342 8.763494
98 382 2.597879
100 117 5.046559
100 184 15.842561
100 279 6.195940
100 292 12.003255
100 374 19.904912
100 464 18.939498
101 356 7.229081
102 282 18.501111
102 354 15.930683
102 495 8.226827
103 235 16.786362
103 595 7.852289
104 108 12.934094
104 153 2.900185
104 364 13.587609
105 180 2.069733
106 154 11.996886
106 230 18.844993
106 417 1.569391
106 524 14.857953
107 160 12.005798
109 247 9.810959
110 397 12.649842
111 485 17.029401
112 275 13.495233
114 178 9.464177
114 189 4.832747
114 537 8.940832
115 233 7.466640
115 304 6.175386
115 336 3.737133
116 122 18.569428
116 297 12.040197
116 472 6.014126
116 477 6.970621
116 509 10.914860
117 360 7.646811
119 134 15.878407
119 146 15.560403
119 179 8.312146
119 212 5.868571
119 259 17.476317
119 372 14.446479
120 165 13.076829
120 195 4.270424
120 387 1.422574
121 324 13.103976
121 569 17.340250
122 138 13.933441
122 298 7.239489
122 318 8.459128
122 427 5.400201
122 428 1.102055
122 491 15.522492
124 151 5.327918
124 220 15.219021
124 254 16.421264
124 439 1.478962
124 506 8.757155
125 196 18.289552
125 384 9.353970
125 496 5.727248
125 511 2.909450
127 252 19.654749
127 433 13.249744
127 437 19.977545
128 218 16.332282
128 236 9.035970
128 456 16.688952
129 433 14.236272
130 151 15.224293
131 154 17.987946
131 193 17.986449
131 517 5.672820
132 190 7.072235
133 186 4.135116
133 229 7.089360
133 258 17.344325
133 345 3.538016
133 406 13.175097
133 422 18.772497
133 459 13.764766
133 478 4.056871
133 547 14.236430
134 137 18.298384
134 194 5.031686
134 557 8.737771
135 222 2.657918
135 288 6.276584
135 296 5.831487
135 521 18.184961
135 581 8.395445
137 161 4.493888
137 175 4.135730
137 185 12.201607
137 282 6.282130
137 469 12.331957
137 492 8.000204
137 493 19.587305
137 592 13.392335
138 568 10.441804
139 301 13.372115
140 163 5.416735
140 396 13.279961
141 323 11.942553
142 302 14.743652
142 570 5.593525
143 270 6.717512
145 232 2.657650
146 182 11.856071
146 370 6.110796
146 384 4.341947
146 426 15.908821
146 538 8.513472
147 202 9.985952
147 234 5.568955
147 529 8.346630
148 326 16.894830
148 564 17.044028
149 153 6.775011
149 157 18.732818
149 171 15.551066
149 278 2.333509
149 280 6.997612
149 299 18.399306
150 201 5.630986
150 331 8.059626
150 417 16.443357
151 355 9.185992
153 180 16.646040
153 262 17.016598
153 463 19.265506
154 330 9.653005
154 407 11.674502
155 388 6.159830
155 527 15.250693
155 541 16.158551
156 183 5.125643
156 208 2.118385
156 316 14.066056
156 349 5.092661
156 370 12.086439
156 465 6.241335
157 284 9.948474
157 407 11.094463
157 414 10.357023
157 577 11.077609
158 199 8.094271
158 203 3.740053
159 324 17.042371
160 227 17.250014
161 436 19.931834
162 256 2.145116
162 455 16.485134
162 473 4.759169
163 500 10.940875
164 250 1.137905
164 348 3.843054
165 265 5.634288
165 339 3.989254
166 200 12.539217
166 291 5.963324
167 185 4.370671
167 208 3.161266
167 260 12.589823
167 322 9.112955
168 246 11.269064
168 249 5.478415
168 501 16.691631
169 349 4.776046
169 375 12.672849
170 483 18.634573
171 203 14.992513
171 276 17.627982
171 515 17.002516
172 240 4.877274
172 317 1.063732
175 435 8.930856
177 313 14.367122
177 551 3.731517
177 578 7.804133
177 580 6.548383
178 227 3.037220
180 273 1.221625
180 311 18.372850
182 451 19.334414
184 255 18.176002
184 274 19.158762
184 304 17.368210
185 360 1.331315
185 443 7.513606
185 446 6.234830
185 471 18.601601
185 502 10.672072
185 516 13.336782
185 522 7.814324
187 393 18.662005
189 243 19.455214
189 353 12.330643
191 197 6.625288
191 236 5.639598
191 292 6.026168
191 373 18.812282
191 445 5.381668
192 589 17.568745
193 201 4.218048
194 453 12.185418
194 545 10.971183
196 425 11.305273
197 205 12.808657
197 289 17.527241
197 392 10.947672
197 452 13.057285
199 272 10.213043
199 540 17.641826
200 350 9.820406
200 531 17.287915
201 329 13.648465
201 338 8.980432
201 400 9.954375
201 440 1.670137
202 216 7.108831
202 309 9.055274
202 366 12.285960
202 474 1.045774
203 231 15.916431
203 273 7.119762
203 312 2.901725
204 344 11.334347
204 352 3.787969
205 285 14.569338
206 218 5.546978
206 460 14.112024
207 361 19.946929
208 413 10.456050
208 556 1.222211
208 587 4.152564
209 334 7.208375
209 388 10.836285
209 593 15.349181
210 352 11.105167
210 529 15.983682
211 223 4.658221
211 399 5.717221
213 320 5.824314
213 336 8.085241
214 277 11.913181
214 478 5.984754
215 566 17.051472
217 490 2.050032
219 262 5.243121
219 425 13.804814
219 520 2.562724
220 579 11.902580
221 294 17.468478
221 470 9.223670
223 416 7.943055
224 259 13.722294
224 390 17.536998
226 372 1.270878
227 300 6.438547
228 311 1.487191
229 289 3.625332
231 310 10.440424
231 464 13.892350
231 465 5.606511
233 341 18.980730
233 362 11.675336
233 598 5.221626
234 327 17.366089
234 512 11.326965
234 598 11.721646
235 320 3.745747
236 564 18.267182
237 386 18.375922
237 487 18.306611
238 402 11.435888
239 536 16.578936
240 430 3.725121
240 510 3.756527
241 445 13.894028
241 480 15.852482
242 278 19.038515
242 389 8.777571
243 332 2.406133
243 383 8.498738
245 291 5.244749
246 411 13.552372
247 422 13.296053
247 486 1.490025
248 520 13.585984
249 485 15.163674
250 369 14.033962
250 387 19.975288
250 543 9.827211
251 255 16.618035
251 442 8.295640
253 528 15.846155
254 335 15.979609
255 287 15.286890
255 313 8.109818
256 271 6.617809
256 279 7.654886
256 288 2.248808
256 315 13.128327
258 260 6.263737
258 367 15.132783
260 510 14.367745
262 487 1.138604
264 339 16.581812
265 424 18.869829
266 523 6.313343
268 492 16.221720
273 294 8.153935
275 328 16.995875
275 494 7.960880
276 544 12.796136
278 467 5.085004
279 366 4.462905
279 400 10.726036
280 560 17.265628
282 378 8.189591
283 586 19.789954
284 591 3.720484
285 333 17.003101
285 475 1.917850
287 473 2.538951
289 461 1.970795
289 497 8.518085
289 530 9.721433
291 380 11.480806
291 395 1.797161
291 561 16.446329
292 467 9.075946
293 461 18.643422
294 312 19.629132
294 546 17.721015
298 502 7.365579
298 519 2.223734
298 581 3.365847
299 371 15.353835
299 567 12.755052
300 522 18.143609
301 457 7.963991
301 583 9.767006
302 403 3.806402
305 381 19.218821
305 472 18.935971
307 543 16.665617
307 572 11.670398
310 447 2.542926
312 314 1.351666
313 321 1.347542
313 450 3.157579
314 494 9.484091
315 359 8.961842
317 344 17.993461
321 562 12.981839
323 404 9.208171
325 405 3.130648
326 358 1.244140
326 455 19.636641
328 342 9.689432
328 383 9.979061
328 575 19.379393
329 357 18.113785
329 504 17.171994
331 511 2.341143
335 398 14.348503
335 438 6.767779
336 365 8.134192
336 599 7.428760
339 549 1.449243
339 554 11.781847
342 588 15.692358
346 454 9.588446
346 476 8.697369
346 539 16.617272
346 559 6.868653
347 380 15.183437
347 424 7.595705
347 435 5.398609
347 560 11.997860
347 580 19.258660
348 403 11.589534
349 493 19.480918
351 406 10.327123
353 415 7.667747
354 358 8.655863
355 508 13.194300
356 405 3.055207
357 367 2.037941
359 468 4.094219
359 585 17.321949
360 368 16.625630
360 466 10.119830
361 442 11.351027
363 395 12.613131
363 525 9.649343
363 568 4.847079
367 462 15.292921
368 439 16.547228
368 549 17.411697
368 585 1.517629
368 599 19.023510
369 567 3.214816
373 548 14.448645
374 498 19.436292
376 391 17.550327
376 415 11.106619
381 408 2.259304
381 450 10.228724
384 449 7.941895
385 488 4.024563
387 531 7.804343
395 488 3.383817
396 447 3.078503
396 503 9.423567
397 474 18.692176
399 410 2.172969
399 545 6.062393
400 490 18.424203
401 420 6.890977
401 515 13.136183
406 436 16.418776
409 596 1.906037
417 509 4.983841
418 421 14.264519
418 476 3.978373
418 508 7.707751
420 552 19.537690
422 451 2.543417
427 536 17.550740
427 570 5.003843
429 518 3.563491
431 481 18.189890
433 505 9.442358
433 518 11.087226
438 479 2.847528
438 514 6.225774
442 504 9.505803
453 544 17.140946
455 595 2.565267
456 558 4.838319
464 538 19.525355
467 550 19.109638
467 578 17.566467
470 481 10.479465
476 499 9.476976
495 497 5.008869
497 550 17.115395
497 588 10.681891
500 530 5.612264
501 540 15.324107
502 573 2.431574
504 577 16.741469
504 584 5.391265
505 533 13.970677
507 537 9.159631
513 516 9.302625
518 562 18.740903
520 593 9.824092
528 553 11.374244
531 591 8.334783
533 575 6.390147
540 590 7.587152
546 563 15.052358
546 573 13.368708
557 572 2.192225
589 592 18.137165
6.988014 9.296637 17.590124 12.928095 8.595559 16.050677 11.821389 21.630157 24.299015 5.241285 8.892826 5.419555 23.491040 21.532805 17.535347 22.627213 12.351111 19.855982 14.470846 13.346375 14.441999 15.921381 8.789932 6.536814 9.006752 22.219032 19.416483 14.195446 16.268869 13.167132 8.333844 8.814442 17.276767 11.793382 23.006107 18.029988 19.944752 23.588222 7.670091 6.374189 17.617588 22.117560 21.312402 18.357487 9.225655 16.546076 20.121280 5.213593 18.770207 12.134186 10.863854 21.212030 10.273792 5.667552 10.216768 12.296214 16.203488 9.065326 15.867511 13.255588 8.499051 20.906345 14.141570 20.811035 20.638079 23.859146 23.322391 23.105060 15.012711 17.314767 13.325057 5.865629 12.873046 19.879275 13.706902 9.264810 23.505146 6.733396 22.834167 10.686102 12.052566 5.210022 5.968654 23.330462 7.295044 11.256366 19.180164 11.527686 12.155487 12.039067 17.406075 16.183432 19.390984 23.309021 17.778989 11.868720 13.144813 15.991369 23.478196 14.593693 7.097333 15.078740 6.498531 20.759887 6.611055 19.432242 5.823160 14.701251 8.797969 21.859276 22.901191 6.915354 14.779871 16.603252 7.833512 5.769937 12.400967 17.692853 6.768777 13.628820 5.568209 16.766460 6.641199 20.017895 19.059291 12.473005 14.551011 20.560233 13.904284 11.369992 16.469725 8.804051 7.568420 16.154600 13.663118 5.322494 9.343959 15.503061 22.744689 21.834748 11.221500 8.899854 17.382363 23.793087 5.774594 9.542331 9.867097 23.971557 20.373980 20.620306 14.217420 16.102017 5.233507 14.911665 22.784466 5.114840 5.538917 11.128696 19.548915 23.854450 14.836110 9.654067 20.008254 11.322967 8.626344 5.212381 13.074638 10.039365 6.027691 23.997394 11.150329 23.772097 6.409761 13.984875 6.900447 15.201950 14.178643 13.137499 8.517224 19.821281 21.178057 23.298495 5.597234 11.632188 16.976574 21.874736 9.194608 14.291273 12.741793 19.473252 17.947542 18.360027 16.784113 9.827200 6.962700 17.405812 19.239852 7.854392 12.619278 14.874688 20.033112 18.258653 23.855378 13.434337 7.190896 15.211196 23.750513 10.982885 17.599066 24.343968 19.799271 7.799684 14.575848 22.354697 12.607711 24.765492 9.336854 5.214261 8.219009 16.697080 12.490901 14.485122 14.289739 21.353611 14.568900 17.091412 13.039476 7.856965 6.773834 8.171870 19.908181 15.063757 7.443270 21.657521 21.605399 12.966136 22.024038 12.186884 19.441501 24.869983 12.314771 6.779358 12.541341 7.138671 13.762063 24.449832 14.808497 12.129164 23.257586 5.938011 24.710491 15.530750 11.877917 21.907977 21.461879 7.424996 12.358122 18.746413 10.025614 11.896065 6.396634 23.365234 5.295456 14.578005 5.862114 11.554471 9.204486 23.597166 8.330841 16.306652 21.987480 13.716673 7.115856 15.903874 14.249748 13.813743 7.120912 9.995900 9.217198 16.065214 13.982862 10.628593 13.831712 5.467056 17.427564 14.075334 6.796040 19.168906 8.622830 23.679996 22.167505 6.151829 18.910964 20.076719 11.073729 7.048739 21.886341 15.472919 11.821271 8.806621 7.676880 20.934362 19.816838 14.289114 6.023749 16.720406 12.870405 19.156353 20.671480 8.492981 7.481144 24.776240 19.020110 5.664699 19.411388 18.382097 16.767645 15.654682 22.822253 13.400074 19.697640 6.295418 21.942663 22.047320 23.180412 5.223771 15.807292 8.739272 18.517204 8.628502 22.179193 13.717638 11.237557 17.482452 22.880405 17.864576 10.693132 15.655773 20.570114 12.273673 23.928489 7.791927 9.024912 12.031262 5.768103 19.682545 21.397545 7.310620 23.255636 12.628077 24.250982 10.023054 8.447418 19.134956 5.987136 12.004507 8.249833 23.514335 11.227556 18.176735 8.575201 15.265139 7.428276 8.364626 5.682572 14.805193 17.994795 23.519941 24.856475 18.926897 17.947336 6.361210 24.646096 9.767666 11.960425 17.337358 15.510287 9.693043 13.735492 20.840756 14.754939 14.272685 23.798279 11.938663 17.885663 13.743882 15.660579 5.928265 19.858837 5.606751 5.932356 11.332799 21.338849 19.294484 6.748047 7.741458 6.167221 5.092872 7.098152 8.322887 15.883091 10.359593 19.861184 14.905987 9.881482 19.265865 7.883255 20.505423 6.919871 17.319904 13.070846 6.802620 9.436363 21.846632 17.455363 5.302572 5.069621 21.900208 5.595607 17.826786 10.964254 15.803015 10.119113 8.504213 8.810764 8.585464 22.091744 9.564495 11.947883 22.416733 23.064467 10.513437 7.388131 22.914827 11.253971 19.150821 19.864363 6.022957 6.780019 24.954157 23.447861 23.691457 16.114434 14.843765 5.817336 6.874038 6.208599 5.964340 7.152885 8.787824 20.858285 13.383618 17.901465 20.460245 15.096888 11.026995 6.193585 18.567743 21.602780 6.797417 16.428186 12.283470 24.062636 15.041110 22.067210 11.626029 23.497889 22.716520 23.694749 11.565201 11.085793 13.637895 17.487233 19.389513 23.605340 17.883971 15.387649 17.710941 10.756268 22.671556 20.416902 22.997967 19.680762 18.427085 16.357722 18.346061 22.519990 13.773589 15.575674 10.178903 22.103141 11.465355 23.701421 6.233362 13.313095 7.610112 21.510523 7.948687 10.678712 18.549692 9.080353 16.995958 20.387406 7.777868 23.859265 22.391411 24.631762 9.138061 16.639939 9.034051 7.681471 13.587278 24.068748 18.191561 11.102056 7.743143 22.273610 19.401465 22.318935 17.640303 12.243295 7.976100 9.729697 6.940628 11.087342 8.975777 6.947413 22.928854 24.076885 11.563568 21.111572 15.437131 21.218407 20.184404 10.727214 15.586416 6.341985 12.875896 17.262493 11.530194 15.463702 10.114078 22.977274 12.248169 20.183006 5.239334 16.528253 12.857085 15.951121 5.651543 17.503798 24.428872 17.122883 14.068996 8.363783 21.424498 21.969106 16.307862 8.712414 22.887055 16.087868 14.692193 24.346182 20.093602 17.354055 6.306385 17.772173 5.490144 7.576671 5.639144 9.726858 13.962300 21.097568 9.281375 24.882885 11.845097 8.630226 24.413986 14.609625 10.477938 17.904584 17.404861 15.947329 15.097544 18.469928 14.533151 22.520091 16.723553 12.514098 9.018530 11.841786 9.256472 10.951210 13.966069 13.119439 7.900971 12.992498 11.257584 12.659268 21.600890
40
158
0 3 5.401574
0 7 1.939350
0 9 5.044861
0 10 6.464199
0 22 9.627592
0 24 5.583123
0 38 1.810097
1 6 2.431844
1 9 1.063441
1 15 3.779919
1 23 5.266109
1 25 4.160941
1 28 7.642379
1 29 2.281313
1 30 5.604457
1 39 8.286875
2 6 4.974181
2 10 5.481200
2 17 9.598567
2 19 5.102860
2 20 5.568707
2 22 9.936190
2 24 4.669500
2 25 4.389222
2 33 4.374498
2 35 4.410002
3 8 7.434740
3 18 1.550100
3 19 4.123920
3 23 2.476786
3 26 1.292564
4 7 9.998998
4 16 9.707127
4 31 2.969682
4 37 5.779419
5 6 7.944833
5 7 6.780405
5 14 3.692345
5 23 9.849650
5 25 4.104382
5 29 4.926523
5 34 4.488846
6 13 8.040315
6 19 7.337466
6 20 6.073291
6 32 3.226805
6 36 6.186776
7 10 9.696201
7 13 8.218763
7 14 9.564847
7 20 2.222216
7 22 9.668485
7 28 1.035014
7 30 1.742523
7 35 2.912485
8 11 8.145673
8 13 9.917011
8 15 8.991010
8 17 6.573659
8 18 6.551720
8 19 3.092056
8 23 7.265617
8 28 7.719147
8 32 5.745750
9 12 4.549087
9 16 4.156317
9 17 2.810393
9 30 7.352493
9 31 6.296132
10 12 9.917063
10 13 3.766256
10 17 4.295397
10 18 6.917801
10 33 1.597733
10 35 6.699449
11 15 9.562475
11 19 9.620396
11 20 2.616163
11 25 3.037382
11 28 6.913858
11 33 7.504751
11 38 9.422398
12 17 9.141845
12 26 7.031732
12 31 6.231229
12 32 8.830333
12 36 9.852370
12 37 6.344171
13 16 5.775688
13 19 8.568889
13 25 2.544264
13 28 6.372579
14 15 2.768472
14 23 7.427772
14 29 2.840671
14 31 5.740219
15 20 9.975248
15 21 7.244806
15 23 2.050924
15 30 2.707196
15 33 9.930900
15 35 9.135067
15 38 6.467572
15 39 4.242112
16 20 6.922400
16 24 1.806912
16 29 6.728636
16 38 6.285402
17 29 6.202863
17 32 6.531986
17 34 1.715765
17 36 4.189726
17 38 2.907842
18 24 2.913542
18 25 4.484040
18 30 4.669079
18 33 6.429203
19 25 5.828764
19 26 8.117428
19 31 4.089072
19 35 4.796494
19 39 9.193790
20 23 5.504378
20 24 6.796643
20 30 5.721816
20 34 6.768373
21 23 2.092989
21 26 4.982248
21 28 5.119405
21 32 4.144093
21 34 2.924491
21 38 7.795149
21 39 9.821907
22 30 4.662096
22 38 2.354712
23 25 7.074873
23 28 9.922767
23 36 9.995996
23 39 6.774428
24 27 7.176022
24 30 6.471616
24 31 5.848159
25 27 9.656675
25 31 7.297167
25 34 2.256912
25 35 3.027043
26 36 9.756221
26 37 5.998352
27 34 9.938858
27 38 5.615208
29 33 9.163880
30 31 2.609454
31 35 3.038975
32 35 1.371680
32 36 9.149531
33 35 1.133440
34 35 2.771819
35 37 5.697610
466.057552 481.910498 237.765685 429.096726 374.726514 473.069760 339.470079 337.985482 372.089621 481.802257 361.115420 387.573300 315.172989 349.615199 284.622074 339.145704 324.443404 465.886206 393.548559 427.603499 225.769882 387.859093 477.959778 251.124210 249.978861 457.772339 473.887076 418.197811 412.121747 398.023357 479.096887 230.265338 275.989791 414.522653 225.827746 291.845661 403.760023 440.465651 483.694650 343.581518
