600
1197
0 1 2.095207
0 2 10.017763
0 3 1.540190
0 4 4.374180
0 5 13.357744
0 7 15.363875
0 13 10.071733
0 14 16.645286
0 22 6.390725
0 24 15.541482
0 33 14.521599
0 36 13.754776
0 38 14.382128
0 39 10.711845
0 53 14.687274
0 81 5.810794
0 84 6.232004
0 100 14.102503
0 109 19.048892
0 119 9.798168
0 123 18.682439
0 125 16.771732
0 131 19.563346
0 164 12.666244
0 203 19.795946
0 249 4.732304
0 262 13.517859
0 283 10.221787
0 335 19.237611
0 366 15.734683
0 367 18.812907
0 369 2.663437
0 439 19.923602
0 462 5.419871
0 482 7.675255
0 509 18.117713
0 571 18.778616
1 2 6.701575
1 5 15.676701
1 12 6.071458
1 25 11.144047
1 41 19.433622
1 89 19.226561
1 129 11.225002
1 185 18.159052
1 559 18.304460
2 3 2.261433
2 6 19.641651
2 10 2.107966
2 46 9.498756
2 72 11.925130
2 89 9.600077
2 90 3.309354
2 91 9.845934
2 117 12.376902
2 136 1.437376
2 163 14.383382
2 164 17.680136
2 174 10.031728
2 240 7.472483
2 261 1.053340
2 308 1.900084
2 323 12.539776
2 340 18.115284
2 364 14.302120
2 428 7.958705
2 472 6.331297
2 486 11.120255
2 513 13.556752
2 515 1.269881
2 534 6.186831
2 535 16.453091
2 546 6.846930
3 4 15.502139
3 8 19.957958
3 10 7.082985
3 17 5.403499
3 23 16.177259
3 29 7.484176
3 46 2.761222
3 54 18.488008
3 65 15.700639
3 87 19.507207
3 88 18.318993
3 109 10.412473
3 125 15.031722
3 130 4.527746
3 189 5.801331
3 191 3.889733
3 269 15.715450
3 282 5.531785
3 286 8.713784
3 387 10.841370
3 483 3.636275
4 6 8.535717
4 7 1.284677
4 9 5.438233
4 28 19.317017
4 47 5.880297
4 57 16.109638
4 83 4.749801
4 88 5.705853
4 90 14.559445
4 94 15.111878
4 107 18.934281
4 120 19.529022
4 146 9.038868
4 182 10.640282
4 186 6.638894
4 208 3.223286
4 215 4.995468
4 228 10.062474
4 265 10.537464
4 279 2.379818
4 321 5.862493
4 579 7.460898
5 8 12.453411
5 12 6.343897
5 13 3.611811
5 16 3.799297
5 17 14.513121
5 38 11.699204
5 58 6.221307
5 85 7.051415
5 126 1.958794
5 127 17.602442
5 133 11.214822
5 217 11.816954
5 274 2.546569
5 313 9.699351
5 352 10.333069
5 500 1.922654
5 504 6.211609
5 551 6.386739
6 9 8.670145
6 11 18.513979
6 20 8.239422
6 29 8.685279
6 31 10.214850
6 36 17.781741
6 96 12.743640
6 101 8.200345
6 121 2.282821
6 122 3.317913
6 151 12.690875
6 288 9.076992
6 297 14.973737
6 324 8.824327
6 325 19.162760
6 365 3.607045
6 479 6.814652
6 592 16.167770
7 25 17.071703
7 45 13.099508
7 54 9.378596
7 60 10.585494
7 82 2.641113
7 115 13.127390
7 176 10.393641
7 185 12.465201
7 214 14.318701
7 274 13.142318
7 313 5.676125
7 406 7.197823
7 566 14.483163
8 15 5.481934
8 79 2.698946
8 93 8.221954
8 99 14.020225
8 187 2.876220
8 272 1.750348
8 320 14.761431
8 547 1.287915
8 550 13.149364
8 592 6.503885
9 11 17.388186
9 14 3.024005
9 16 19.138774
9 26 5.650581
9 33 6.482293
9 35 3.937735
9 48 1.477541
9 64 13.361588
9 74 2.131606
9 113 15.954692
9 207 18.767118
9 210 17.749183
9 223 1.428008
9 231 16.054207
9 295 14.316333
9 349 1.234435
9 425 7.253313
9 499 5.318630
10 19 18.024721
10 20 15.385412
10 30 10.178344
10 31 12.146778
10 41 8.106041
10 154 17.430884
10 187 1.854922
10 424 3.755847
10 487 10.221514
10 504 19.990077
10 527 18.451010
10 533 15.861843
10 555 2.460742
10 594 9.960371
11 23 2.827755
11 27 6.681074
11 28 4.816838
11 42 9.449707
11 50 5.313138
11 100 13.417626
11 104 18.371279
11 258 13.792444
11 306 13.177723
11 316 16.259715
11 341 19.647015
11 408 2.629696
11 413 7.033417
11 489 3.655842
11 555 2.300017
11 594 17.998643
12 37 17.581157
12 87 18.718284
12 97 15.011954
13 15 11.388183
13 80 14.340931
13 117 12.283840
14 45 1.808456
14 51 9.250735
14 80 9.473924
14 102 4.255403
14 131 9.842019
14 134 14.754077
14 201 9.980851
14 222 13.297678
14 305 12.698530
14 324 5.516572
14 440 16.098801
14 493 12.646599
15 18 17.683935
15 19 17.001709
15 49 19.745234
15 112 17.455670
15 155 19.597404
15 275 19.950095
15 285 18.253713
15 293 3.572975
15 304 18.951552
15 389 7.806237
15 554 18.640837
15 583 3.069574
16 21 14.780273
16 27 9.827690
16 37 11.640646
16 128 4.062242
16 152 18.846262
16 169 1.692006
16 205 18.470759
16 206 16.993409
16 385 12.490885
16 462 2.928007
16 552 13.635289
17 18 4.928289
17 40 19.602845
17 56 9.581632
17 58 19.131421
17 61 12.556072
17 69 2.045972
17 111 19.817063
17 136 14.059702
17 144 13.844800
17 232 11.023698
17 338 14.658967
17 405 19.788673
17 461 13.647925
18 24 18.783316
18 75 16.411269
18 85 13.730060
18 96 18.057661
18 151 9.623787
18 181 11.343254
18 227 8.839013
18 257 16.804881
18 327 11.855973
18 336 13.853421
18 443 18.707793
18 569 9.441585
19 21 7.035558
19 30 1.036595
19 34 12.890074
19 52 15.164556
19 93 2.162508
19 102 12.246712
19 407 11.735407
19 475 19.298012
19 599 11.417283
20 22 5.753104
20 44 18.838837
20 338 18.588698
20 372 12.176886
20 386 15.963828
20 545 15.350919
21 86 10.923317
21 115 18.441158
21 171 3.253325
21 200 14.671404
21 463 18.386769
22 40 15.432300
22 43 9.840125
22 62 5.033912
22 72 7.541595
22 127 1.775547
22 138 10.610790
22 204 18.560633
22 211 16.272957
22 270 3.975273
22 533 13.620719
22 593 11.692663
23 26 5.405437
23 47 6.488223
23 48 12.878430
23 63 3.361310
23 84 8.953205
23 97 12.316684
23 98 1.641110
23 111 15.177637
23 122 8.653856
23 124 15.713086
23 180 4.119016
23 199 13.264597
23 215 4.749796
23 294 3.685914
23 315 10.346671
23 389 13.852633
23 441 3.424097
23 444 8.541120
23 451 17.131466
24 70 14.004375
24 81 14.058969
24 176 7.300828
24 259 7.435780
25 130 3.293348
25 405 14.408228
25 490 10.647094
26 49 8.972753
26 311 2.968518
26 484 14.417478
27 68 1.171494
27 77 3.850925
27 107 4.683501
27 449 10.038989
28 39 8.369118
28 66 15.042943
28 68 7.729019
28 76 18.602503
28 101 17.287705
28 129 1.842348
28 153 19.128450
28 167 6.026705
28 181 19.014060
28 221 8.062319
28 264 11.867704
28 371 13.382579
28 409 5.153909
28 487 17.298581
28 508 5.230174
29 32 17.430474
29 35 18.171029
29 44 2.466467
29 150 5.802529
29 153 6.988631
29 163 1.965604
29 188 19.051626
29 232 17.073375
29 234 7.398690
29 265 12.044081
29 300 16.560014
29 381 8.643224
29 461 7.433078
29 561 17.743213
29 564 1.614694
29 567 2.753521
30 32 18.846481
30 34 4.645802
30 55 4.892891
30 67 10.518318
30 135 13.450261
30 179 16.461535
30 188 10.506260
30 266 14.907700
30 468 5.306885
30 540 2.770728
31 62 12.202931
31 67 9.701377
31 128 2.823707
31 156 12.257602
31 159 2.313359
31 202 2.155052
31 225 3.260054
31 361 1.711198
31 433 17.488376
32 42 7.769725
32 137 6.240499
32 270 18.960438
32 329 10.255686
32 409 14.915745
33 143 10.194728
33 197 8.354192
33 230 13.383507
33 320 13.429761
33 415 17.219534
34 95 13.537237
34 105 2.292767
34 106 13.718283
34 145 9.705728
34 278 6.143841
34 315 1.317679
34 354 10.617810
34 438 18.925208
35 82 6.579246
35 132 3.732505
35 233 2.688095
36 43 19.320933
36 92 17.093596
36 192 9.800374
36 200 9.180804
36 280 18.161933
36 302 9.720360
36 307 8.809882
36 340 8.858806
36 345 13.256799
36 390 13.287083
36 419 1.715148
36 491 4.678097
37 76 17.068679
37 113 17.000469
37 162 12.450773
37 254 1.918793
37 257 8.995088
37 550 6.788246
38 73 12.639050
38 144 3.488828
38 152 15.655839
38 175 9.325858
38 290 15.276980
38 330 13.157140
38 347 17.617621
38 386 18.874895
38 575 18.925814
39 56 13.448547
39 66 4.187636
39 78 5.740345
39 86 18.678250
39 170 3.189818
39 194 9.882500
39 214 13.153003
39 239 15.196087
39 243 19.555815
39 319 19.719188
39 337 1.816658
39 360 5.483442
39 422 14.447924
39 440 3.843687
39 471 14.184964
39 484 8.536686
40 140 12.234348
41 299 14.115031
42 52 10.501492
42 63 15.708332
42 78 12.354204
42 105 19.197425
42 112 2.439279
42 133 6.704097
42 182 6.234956
42 273 15.198906
42 307 13.306436
42 395 15.899417
42 475 2.838680
43 441 11.344208
44 180 11.933919
44 266 18.109367
44 273 11.042257
45 57 10.433705
45 150 18.213507
45 172 6.632781
45 211 16.283165
45 219 4.132100
45 241 19.677853
46 50 17.137958
46 149 13.113086
46 177 18.300770
46 193 6.039444
46 198 11.728916
47 51 5.578047
47 148 12.615415
47 302 14.620268
47 334 16.927509
47 384 9.119801
47 434 12.374747
48 370 1.780232
48 453 4.523664
49 59 13.182810
49 118 15.575710
49 226 10.609993
49 296 15.562769
49 332 2.801376
49 514 8.046997
50 53 4.476767
50 59 10.484079
50 61 10.417373
51 258 17.661166
52 79 7.528725
52 92 8.421987
53 55 19.969503
53 69 18.816098
53 77 15.561506
53 99 3.186454
53 172 2.273745
53 252 13.597176
53 303 15.426386
53 457 15.620008
54 70 12.398598
54 108 19.840876
54 135 8.811738
54 243 9.090998
54 379 8.288147
54 574 10.168086
55 60 19.569298
55 98 10.979963
55 160 9.501479
55 184 13.774928
55 289 19.216893
55 416 18.744131
55 596 18.809210
56 74 19.954048
56 157 17.554169
56 173 14.298143
56 174 18.477360
56 212 15.606173
56 221 15.205089
56 244 4.227861
56 271 14.232931
56 423 2.462760
56 426 9.465863
56 439 5.047490
56 460 5.189598
56 494 12.885174
56 545 7.457244
56 577 14.359655
57 191 15.373635
58 195 13.571133
58 207 3.760614
58 299 5.581145
58 467 1.005595
59 64 14.451454
59 73 7.402568
59 137 1.476511
59 193 16.785237
59 203 8.802015
59 224 11.523658
59 277 1.616232
60 65 6.604510
60 71 4.930221
60 134 19.678267
60 159 7.018221
60 287 12.822789
60 348 13.523468
60 357 1.799832
60 427 6.578783
60 486 10.474337
61 165 15.208224
61 306 8.142877
61 362 17.611787
62 103 9.344235
62 110 16.653695
62 310 11.671976
62 432 3.915341
62 448 1.145240
63 114 10.075028
63 175 16.766832
63 471 2.090218
63 510 10.460541
64 179 10.017978
64 318 8.792088
64 391 10.651987
65 83 17.994125
65 94 16.222675
65 305 3.331788
65 522 18.843554
66 106 13.263006
66 201 9.611108
66 229 12.681871
67 71 4.284397
67 119 18.141353
67 178 18.184927
67 322 14.333673
67 353 17.845126
68 75 16.578414
68 138 17.209776
68 256 12.258908
68 328 16.340443
68 452 16.997871
68 491 10.905166
69 212 6.799844
73 240 2.413514
73 242 19.311120
73 280 17.900794
73 359 16.116860
74 183 19.386869
74 213 7.107300
74 247 12.290361
74 337 11.725343
75 108 2.730966
75 110 1.752643
75 121 11.848801
75 132 5.858506
75 275 12.610901
76 104 15.769502
76 116 5.537189
76 124 2.072165
76 246 3.484691
76 341 3.445288
76 421 16.416643
76 503 7.240209
77 189 7.772187
77 195 19.806305
77 318 14.957256
77 477 11.811339
78 95 15.154359
78 177 13.975064
78 346 3.901795
78 396 7.258488
78 411 16.819539
79 194 17.244928
79 346 14.027007
79 422 12.366724
79 512 16.277089
80 373 10.211663
80 382 17.263305
80 383 15.575466
80 430 18.583887
82 325 10.961989
83 378 7.166588
84 262 2.060040
84 263 14.641871
84 406 8.782334
84 437 3.767995
84 447 19.130875
85 149 9.948700
85 161 12.348224
85 226 3.012687
86 91 11.261864
86 357 10.449877
86 376 15.494074
86 410 12.990996
87 223 5.325060
87 260 12.277340
88 234 11.449547
89 255 15.152862
90 126 7.719866
90 455 1.809529
92 114 7.355150
92 147 10.040625
92 167 6.532846
92 178 16.424116
92 235 4.391098
92 249 18.853535
92 277 15.375262
92 283 10.594772
92 348 6.493399
92 379 11.098398
92 595 13.977348
94 459 17.090976
94 564 1.877214
95 147 4.244814
95 400 19.430125
95 539 14.778925
96 116 3.136231
96 145 16.513080
96 158 16.150295
96 190 17.401028
96 209 4.521625
96 268 10.068119
96 271 8.835180
96 331 15.577073
96 430 18.745862
96 584 7.864831
97 298 7.928430
97 570 2.490685
98 142 2.361306
98 294 19.359824
99 298 17.378466
100 168 4.264808
100 388 14.041473
101 103 3.335189
101 123 11.421736
101 199 18.670474
101 394 16.140057
102 148 17.814182
102 206 18.477341
102 217 13.005638
102 368 11.739228
102 580 1.376581
104 139 3.972148
104 140 18.926134
104 329 7.456536
104 479 13.948878
105 118 9.060901
105 142 17.661494
105 162 12.705770
105 168 5.324216
105 170 10.659183
105 186 15.627905
105 219 2.615194
105 264 17.137204
105 375 7.413736
106 497 14.009950
106 521 13.728088
108 120 13.190792
108 225 17.218695
108 528 7.218867
108 532 1.646643
108 547 16.894577
109 349 3.637582
110 146 9.608981
110 183 6.791345
110 236 13.386843
110 260 3.915200
110 292 4.666549
110 443 2.049820
110 597 19.979753
112 157 1.060875
113 161 6.644558
113 381 11.217251
114 192 9.209713
114 442 18.801002
114 505 3.890694
115 158 18.998054
115 213 14.081516
115 511 19.109743
116 431 12.287304
117 575 14.576549
119 435 6.165313
119 529 10.403235
120 238 5.648860
120 412 9.548174
121 202 19.041894
123 141 15.882954
123 204 15.454304
123 322 1.194727
123 599 7.802971
124 328 4.379632
124 431 10.008100
124 512 5.477095
127 282 7.443308
128 139 10.478247
128 466 4.238382
129 239 3.047947
129 284 17.209142
129 384 11.521131
129 453 4.256696
130 336 14.376870
131 244 16.178881
131 518 5.860834
133 528 5.577228
134 224 14.362026
135 368 5.731819
135 496 16.195303
135 565 10.473033
136 141 19.734924
136 160 6.671810
136 360 11.445316
136 364 7.611496
137 553 17.952460
137 563 19.066940
138 143 1.313636
138 292 7.092583
138 535 6.463312
138 576 15.545797
139 166 18.968835
139 190 13.539887
139 196 8.950355
139 256 2.553803
139 398 19.979851
141 166 8.392685
141 205 16.891522
141 220 8.734418
141 250 7.734090
141 287 19.480962
141 304 14.715465
141 310 12.255837
141 501 13.318577
141 598 18.249656
142 218 19.397964
142 247 16.531575
142 330 6.523857
142 343 17.840899
143 245 13.017179
143 276 4.985764
143 293 3.112706
143 392 13.019030
143 507 10.744712
146 216 1.368827
147 269 19.589787
147 473 3.322218
148 297 2.873098
148 521 14.663044
149 156 16.011804
149 417 2.815316
149 529 10.354354
150 196 14.684459
150 242 12.883167
150 510 12.467915
150 557 2.825513
151 154 17.169456
151 238 15.647461
154 155 19.561659
155 229 7.565321
155 374 14.003336
155 427 17.253781
156 407 12.982595
157 218 18.285274
157 253 9.384631
157 312 4.562916
157 527 4.827268
158 342 2.272748
160 165 10.585686
160 171 13.867627
160 197 10.872332
160 237 16.788172
160 444 5.974327
161 169 13.991251
162 245 14.036381
162 291 2.404324
162 309 5.192094
162 311 19.939726
163 445 12.075756
163 536 14.302667
164 228 5.389713
165 418 13.174539
165 420 12.769574
166 316 14.508756
166 382 18.758735
166 519 5.638068
167 222 17.973714
167 331 5.136732
167 537 19.591292
167 589 19.455164
168 284 14.949122
169 173 8.439938
169 552 14.789714
170 286 18.871110
170 404 17.098355
170 581 6.261878
171 198 7.549060
171 209 2.230574
171 281 13.912661
171 424 17.331650
172 435 3.592907
172 476 13.135085
172 518 7.602159
172 525 1.161663
173 428 18.250818
173 498 10.958433
174 184 10.788748
174 253 14.739319
174 290 12.942494
174 502 7.059194
175 469 7.189076
175 473 4.718463
177 395 14.509279
177 584 12.039502
179 237 8.955684
180 289 15.038648
180 524 13.007068
180 554 4.373110
180 580 7.358795
181 210 11.678269
184 261 7.283991
184 276 9.655530
184 519 19.207353
185 230 3.148779
187 267 3.837456
189 553 16.928276
190 458 7.212429
192 423 5.440328
192 458 16.453249
192 583 10.943564
193 544 1.308425
194 252 4.657718
195 227 4.325041
195 231 15.136533
195 246 17.867793
195 291 7.076267
195 383 2.184118
195 478 16.446552
197 236 2.848198
197 421 1.386688
198 390 6.866778
199 233 15.842042
199 375 4.211342
199 530 4.008764
199 578 13.831778
200 241 13.108468
200 447 4.401443
201 582 17.383057
202 278 2.171751
202 355 17.968291
202 454 11.094116
203 208 7.466202
203 254 9.414075
203 413 16.000593
203 451 12.143904
204 301 12.371851
204 387 12.140782
204 414 3.574224
205 496 5.647290
205 572 11.676818
206 216 8.187624
208 358 2.573857
208 403 17.258395
209 279 11.660600
209 288 3.249838
209 326 9.481970
209 372 13.173683
209 414 1.529377
209 568 12.866131
210 263 4.106807
210 314 2.587333
210 362 3.351362
210 396 10.312334
210 400 11.161868
210 448 13.333238
210 495 3.778351
210 520 16.321791
211 495 5.121867
212 363 8.738907
212 464 16.045383
213 374 19.773254
214 356 6.084192
214 481 4.527230
214 531 7.047189
215 248 5.926846
215 251 1.425326
216 220 16.936995
216 235 9.915760
218 308 5.362715
218 433 16.039721
223 332 2.669183
223 470 17.251028
223 572 16.483730
224 250 15.309791
224 365 3.322309
225 417 13.418412
226 511 18.619848
227 438 5.904260
227 493 13.242587
228 323 13.877831
228 500 1.852968
228 508 8.342889
230 281 7.045359
230 385 12.713428
231 255 16.876274
232 251 7.146853
233 314 11.216126
234 267 10.250808
234 388 1.372734
234 482 14.911499
235 356 1.190233
237 503 19.378009
237 541 15.337052
238 557 3.426795
241 272 2.181397
241 303 9.341353
241 326 6.981463
243 248 2.589093
243 556 19.853477
245 452 13.414836
246 467 7.490932
246 489 3.587102
246 579 7.200890
248 259 11.090736
248 317 14.666683
248 429 3.541316
248 596 17.013908
250 367 15.289412
250 376 17.719867
254 399 17.703394
254 568 11.315302
255 401 18.829483
256 523 14.844175
256 597 13.069644
258 442 15.492763
259 333 17.958601
262 342 1.634608
262 343 8.925007
262 380 11.992344
262 410 6.403288
262 456 19.109129
262 560 9.220213
263 268 6.817232
263 295 8.833475
263 296 10.333771
263 321 8.271763
263 485 14.106177
264 333 10.757285
264 476 19.502398
267 350 10.174557
268 285 14.390409
268 464 17.335677
268 514 13.405833
270 312 5.324399
270 351 12.398241
271 392 11.813817
274 549 7.668960
274 565 18.107793
275 465 10.317192
275 541 14.237431
276 478 3.577577
276 485 18.386856
277 347 10.713143
277 513 2.263726
277 567 9.195867
278 339 17.556686
278 393 16.037809
279 361 10.835222
280 300 17.172351
280 377 17.220241
280 401 10.405392
280 526 13.338462
281 359 12.254431
281 515 3.847773
282 397 7.501539
282 425 1.449259
282 573 5.280688
284 363 17.310363
285 335 14.206014
285 408 11.404389
285 558 8.374368
286 344 3.340993
286 380 10.495566
286 587 15.906737
287 377 6.103306
288 327 18.160226
288 397 17.907944
288 399 9.092450
288 548 2.632224
288 598 4.423353
289 309 18.985333
289 352 17.387008
289 459 7.834599
289 556 6.758840
293 353 19.953218
295 398 19.427940
296 449 13.068383
297 334 4.174222
299 317 3.282990
300 301 1.803628
301 551 19.480812
303 394 8.631850
303 429 1.837253
304 344 4.075035
304 350 3.517704
304 355 7.113745
304 468 5.543829
305 465 12.221504
305 542 13.086160
306 418 5.992438
309 470 10.539086
309 501 14.458409
309 544 14.032270
310 339 15.848383
310 371 8.008489
310 391 2.819796
312 561 6.607526
313 373 17.581371
313 480 6.814917
313 582 17.851848
314 319 11.179147
315 402 5.041052
315 488 4.187493
317 571 16.309609
320 466 18.233431
321 492 11.039153
322 403 2.370171
324 590 11.154472
329 345 2.309535
329 432 1.447358
329 445 17.361404
329 457 15.116660
329 591 5.540550
330 437 12.973768
330 569 15.711907
331 570 10.203939
333 378 7.969950
333 581 1.345355
334 416 12.387070
334 474 19.684524
335 369 6.421101
335 586 16.611966
337 351 11.639198
338 354 1.599658
342 358 12.383278
342 497 11.507336
349 370 11.983521
349 456 12.833596
352 516 7.972446
352 593 13.027798
353 450 14.115871
353 532 13.652495
354 393 18.485587
354 404 16.695093
354 539 11.542398
356 460 9.108099
358 411 18.536506
358 494 8.897310
359 420 8.578300
362 469 18.600013
363 366 12.731805
367 587 14.481317
369 402 16.538292
369 490 8.467055
371 483 7.790012
372 480 5.485955
372 498 16.399385
373 446 17.713768
373 492 19.181085
376 506 18.557564
376 546 11.586731
379 415 12.342461
379 548 18.232849
381 543 19.003175
384 559 15.750075
387 540 2.022396
388 434 9.432367
388 588 9.850097
390 436 3.705114
393 436 11.234299
396 446 8.692655
399 472 11.979318
400 522 16.251021
402 563 2.380689
403 537 15.850921
404 419 2.989296
405 463 9.393060
405 526 2.676259
406 454 13.354763
406 516 9.196284
407 586 2.157428
410 412 3.018474
410 455 2.064578
414 426 14.117888
414 531 9.582548
415 507 3.748362
415 560 1.657349
415 589 11.392368
418 450 3.466586
418 517 1.318633
418 591 1.799275
426 477 12.818747
435 499 12.039534
435 562 17.536347
438 474 16.048548
439 481 5.366761
442 595 19.052162
445 524 6.730413
448 590 3.139025
450 566 7.776404
450 576 18.662138
451 517 5.865342
457 505 7.508327
460 534 12.365742
462 506 18.501235
462 523 11.650504
464 536 14.301342
467 502 3.192490
468 578 3.455641
469 588 8.570895
472 530 14.052863
478 488 1.375360
484 542 19.643230
488 520 15.506781
488 538 7.630319
494 509 15.719318
494 549 5.753021
500 538 7.623583
510 585 6.976906
516 525 4.119740
516 543 19.143909
517 585 2.571946
531 574 13.705890
546 562 2.048110
548 558 11.638249
557 573 1.408317
566 577 4.818811
12.398481 11.463442 17.561673 11.828308 16.656228 19.030744 20.010006 15.943152 23.159549 8.650541 6.831223 21.831150 10.593532 19.208187 7.116029 14.174360 23.508597 14.232955 18.123349 20.738299 7.557602 22.032034 7.361852 23.833955 7.991329 17.975480 21.083511 19.049000 11.591254 11.691191 9.904460 15.511112 15.913715 24.266015 12.655748 14.879786 22.139645 15.496631 23.520530 23.595059 21.019858 22.555719 16.622913 7.884522 12.961319 6.898095 10.650987 20.035769 22.043818 9.086949 14.140688 12.160035 24.470647 15.983942 8.300366 21.612334 7.663174 15.036018 8.566108 5.190341 17.679832 6.358071 13.214819 24.721077 13.669658 18.225831 19.860082 8.348441 18.548673 7.015333 19.479178 17.311343 15.601493 8.807625 20.574274 6.012035 8.234861 23.171143 11.183183 14.609821 6.752800 15.876540 14.788255 23.592528 11.834528 11.791352 19.676065 19.181913 5.481090 23.102571 8.285428 19.174157 6.827124 19.337141 23.020883 14.696715 24.390039 12.132453 23.703020 8.391016 18.256471 22.766309 14.422537 13.354013 19.919626 16.191276 22.268500 15.087832 24.134699 17.499374 16.264266 9.995413 18.269236 21.934270 7.397274 9.511950 12.276392 14.400054 7.046484 21.040338 14.754492 18.915487 18.350065 20.225345 20.783150 18.210296 11.642859 6.484143 11.588128 24.351893 17.411057 13.176563 12.866830 7.964551 8.506280 13.036889 10.464976 22.364174 24.710957 19.056202 8.157282 23.923614 18.690445 21.035360 17.019728 11.318980 12.633642 6.444143 9.927542 7.308640 24.703495 17.343942 12.598963 23.747271 11.621261 20.349734 20.136633 10.294248 13.291429 11.726420 15.212356 7.243840 13.811059 23.987168 20.521960 19.969093 6.320777 12.370356 5.224601 14.097669 17.562852 18.345287 6.331963 13.087059 18.996475 9.821678 12.875410 21.287544 18.031637 22.342376 21.186331 17.173377 11.778407 23.327883 8.571601 10.169799 18.277101 24.168403 7.533127 13.980382 21.043136 17.331348 15.950389 6.183022 22.422406 13.949102 18.464633 24.207402 24.655670 10.227054 10.681511 10.975926 8.399853 14.661140 21.059088 6.914598 22.395349 9.036941 10.027823 13.683467 8.772001 20.035583 21.312950 18.555219 6.683743 15.673477 24.119713 14.756662 23.293312 8.809398 12.552112 17.519277 18.064514 20.371785 17.261830 13.040571 11.266369 22.682463 19.773341 10.872651 19.771526 16.770510 14.137606 13.608737 24.874293 17.251349 20.744093 23.398769 18.320370 12.881941 10.216860 24.258016 15.961092 13.350424 22.433157 17.465211 5.235856 16.999658 15.460851 24.756650 18.683173 13.851230 23.246440 14.764667 18.040683 5.910540 18.776113 12.441852 13.331821 21.562533 6.330600 7.292260 8.860183 20.597571 7.584754 14.790894 7.626537 7.601739 7.264143 22.742219 16.870375 13.084525 16.483343 21.623058 16.606880 8.371439 21.196043 21.164392 21.728394 9.124781 13.808755 7.136571 13.362423 21.393763 15.203966 22.505589 20.146640 9.552261 16.269118 16.689140 17.097475 14.402827 20.775824 8.580925 9.497021 22.249112 23.521969 14.180139 19.272825 24.547087 8.603928 6.733486 17.093310 17.283049 23.836638 18.818718 20.641133 13.438662 17.746858 11.009512 23.599931 24.769365 23.916552 7.558107 22.771147 24.438101 11.359533 24.808049 14.922473 6.090375 24.271471 17.600671 12.108302 12.341481 13.631726 22.439566 7.620472 14.149876 23.612086 19.176930 22.430818 11.040016 11.837301 12.457124 21.389115 22.894559 17.615024 14.209873 19.401428 11.252425 16.785958 12.371659 12.274493 12.961127 20.753651 19.011048 9.755252 6.883143 15.002392 22.076312 7.236421 21.590596 6.496457 14.782684 12.485204 10.535702 12.433767 14.210001 5.907193 20.998107 11.799441 13.123077 21.497128 20.592674 17.796100 9.123473 24.735647 11.768699 18.627908 9.191717 15.454030 17.344261 9.318352 13.140388 9.369323 23.263275 14.273119 5.461622 10.115643 17.933349 15.754419 20.374600 20.081261 8.066906 23.040237 10.371081 11.676172 6.204131 20.216950 24.964020 12.469922 19.193706 17.756955 21.152086 5.482193 5.380830 18.926664 18.623742 21.706364 16.275934 12.020074 22.750727 14.341622 23.663572 15.105910 10.902224 13.716998 19.009961 22.438758 19.552115 17.550848 16.326304 14.598616 12.254714 18.197029 24.072354 12.138375 18.064309 13.670918 8.188886 12.496334 15.943650 23.991283 16.191627 20.837395 24.129429 12.718856 17.852449 24.676520 17.800869 7.195158 21.340964 11.273008 5.167148 13.945321 11.964465 6.556005 23.572336 18.613024 10.992437 8.411355 9.758985 24.024944 12.367477 7.081251 22.074932 12.898979 11.402754 20.500426 15.952847 15.058706 18.967096 13.516780 12.798349 20.255572 19.065929 15.807312 20.413066 12.102879 6.385636 11.271918 9.898985 6.725101 14.304082 14.411289 9.047189 12.343985 7.027851 8.109893 18.504307 21.757390 19.160076 17.685993 21.007455 15.014352 22.935300 22.197231 20.810476 20.766303 9.493946 24.864113 8.129365 23.539578 6.544658 13.219341 17.519273 10.808391 13.699894 23.846859 24.431759 16.966865 9.167293 18.583235 22.430870 11.262166 18.983382 12.428390 9.159386 16.913653 7.043185 21.359951 18.238640 8.674750 12.301928 20.082537 15.043149 8.438877 22.189802 12.848796 8.540261 23.370649 10.412092 15.304794 9.240887 16.068173 14.395441 18.825698 13.971510 15.076649 13.078308 10.711706 7.796925 24.200990 8.228655 6.397763 17.627064 23.247435 19.011489 24.672977 18.022947 12.330335 6.224876 16.804101 24.871695 21.751876 6.095927 6.480171 18.976874 20.665893 22.736555 12.717996 13.917683 19.068135 10.850480 19.386604 8.201032 21.873623 12.471536 14.590220 16.213761 10.521893 15.425318 21.190449 19.044254 18.163386 18.750787 12.763951 6.452834 17.967823 13.341899 20.589915 19.638100 18.645519 15.698108 17.773170 19.335827 15.459598 10.184825 17.031094 13.337342 16.362785 14.277111 16.348575 8.598083 17.221275 8.923662 21.782797 23.149175 12.467831 8.839488 7.683243 15.390732 18.204358 9.934108 7.090172 12.249373 8.276074 17.160042 20.796883 18.941219 6.984661 19.944185 15.362527 17.695219 5.178533 10.494159 15.423159 19.044859 9.732113 18.927476
40
152
0 8 6.522946
0 15 9.963098
0 21 1.706142
0 23 9.659110
0 35 9.526959
0 39 5.123261
1 3 6.985691
1 7 1.182916
1 8 2.813243
1 9 4.829987
1 11 6.036294
1 14 8.689970
1 17 2.306456
1 20 6.549021
1 29 3.458021
1 30 8.875530
1 34 5.799050
2 9 2.345017
2 13 4.034723
2 14 8.592330
2 22 3.789637
2 25 2.518924
2 35 2.766074
3 4 8.785960
3 7 9.720009
3 12 6.520888
3 15 2.638668
3 19 8.218031
3 28 4.291310
3 29 5.843080
3 38 3.732707
4 5 5.568232
4 11 2.992861
4 12 2.536795
4 15 8.038961
4 16 8.070682
4 23 1.323522
4 29 1.878271
4 38 6.722064
5 15 9.618206
5 23 3.226834
5 27 6.370294
5 28 6.833802
5 31 5.026001
5 32 1.654795
5 33 9.920601
5 37 7.299780
5 38 4.824978
6 11 2.013273
6 15 3.795349
6 22 2.169758
6 28 3.360901
6 30 7.764699
6 33 8.231539
7 16 5.629767
7 18 3.729614
7 29 3.846596
7 30 3.072984
7 34 9.083504
7 36 4.664525
7 37 1.967319
8 13 5.757591
8 15 6.326833
8 22 1.048149
8 27 8.372266
8 28 5.824520
8 33 5.714312
8 37 9.052428
9 18 6.020359
9 22 4.457745
9 31 8.706974
10 14 2.506785
10 16 3.598613
10 18 5.896077
10 39 7.650787
11 15 7.985587
11 21 9.755670
11 29 8.392383
11 30 9.770799
12 23 2.539690
12 24 9.668931
12 32 6.155309
13 14 6.856238
13 18 2.263313
13 23 2.889548
13 29 1.214350
13 33 8.023957
13 39 6.049231
14 16 5.116641
14 17 8.807254
14 35 8.537957
15 16 8.996323
15 20 5.324068
15 33 3.253429
15 37 3.588337
15 39 7.769771
16 17 6.686222
16 19 5.137115
16 20 6.135281
16 25 6.720244
16 35 1.996181
17 19 5.259353
17 25 4.175428
17 26 7.340631
17 32 3.888372
17 38 5.113088
18 23 7.467703
18 29 3.689472
19 24 2.440391
19 31 5.911953
19 39 8.770922
20 22 2.599287
20 27 5.444057
20 29 3.480011
20 30 9.665059
20 37 2.779450
21 32 4.936613
21 34 2.094760
21 37 4.087696
21 38 3.047404
22 23 4.277531
22 24 5.485846
22 31 6.736327
22 33 7.011523
22 35 8.788373
22 38 2.817594
23 26 2.341644
23 28 3.202824
23 30 7.562937
24 28 6.399604
24 32 7.433362
24 34 6.991256
24 37 7.547866
25 26 4.685142
25 31 7.184323
25 32 8.873766
25 35 2.163985
25 36 9.384611
26 30 7.630641
26 39 8.760697
27 34 2.051226
28 33 2.814792
29 34 8.277477
29 35 4.388788
29 37 1.156074
30 37 6.231144
30 39 8.009177
31 32 3.021754
32 33 5.319496
32 37 3.258807
35 36 8.530933
35 39 4.471844
494.176112 268.124564 266.974773 423.097339 271.393706 442.302432 395.490868 246.974192 512.596364 494.516816 288.996204 307.161680 248.383468 248.031252 388.812596 282.752013 322.883804 333.821166 438.990136 416.652152 295.299254 492.252338 454.413744 508.501043 416.683233 329.275657 430.143403 394.993174 333.062331 274.508644 241.406809 518.043140 468.125775 385.316705 368.934896 426.922378 322.511222 385.218613 313.145720 311.537434
