600
1197
0 1 2.240931
0 2 13.508610
0 3 9.402323
0 4 1.827072
0 5 18.383263
0 9 16.499916
0 10 10.394102
0 11 14.352984
0 13 19.639522
0 16 1.727453
0 20 11.395120
0 47 12.297996
0 49 7.365836
0 54 12.197081
0 58 15.962546
0 75 19.299012
0 78 7.496604
0 102 15.556001
0 104 15.835987
0 115 7.084434
0 164 14.223297
0 185 13.243380
0 186 14.519618
0 190 6.163499
0 225 4.696515
0 230 12.167756
0 264 2.092104
0 295 7.579608
0 302 13.764809
0 305 15.792675
0 343 5.438821
0 351 1.679753
0 383 12.218142
0 472 8.344198
0 526 18.830104
0 530 16.674247
1 2 14.053787
1 14 3.642368
1 24 8.181805
1 28 1.766239
1 36 7.501724
1 42 17.261667
1 59 13.921923
1 92 2.492929
1 102 8.851599
1 107 14.207401
1 109 17.338136
1 143 5.230477
1 169 2.497252
1 176 19.272455
1 239 1.919151
1 253 2.698232
1 419 16.655367
1 475 14.252272
1 497 16.854567
2 3 5.705488
2 4 16.449478
2 12 3.450105
2 21 3.508815
2 23 19.832009
2 28 2.723664
2 29 15.131886
2 34 15.732181
2 70 17.805024
2 76 4.109382
2 86 18.327578
2 100 5.624757
2 112 9.174361
2 119 19.180090
2 174 10.562629
2 183 5.052599
2 202 4.055021
2 211 1.708499
2 234 9.634603
2 240 10.046998
2 287 4.997608
2 396 5.695061
2 429 13.064140
2 489 2.701842
2 576 2.489046
3 6 4.129531
3 7 3.845773
3 8 11.639359
3 11 15.838293
3 12 13.308236
3 21 10.333089
3 27 8.935222
3 31 18.689466
3 39 4.248809
3 60 15.354620
3 70 4.284607
3 81 17.279369
3 82 4.558740
3 87 8.623283
3 101 19.958965
3 142 18.244846
3 172 15.645738
3 199 13.837816
3 208 1.212727
3 246 12.903000
3 270 13.789489
3 275 18.671468
3 290 8.367694
3 295 1.541598
3 333 13.875214
3 344 10.281393
3 354 3.047775
3 377 2.226804
3 384 6.412339
3 408 16.998864
3 447 13.807317
3 468 7.246827
3 480 9.634392
3 490 13.411515
3 519 18.198749
3 535 12.456815
4 5 9.833972
4 6 11.350027
4 7 10.931627
4 15 8.618665
4 37 2.700364
4 53 11.062756
4 62 19.502747
4 66 17.909714
4 71 1.462224
4 72 1.526834
4 122 11.951996
4 193 18.824454
4 223 4.697511
4 249 5.421628
4 330 17.895825
4 416 18.635258
4 459 10.392618
4 467 8.570174
4 539 8.527002
4 549 10.053438
4 555 16.302360
5 15 5.840339
5 65 19.963142
5 88 11.699470
5 89 8.742987
5 103 2.393735
5 120 11.635365
5 133 7.299178
5 134 3.248216
5 154 17.610186
5 156 15.966829
5 162 1.836098
5 167 13.191880
5 222 19.117812
5 241 4.231843
5 259 18.472107
5 291 8.443397
5 362 9.978460
5 395 8.709724
5 428 18.678231
5 486 18.910960
5 520 8.787683
6 8 19.426023
6 9 7.445861
6 10 6.568583
6 14 18.988599
6 19 10.850761
6 22 9.409883
6 23 2.395002
6 24 2.106719
6 26 12.128995
6 32 10.121914
6 35 4.602708
6 41 15.428566
6 47 6.536545
6 57 17.160587
6 63 4.963728
6 72 3.489316
6 74 13.092555
6 77 9.481436
6 82 7.464134
6 85 2.436218
6 100 12.956240
6 113 16.008039
6 114 2.068541
6 125 17.808250
6 141 5.723772
6 156 8.843329
6 171 6.008008
6 180 13.125468
6 190 9.339398
6 203 14.286055
6 219 8.403511
6 239 14.422188
6 289 14.819383
6 326 9.365983
6 364 7.594485
6 424 3.988812
6 474 2.974635
6 587 6.126037
6 596 10.179942
7 266 19.849741
8 16 18.926565
8 17 8.463807
8 18 10.150469
8 22 19.142637
8 25 1.441521
8 26 6.121101
8 29 14.797021
8 31 4.720668
8 35 7.485166
8 40 8.661258
8 44 9.920097
8 46 12.228834
8 49 18.103201
8 51 15.987353
8 56 10.196908
8 69 12.448115
8 79 5.725695
8 106 8.429612
8 118 16.026576
8 120 16.462992
8 150 16.113669
8 159 11.210244
8 192 6.248665
8 209 5.110179
8 220 5.771899
8 232 6.480158
8 247 13.076742
8 255 4.717938
8 285 19.850413
8 286 13.486397
8 310 16.902751
8 336 10.431889
8 349 14.933733
8 380 5.103218
8 393 14.476101
8 410 7.095043
8 418 13.253208
8 472 2.826490
8 480 18.422591
8 487 7.904760
8 500 12.090779
8 515 3.104129
8 571 18.919655
9 13 10.422574
9 17 6.458952
9 54 1.680552
9 65 16.944320
9 89 13.234189
9 93 5.223792
9 96 17.281431
9 116 14.617988
9 125 15.566118
9 144 1.195200
9 157 13.947131
9 163 12.614863
9 194 1.115923
9 201 12.844875
9 322 2.788784
9 417 17.942315
10 27 3.401117
10 37 3.262577
10 43 4.302798
10 88 1.345284
10 108 6.957250
10 137 7.556576
10 202 5.923363
10 214 4.972737
10 235 8.126068
10 238 2.779720
10 267 18.921654
10 381 19.602786
10 456 2.522933
10 545 14.621475
10 595 9.677835
11 20 13.165949
11 55 11.647879
11 242 15.691960
11 299 13.757020
11 357 6.844456
12 30 15.998295
12 50 18.749673
12 73 12.667984
12 110 16.135580
12 132 4.593127
12 232 9.782363
12 246 15.231046
12 345 19.564758
12 389 7.907037
12 536 9.350919
13 41 6.762749
13 56 7.607884
13 84 7.744522
13 105 11.888016
13 127 1.132115
13 139 10.447965
13 146 2.882248
13 260 11.806025
13 341 6.815063
13 371 8.404194
13 431 15.399778
13 478 12.756833
13 493 4.081430
13 548 7.358839
14 68 10.235883
14 90 18.651370
14 159 1.381394
14 196 5.209584
14 271 16.035799
14 362 3.281881
15 18 1.498747
15 30 1.151784
15 44 18.683625
15 60 4.550194
15 69 5.328852
15 109 11.812150
15 150 17.119142
15 187 15.960744
15 189 8.908082
15 198 13.493095
15 218 4.310983
15 256 18.463542
15 296 4.832970
15 358 8.220776
15 370 16.240523
15 378 7.747401
15 392 5.727328
15 448 4.410620
15 461 19.809120
15 464 6.686617
15 475 19.395850
15 498 13.605729
16 38 5.174907
16 50 5.446946
16 61 1.861126
16 62 4.729913
16 117 4.411446
16 138 14.154533
16 144 18.974463
16 145 14.493287
16 205 7.187486
16 268 16.078125
16 314 19.994574
16 342 16.540288
16 385 1.378072
16 465 15.077018
16 470 10.636335
16 496 19.250295
16 529 17.406216
16 534 12.179718
16 541 5.520816
17 33 18.173535
17 53 6.290392
17 126 8.807221
17 229 12.812337
17 240 3.187758
17 250 2.955549
17 261 5.745659
17 276 17.906801
17 301 19.703132
17 325 3.955343
17 339 8.413816
17 372 7.966390
17 434 5.481515
17 559 19.326067
17 567 5.933323
17 596 19.919919
18 19 19.251908
18 42 15.163651
18 97 5.076239
18 101 19.272663
18 108 19.646465
18 127 17.723924
18 128 13.484130
18 129 4.688252
18 149 2.860108
18 197 13.186636
18 229 1.121880
18 254 9.142467
18 273 14.059690
18 375 3.333532
18 462 14.099760
18 516 11.919873
18 582 16.890494
18 598 3.385625
19 46 15.467678
19 64 15.750740
19 91 7.889230
19 452 1.647994
19 553 2.234668
20 45 9.148619
20 51 14.019018
20 166 16.188031
20 521 18.712152
20 557 6.137075
21 40 19.369706
21 61 19.890951
21 280 11.857028
21 396 4.002817
21 449 8.188751
22 36 9.651381
22 57 17.687498
22 83 15.444545
22 112 2.922893
22 130 15.935599
22 155 3.318362
22 244 17.016538
22 317 5.301167
22 334 1.759377
22 398 9.778735
22 440 5.344488
22 537 12.982423
22 581 4.280336
22 585 18.906639
23 25 12.670948
23 33 5.255170
23 94 13.137228
23 178 15.694667
23 374 17.358368
23 423 9.912744
23 513 6.037750
24 45 8.596289
24 63 4.802053
24 135 17.435664
24 258 14.710484
24 438 5.625155
25 132 17.977794
25 151 10.264358
25 255 12.881465
25 289 11.518871
25 334 3.876893
25 420 19.550228
26 71 12.297605
26 93 18.796828
26 200 1.692552
26 210 6.091022
26 310 4.516515
26 473 13.350401
26 495 8.695562
26 564 13.382428
27 52 11.497488
27 140 1.188713
27 186 14.341952
28 81 9.613822
28 105 14.944501
28 461 1.032529
29 32 7.097509
29 92 17.912273
29 106 7.013267
29 149 1.833904
29 157 5.369472
29 250 2.070686
29 282 6.975556
29 309 16.929314
29 486 18.041325
29 507 10.001031
29 551 9.636819
30 511 16.863204
31 67 18.908748
31 110 17.798649
31 193 7.915274
31 404 9.353337
31 467 17.874839
31 487 18.821244
32 34 15.983751
32 48 3.204912
32 52 9.499503
32 143 5.408012
32 182 3.500731
32 444 4.883701
32 540 1.409310
33 38 15.409748
33 39 8.997324
33 64 4.370057
33 90 18.901042
33 218 11.667509
33 220 12.566595
33 311 1.413633
33 443 13.655405
33 521 16.370812
33 572 11.265593
33 591 14.127291
34 58 17.396465
34 115 10.319734
34 407 9.317487
34 450 5.951561
34 527 6.426005
35 87 19.010933
35 122 18.800436
35 131 15.563231
35 170 16.111797
35 173 4.659057
35 204 7.166175
35 290 18.737588
35 346 7.491585
36 43 15.203522
36 66 18.193301
36 74 15.199573
36 179 15.646768
36 279 13.376761
36 285 3.145210
37 91 12.721516
37 188 9.992299
37 315 7.071590
37 419 1.850131
38 170 18.116769
38 265 19.349726
39 79 13.033080
39 119 14.263853
39 131 2.506360
39 153 10.046759
39 168 13.494233
39 282 19.360815
39 440 4.284947
39 543 1.598853
39 561 18.114382
40 67 12.764248
40 94 16.187965
40 262 2.566976
40 300 2.844053
40 324 3.731976
40 353 7.796033
40 430 18.980170
40 492 3.338980
42 48 7.528833
42 99 2.208726
42 123 13.525485
42 153 9.770911
42 401 6.630746
43 55 8.367805
43 68 17.628880
43 75 13.989056
43 77 2.147791
43 84 6.186708
43 114 8.841792
43 263 5.856803
43 387 19.922560
43 452 11.316797
43 471 9.162665
43 482 11.772315
43 544 12.398756
44 98 1.355640
44 394 2.981338
44 398 13.325306
44 543 5.271748
45 95 9.110219
45 96 10.921683
45 121 15.250776
45 145 16.246968
45 195 12.366885
45 248 19.015860
45 263 15.069758
45 301 13.211350
45 423 17.889892
46 332 2.566719
46 348 1.217946
46 426 12.312600
47 59 19.631100
47 78 14.683219
47 103 9.031197
47 148 5.392432
47 328 4.168397
47 460 2.365653
49 86 11.572430
49 172 5.063967
49 199 14.401617
49 247 5.567098
50 337 10.318634
50 339 17.364581
50 415 11.687489
51 138 8.448047
51 507 9.505106
51 520 2.642350
51 579 13.958759
52 80 5.269409
52 168 1.820552
53 80 3.962347
53 226 4.226345
53 570 11.698535
54 133 3.181493
54 146 10.667709
54 162 18.811279
56 97 14.540299
56 209 9.089725
56 498 9.465714
56 577 11.457184
57 248 18.607188
57 546 6.086371
57 594 15.760562
62 231 3.970042
62 309 18.392877
63 118 7.857595
63 206 13.150359
64 116 11.947967
64 184 18.653615
64 277 5.187958
64 283 12.145752
64 481 3.821766
66 206 17.638650
66 479 15.783979
67 124 3.558025
67 191 18.862744
68 147 1.202091
68 175 10.744694
68 542 12.438508
68 563 2.247102
69 147 18.662384
69 319 5.623007
69 321 12.459902
69 456 5.720060
70 73 4.106851
70 135 3.826248
70 158 7.494875
70 272 3.467880
70 464 7.245756
70 523 2.497023
70 589 17.198614
71 76 6.570073
71 117 13.705835
71 205 17.831178
71 252 6.832647
71 425 16.135274
71 519 13.484347
71 567 3.471829
71 580 10.139832
72 151 13.825252
72 215 7.842008
72 221 10.871275
72 297 16.076151
72 405 12.197384
73 95 15.152716
73 136 6.510455
73 256 17.154915
73 368 12.281993
73 525 10.887018
75 121 11.848420
76 284 13.301743
77 173 16.918912
77 505 16.923653
78 85 11.721953
78 98 3.036455
78 233 7.327970
78 268 14.378417
78 303 18.621933
78 365 18.764060
81 141 4.840904
81 210 1.158974
81 215 11.029747
81 484 15.335193
82 83 16.517118
82 129 9.090425
82 358 4.494934
83 111 2.041629
83 161 13.188442
83 187 14.610983
83 261 10.702051
83 403 10.242357
83 421 1.495144
84 356 4.641820
84 359 12.214439
85 158 11.661224
85 217 6.513646
85 414 12.560072
86 346 10.428509
86 357 14.496719
87 177 1.492026
87 180 9.210628
87 196 1.543200
87 245 7.637883
87 329 5.620000
87 356 1.406723
87 509 14.085468
88 128 1.485416
88 296 16.099293
88 386 5.633583
88 412 2.841166
88 458 4.623912
89 111 15.146792
89 336 17.012075
89 426 7.017180
89 445 5.860171
91 99 19.509630
91 107 7.610346
91 154 12.540324
91 160 2.399800
91 242 15.205275
91 292 5.502885
91 513 15.662742
91 534 7.023391
92 104 12.643297
92 325 5.694147
92 365 6.510727
92 381 19.346696
92 429 1.630393
92 465 2.550751
93 181 13.588192
94 408 18.172134
94 506 1.604258
94 516 16.051753
94 581 16.265824
95 224 2.207317
95 483 17.547613
96 281 4.013721
96 433 10.493951
96 552 13.105625
97 142 3.687706
97 331 13.422822
97 351 3.139718
97 374 11.309072
97 382 9.990207
97 406 14.791695
98 347 2.003870
98 453 5.813953
98 556 16.186173
99 137 8.235791
99 194 6.658729
99 207 2.162210
99 221 12.784908
99 266 10.818517
99 559 12.838891
99 590 3.492788
100 134 4.761384
100 277 17.754101
100 448 7.870613
100 598 1.842906
101 161 19.010509
101 191 6.029302
101 275 15.390046
101 288 14.455192
101 327 8.151806
101 373 1.392303
102 163 5.854130
102 236 7.723900
102 237 8.153916
102 270 9.209721
102 326 16.526648
102 363 18.898833
102 442 1.157950
103 136 3.794315
103 259 15.599500
103 557 1.788678
104 244 6.393291
104 251 6.338627
104 330 6.620613
104 477 4.537591
105 538 15.705029
105 580 4.965162
107 549 16.865744
108 177 18.289811
108 192 2.494396
108 308 14.411109
109 123 1.370314
109 299 2.458077
109 332 8.120568
109 560 8.017833
110 113 18.828645
110 175 1.606122
110 184 12.409878
110 185 3.005730
110 200 15.724475
110 491 10.180393
110 502 4.848670
111 130 12.423299
114 126 18.859675
115 139 18.709877
115 140 1.559028
115 401 18.931549
115 505 1.873001
116 287 10.555989
117 284 12.685106
117 393 11.771280
117 547 4.721283
118 216 6.409805
119 165 7.070005
119 251 2.859140
119 369 3.132906
119 391 10.974175
120 152 13.300125
120 183 1.590857
120 307 17.653725
120 514 15.461305
121 451 5.767591
121 506 12.894479
122 155 5.111384
123 124 8.345855
123 532 19.710454
124 376 6.203282
125 227 8.432825
125 241 11.876139
125 395 6.577802
125 535 7.697416
126 148 14.890217
126 179 19.366172
126 367 12.404764
126 572 5.690644
127 345 10.223558
127 477 7.050608
127 490 3.708035
128 212 6.008672
128 237 1.952735
128 316 16.815250
128 432 15.167478
128 479 13.563216
129 164 14.784875
129 181 2.867192
130 305 10.253409
130 369 15.719809
130 544 3.803744
131 320 19.004357
131 575 4.760873
133 204 1.578592
134 252 9.673950
134 317 8.711103
134 421 18.874352
135 390 12.504783
137 152 3.058330
137 478 7.168323
138 278 8.614642
138 547 14.865617
138 548 15.015992
138 551 13.852012
140 165 10.888643
140 451 18.636727
140 469 13.914905
141 169 7.206633
141 213 6.311736
141 411 15.501587
141 515 6.244423
142 233 6.630733
143 304 13.772001
144 195 11.827203
144 216 19.862539
144 236 11.286450
145 568 15.300295
146 223 17.929718
147 434 14.921863
147 497 6.526958
147 565 19.551450
149 166 15.878907
149 174 9.476143
149 176 9.459555
149 178 18.014928
149 243 5.773559
149 335 6.219959
149 341 13.312205
149 359 18.072305
149 388 5.567001
150 340 16.713249
151 207 10.783194
151 214 2.276401
151 323 13.229190
151 368 17.489319
151 500 7.549673
151 517 8.863441
152 201 3.105555
152 219 15.131920
152 294 6.958242
154 364 4.233725
154 530 4.131622
155 160 16.278130
156 189 1.342247
156 488 4.275934
158 203 2.891973
158 300 14.041340
158 518 18.506428
159 182 6.002708
159 431 6.414732
159 484 15.735925
159 554 4.107274
161 335 5.649788
161 342 10.540933
162 197 5.506895
163 280 7.660821
164 264 5.932805
165 167 1.737392
165 238 11.673347
165 422 13.966267
165 518 12.114026
166 361 3.543758
166 501 6.904999
167 171 6.014676
167 258 12.516182
167 306 11.154191
167 348 17.242197
168 459 10.921879
169 524 14.400875
170 188 10.478093
170 323 2.665638
171 245 10.654928
171 427 18.742756
171 443 2.893982
172 457 17.612795
172 527 11.583944
172 541 13.871892
173 390 17.126666
173 405 8.069221
175 502 8.099764
177 225 2.465543
177 574 16.652369
178 211 7.643372
178 294 19.994138
179 379 11.604109
179 503 17.098715
180 413 8.274912
180 435 15.344071
181 212 17.545799
181 599 18.761195
183 224 11.170045
184 198 13.103447
184 318 14.791975
185 217 1.352928
186 420 17.529431
187 372 19.254912
187 522 17.760819
188 228 9.041102
188 329 15.128260
188 446 5.422461
189 274 16.481805
190 267 7.728656
190 463 14.380415
191 260 7.309816
191 262 4.791669
191 288 11.806876
191 433 12.431598
193 319 10.228255
194 387 14.108412
195 226 1.942614
196 231 11.244300
196 293 5.754426
196 416 11.802146
196 494 5.213996
197 312 15.944788
197 512 4.644242
198 213 2.518651
198 322 15.939003
198 375 8.859481
198 540 9.014723
199 435 7.519232
200 558 19.396000
202 230 16.085662
203 338 19.656081
204 344 4.324866
204 352 19.245502
205 313 7.302700
206 269 13.041397
206 363 13.941621
207 208 9.659543
207 265 7.251512
207 320 14.660826
207 380 16.058687
208 227 1.459474
208 257 18.301774
209 306 15.762894
211 222 16.451870
211 291 8.777643
212 228 9.666416
212 504 8.484171
212 593 12.042816
213 274 13.755652
214 234 7.827478
215 302 5.218802
215 402 12.715226
217 271 7.396446
218 293 1.609659
219 316 11.323303
219 555 7.557177
220 243 7.608149
220 254 3.833883
220 361 15.061404
221 269 11.184370
222 276 8.165100
222 278 10.462370
222 286 5.245828
222 340 8.633207
222 349 10.233413
224 283 16.709263
224 303 12.975184
224 457 2.882388
225 249 3.887998
226 253 1.088699
226 343 19.579291
228 235 11.428511
229 397 8.095678
230 347 17.435714
232 273 16.247572
232 360 17.956578
232 399 12.483360
234 318 12.993694
234 366 17.618733
234 427 12.664295
234 430 5.922839
234 582 13.661219
235 279 14.636818
235 298 14.183688
235 415 4.026104
235 468 6.100502
237 438 3.884128
238 298 19.198838
239 321 1.531079
239 327 7.470022
239 439 2.511200
242 493 1.725297
243 331 13.332455
243 382 15.383472
243 418 6.562575
244 308 9.413464
244 489 5.827304
245 257 14.884268
245 511 16.337793
246 476 5.374223
250 583 15.561663
253 350 10.788301
254 488 7.367638
255 281 5.803451
256 350 11.641305
258 324 12.479892
258 337 7.409686
259 272 17.502537
259 338 16.852567
260 385 8.908599
260 437 5.898357
260 592 9.305114
261 315 7.759179
261 411 8.038953
262 328 3.259644
262 508 12.119766
262 588 15.174656
264 499 15.905911
266 460 1.110624
269 528 13.606931
269 556 10.052144
273 404 1.491318
273 562 13.598877
274 297 9.339929
274 307 3.531754
274 377 15.021870
274 445 11.734815
274 504 17.980804
274 528 7.397089
274 579 19.053776
276 458 4.317425
277 386 8.380791
278 333 12.240796
279 353 17.712347
279 389 13.884019
279 510 4.809676
279 533 1.285822
280 436 7.986145
281 367 15.283473
281 554 5.167013
282 312 19.173841
282 313 11.753443
283 436 19.657027
285 292 9.419738
286 366 17.192634
292 360 2.188198
292 566 2.019914
293 422 19.087177
293 569 5.823414
294 455 17.727162
295 441 7.470657
296 304 18.160667
296 311 8.333240
296 403 5.532105
296 529 18.547659
297 553 13.554403
298 314 16.872099
302 391 7.294323
302 407 14.537176
303 355 10.428263
304 354 1.255558
305 397 2.301648
305 568 11.496697
306 576 2.931717
307 526 12.625170
307 587 4.342093
309 523 2.168327
310 370 10.963508
310 409 13.809943
310 446 10.092842
311 414 16.774354
311 517 6.588430
312 476 18.837779
312 599 4.615899
313 531 12.022757
318 376 14.420864
320 442 5.144354
320 453 4.228919
320 454 6.015581
324 424 5.249655
324 533 1.727037
324 565 16.762303
326 378 11.079472
326 449 15.348847
326 574 5.875308
328 400 16.426323
328 573 8.417619
329 355 4.857791
329 466 12.655079
329 563 15.388564
331 470 10.240541
332 503 9.257017
332 578 16.763423
333 410 1.397601
337 525 5.903147
338 499 9.003779
338 509 12.675783
342 383 7.148380
345 428 10.010800
346 384 17.036187
347 352 10.710035
347 399 11.294001
348 371 6.967040
348 402 11.373012
350 481 8.158660
351 394 2.867616
351 447 5.551000
351 482 15.726888
354 532 2.251691
354 589 12.138869
355 425 16.344446
361 406 7.649011
361 417 14.964858
361 566 11.472855
362 400 10.986232
362 496 3.632171
363 578 17.280003
364 437 9.940471
364 450 2.190922
364 550 8.505991
365 586 9.587024
367 466 1.629372
368 373 19.594954
368 597 11.305893
370 444 16.434723
372 379 15.422562
373 522 2.241786
375 463 14.819656
378 454 14.527504
381 573 12.181038
382 455 15.292082
383 412 15.520807
384 392 8.587805
385 388 17.862410
387 413 15.849841
387 510 8.429130
387 524 12.896317
390 471 16.873852
391 474 14.504068
393 538 2.119103
395 550 6.179233
405 409 12.926326
410 432 19.414096
410 537 12.384120
412 552 4.653507
414 495 17.864017
415 501 12.634763
418 439 12.611748
419 483 12.151288
420 469 6.142248
420 545 1.876031
421 473 11.088358
423 571 3.854460
428 492 11.411107
431 560 9.163958
433 441 13.061884
433 491 13.156339
434 494 10.160963
436 585 5.125521
437 586 10.344385
439 462 14.493018
439 531 3.540021
444 569 2.890207
444 577 1.745198
444 595 10.355809
447 583 15.359754
447 590 11.940536
448 508 19.482704
450 546 9.832339
454 594 6.587736
463 485 7.249956
466 485 12.587600
480 542 11.803296
483 514 13.328419
494 512 18.113693
503 564 5.026044
509 597 4.427945
516 536 14.238077
526 562 2.364463
527 539 9.501859
528 593 7.273599
530 561 9.720165
533 591 19.637182
536 558 13.368027
549 584 5.146303
561 588 19.968537
563 584 11.210064
566 570 7.467421
568 592 15.554363
571 575 1.701215
13.891528 5.097290 11.355553 8.812338 21.129819 18.222027 22.161825 10.002276 7.096258 20.354797 13.529361 22.817354 17.269582 22.323804 11.677552 11.553921 17.503350 16.116254 9.214794 12.493520 12.148566 7.590468 23.622219 16.301330 13.974126 22.621877 8.280495 22.144504 8.794520 17.709719 9.153393 20.471484 18.320661 18.665184 19.593465 24.035103 15.576703 17.088803 21.104948 20.249291 11.165203 8.986647 22.273958 23.312420 11.609351 20.718150 9.034225 21.623499 24.878775 10.345802 22.057293 10.023598 23.512091 15.470417 7.321644 7.133158 19.623752 17.179200 7.657842 15.807259 7.503890 23.038226 11.808626 17.454539 11.742129 22.851848 7.734893 12.535940 23.861027 18.165072 22.462448 23.399392 14.727296 19.641148 5.983656 16.861842 8.889901 8.229669 11.706581 13.652630 24.776247 18.634462 22.255180 19.084927 7.654362 24.257240 9.590242 12.789534 16.487233 15.743150 24.870550 15.664513 7.747815 21.803777 18.800004 16.527123 24.730571 8.417809 8.573745 24.362368 22.452026 6.359004 18.218304 8.524582 14.460417 22.966922 22.451467 10.053278 16.733922 15.249546 24.204852 20.102792 23.065956 7.186441 20.367051 9.798589 6.632408 10.882554 10.998038 7.026754 9.657572 14.727492 14.260833 11.151746 17.531241 18.703913 7.982710 18.025669 20.079065 13.100992 11.298097 21.963040 21.668355 14.386905 19.726034 16.368215 7.153694 7.224148 9.756637 6.225776 7.402785 22.625149 15.629401 12.316223 9.752842 19.155530 21.934478 6.822746 10.978317 22.795515 20.193354 9.129667 14.428651 5.889910 21.238292 22.427223 18.723747 20.844933 5.376757 16.604091 16.505324 6.862009 18.952900 13.158593 21.312192 20.504402 13.645542 19.128414 23.863974 5.820743 23.453906 24.335195 18.593795 20.784742 5.406945 11.477197 18.376972 10.143158 6.456558 5.419119 22.943443 11.654375 15.020667 17.496829 22.936940 15.234967 22.554886 24.109949 9.088120 24.637796 23.374906 13.862052 22.724722 22.622977 16.510834 8.154809 22.648902 19.117830 15.123867 10.120577 13.364969 18.656688 7.731152 21.288246 17.656068 14.218027 21.472804 5.910797 14.411477 21.191524 15.347072 8.959494 11.860830 15.661011 12.271727 22.682644 17.092619 22.723537 16.637538 16.306482 7.961779 7.636508 7.544086 16.009583 6.035338 16.812140 12.322806 23.456009 14.238580 16.563620 9.373343 12.390585 14.232438 7.354936 20.678129 13.945724 24.174845 24.890143 7.673251 9.546502 9.863672 22.483005 7.010811 12.596131 7.299950 12.178707 17.900907 24.419339 15.435289 18.191204 5.296912 18.788669 8.681324 16.165060 21.466406 24.980613 9.787240 6.196898 14.659265 15.973267 18.764712 10.308942 12.179955 13.113961 24.315881 19.207824 11.571187 13.580963 12.501411 20.116013 24.756675 19.856549 16.774941 15.032207 23.845735 20.224995 8.934133 6.636583 21.916022 21.539246 10.900582 15.856177 20.989989 10.028600 21.095687 18.941196 10.504059 6.762682 24.061831 5.398746 21.482290 17.948471 17.783430 23.331567 7.910398 24.788897 13.858731 12.158080 6.932788 13.122058 12.299636 15.925413 5.621260 23.724461 9.487166 14.955968 9.430780 24.622468 21.097407 13.110953 24.770918 5.903912 14.652245 19.239843 23.160532 15.569077 19.726592 8.185780 18.212177 9.375065 8.429483 16.281190 21.922171 8.255788 22.618019 5.470588 5.017434 24.068354 14.694479 16.758634 11.352923 14.449650 5.163840 16.937470 15.526767 19.328332 12.104441 12.482947 6.700262 20.401602 22.479763 19.032905 14.835086 15.131411 9.230468 15.044080 5.497548 11.561067 14.291744 5.474169 23.449231 10.431728 13.273966 17.079346 18.339836 10.570000 8.713657 8.920851 10.203908 19.213151 20.638757 19.126502 15.511881 18.583796 7.293120 18.279026 11.516384 19.940359 18.999222 17.332233 22.823709 20.812431 5.810774 21.358064 11.401611 6.540434 20.431613 22.445841 23.401092 24.783799 5.936734 12.093041 6.553396 17.491856 15.833558 22.627198 19.639571 20.647718 20.185131 13.578035 16.320543 23.627840 7.553476 13.912956 13.419977 19.059518 20.908999 22.065730 23.453483 10.145216 16.517916 10.987343 7.907635 15.032696 18.985579 21.880973 9.001822 8.258017 6.924241 23.731271 24.705950 22.827799 12.598587 23.935521 24.730058 9.804440 15.395482 20.002171 6.229815 15.849740 15.353220 20.799691 19.875936 24.916933 10.739550 24.798497 16.702844 20.772603 9.507966 24.247262 8.641370 21.692162 16.477124 15.108725 17.054612 11.926073 21.927731 9.731661 11.247657 14.585852 7.881527 22.543861 5.809227 22.640759 5.820881 7.979484 20.844701 12.540216 5.096578 21.742561 18.937848 8.293323 5.561422 15.933283 19.978532 18.596979 22.776489 7.909720 17.327649 23.364712 11.171487 18.773889 10.543050 6.921356 22.433847 6.568490 20.156346 17.454049 24.837617 7.711902 7.485264 15.463511 20.722888 24.445526 21.760578 9.562818 13.006282 14.697820 6.845215 6.207624 19.012373 16.424469 16.253858 24.690267 14.170685 9.237308 24.993864 20.754548 17.142640 22.903924 11.680164 5.989572 17.635660 10.541535 12.497503 11.007603 24.267893 21.788246 11.643214 8.338137 23.781666 13.043060 15.433152 14.283349 13.677950 11.382554 5.340561 6.553457 6.091482 23.711839 18.355233 22.141939 13.481361 19.931399 22.492470 7.882629 16.751606 12.446900 11.071533 6.039286 22.901662 6.647705 22.547809 14.364877 13.724486 10.531091 7.029789 16.597089 20.099438 18.048971 17.219549 18.753006 20.227004 9.850790 6.219046 5.723161 17.244221 16.638318 11.558990 20.380782 18.684628 7.726160 13.883720 17.084788 21.155537 23.432808 8.338550 19.660733 24.419461 8.745447 16.129924 8.659586 16.805171 16.810070 22.614723 11.837662 16.477405 19.245078 14.778169 7.555711 13.793666 7.919802 17.277848 17.637017 15.272136 11.201177 13.024778 13.120438 21.727090 24.759279 18.033360 19.869237 13.782045 7.322484 13.788084 5.460515 22.827573 23.113968 9.040478 24.680722 7.887420 15.323458 14.310023 8.673706 6.463707 14.142603 5.436657 18.262283 20.039604 20.042537 22.388199 9.099822 11.342839 11.951329 11.161038 9.204693 10.963653 23.464426 7.892915 8.995867
40
143
0 5 6.177670
0 9 1.299534
0 13 4.804023
0 14 5.100428
0 17 6.132114
0 20 6.909805
0 21 7.910278
0 25 6.106974
0 26 2.561650
0 27 2.514345
0 33 1.541363
0 36 5.637178
1 4 4.473147
1 8 3.271204
1 21 2.285820
1 26 9.761344
1 28 8.092058
1 31 6.495134
1 34 1.842822
1 39 5.746731
2 3 6.870244
2 5 2.412421
2 7 1.983699
2 9 7.523317
2 14 2.412088
2 23 4.709999
2 25 5.837818
2 37 7.661347
2 39 9.893285
3 8 8.096942
3 14 9.705723
3 15 9.387838
3 18 6.705698
3 20 9.276225
3 33 2.242079
3 35 9.233762
3 38 2.981573
3 39 7.510615
4 5 4.293357
4 9 1.921155
4 16 9.569643
4 26 9.463596
4 28 4.919987
4 34 7.983343
5 32 5.955459
6 11 2.965037
6 12 3.478349
6 13 2.257294
6 22 5.803484
6 25 2.514265
6 26 8.719848
6 30 8.442840
6 32 4.564207
6 33 8.280824
6 34 2.711039
7 27 9.918111
7 32 3.643297
7 35 2.524490
7 36 1.781712
7 38 8.099614
8 9 8.546773
8 15 2.748057
8 17 7.382973
8 19 1.105979
8 21 5.645383
8 22 2.174457
8 25 1.678519
9 11 2.307663
9 21 2.157076
9 27 8.857969
9 28 4.302209
10 15 1.062467
10 23 7.288648
10 25 5.692198
10 28 1.606358
10 37 3.049293
11 17 6.461288
11 20 7.407195
11 23 5.872967
11 30 3.125618
12 14 7.970396
12 18 7.852626
12 19 3.468124
12 22 3.469742
12 26 7.372149
12 30 7.075222
13 15 9.792408
13 21 8.618910
13 31 3.600402
13 33 1.611573
13 34 3.311122
13 37 4.185339
14 22 9.947090
14 24 8.436345
14 30 2.279143
14 31 9.282222
14 32 5.529962
15 17 8.969463
16 20 5.238776
16 23 2.550508
16 24 6.549979
16 34 1.707849
16 35 9.705255
17 25 2.411178
17 30 5.691605
17 32 8.706295
17 36 8.644196
18 34 8.798320
19 21 8.620414
19 28 4.567256
19 34 6.734379
20 21 5.637078
20 29 4.576577
21 26 3.170058
21 31 1.884296
22 31 6.997264
22 32 4.923920
22 33 2.815495
22 36 4.050424
22 39 5.879414
23 24 9.046803
23 27 1.983165
24 26 3.313314
24 28 1.621088
24 32 4.415064
24 33 2.083235
24 34 1.244764
26 27 5.898403
26 31 9.319605
26 35 1.544106
27 38 7.274396
28 30 4.158569
28 31 3.960173
28 39 6.604355
29 30 7.672896
29 35 9.850322
29 39 8.116974
30 37 1.253448
31 36 2.052022
31 37 4.921439
32 36 6.388335
33 38 5.875649
34 35 3.488389
257.581264 412.993737 435.381256 504.352252 408.625474 381.345323 357.429149 388.616682 445.441332 330.045213 277.138168 409.197316 337.991769 345.768333 456.865664 418.688433 268.146640 507.366986 435.114558 396.660195 325.472034 242.892686 375.928519 483.664727 346.440206 391.886980 514.156806 412.720254 461.461964 416.047241 414.349723 459.315616 405.078100 406.253438 291.742561 337.345969 469.065999 445.435599 446.880441 453.079833
