600
1197
0 1 11.954112
0 2 8.510098
0 3 16.634972
0 4 6.845169
0 6 17.925927
0 10 12.518065
0 11 15.029175
0 13 17.426454
0 16 15.605659
0 17 7.274373
0 29 10.543755
0 32 9.725859
0 49 6.844280
0 50 19.798341
0 62 14.831470
0 65 7.672964
0 72 14.670277
0 76 5.658380
0 78 1.031594
0 120 9.228862
0 124 15.043469
0 155 6.479620
0 166 8.021625
0 168 13.768625
0 212 1.362038
0 228 11.702158
0 232 11.823064
0 253 7.979436
0 258 1.064430
0 283 17.495185
0 302 18.035307
0 306 5.004597
0 375 6.594431
0 418 11.803199
0 487 13.005574
0 509 2.390308
0 576 2.790789
1 2 5.281047
1 3 17.083772
1 10 5.076785
1 18 5.426866
1 28 6.859305
1 31 14.518672
1 56 1.991683
1 76 19.063130
1 105 18.771120
1 155 10.476388
1 198 19.187587
1 210 6.535350
1 225 5.482757
1 246 18.229113
1 247 3.163728
1 268 2.913331
1 288 14.322188
1 334 10.216412
1 539 17.072613
1 595 16.801424
2 4 2.055315
2 6 12.811556
2 8 10.348280
2 16 16.131074
2 23 2.633230
2 25 14.258797
2 34 2.264838
2 35 17.536089
2 38 3.728115
2 42 2.528724
2 44 3.491112
2 48 7.698806
2 74 13.134506
2 78 8.280535
2 98 1.429392
2 107 12.783500
2 170 8.412064
2 191 7.568112
2 214 17.902244
2 216 5.399781
2 357 18.680378
2 400 8.546106
2 462 9.049122
2 562 16.960721
2 597 1.375009
3 5 14.670241
3 7 13.470651
3 12 14.848107
3 22 4.307957
3 57 11.306007
3 71 6.525566
3 88 7.093324
3 106 10.279139
3 126 6.259024
3 165 17.365394
3 175 7.170486
3 182 11.263303
3 195 10.065504
3 301 6.058329
3 318 9.825157
3 347 14.506555
3 364 8.712929
3 397 15.594832
3 406 16.474925
3 427 19.673368
3 434 14.677273
3 454 15.546029
3 455 4.440014
3 472 19.323132
3 473 10.097336
3 489 2.581346
3 576 11.274454
3 583 15.218527
3 585 3.226215
4 5 9.968309
4 9 19.417882
4 26 9.719435
4 33 2.309042
4 38 19.373404
4 47 2.729558
4 61 2.750654
4 106 19.348831
4 115 14.974463
4 157 13.799573
4 233 7.317170
4 322 12.279744
4 338 19.796329
4 373 17.507089
4 437 1.368194
5 7 18.533472
5 8 8.284856
5 22 11.486681
5 33 4.629484
5 36 18.413959
5 43 2.438547
5 48 16.052389
5 55 7.638276
5 63 4.644977
5 64 14.771954
5 75 7.499933
5 82 16.907698
5 105 4.070995
5 117 2.604040
5 169 7.997960
5 179 12.960633
5 213 11.371580
5 217 8.742090
5 260 12.758865
5 282 15.820550
5 295 9.622054
5 313 19.120308
5 320 19.879511
5 322 1.204026
5 327 11.720148
5 346 8.163241
5 372 9.779399
5 429 10.126798
5 435 9.100573
5 457 15.325355
5 596 15.252364
6 14 6.769387
6 21 9.249802
6 67 13.428755
6 83 13.247249
6 99 10.952742
6 184 15.785273
6 450 10.795416
7 11 7.047701
7 17 17.718449
7 19 8.130474
7 25 19.533572
7 134 2.705571
7 150 12.158643
7 237 8.070631
7 249 12.588136
7 280 17.668484
7 295 7.082470
7 336 15.177833
7 390 11.044466
7 449 5.646173
7 495 2.111325
7 512 6.378065
7 563 18.518767
8 9 14.412458
8 15 14.331027
8 20 5.115864
8 31 15.637554
8 50 9.059380
8 66 4.520266
8 80 1.648423
8 102 2.289033
8 126 5.788823
8 147 17.389390
8 151 17.199821
8 154 14.251018
8 177 19.781846
8 257 16.251690
8 315 10.112616
8 321 1.751905
8 363 12.308361
8 369 11.665962
8 380 7.307863
8 449 6.291069
8 451 17.307284
8 460 15.236838
8 511 2.902810
8 551 12.729339
9 12 12.756634
9 20 15.937569
9 24 10.447219
9 35 2.969045
9 54 10.550803
9 55 7.478504
9 69 1.196501
9 90 1.448654
9 104 12.270655
9 114 12.827160
9 125 1.135029
9 161 10.957287
9 173 11.227892
9 202 16.301138
9 238 3.665889
9 249 9.025057
9 261 2.031639
9 290 2.939734
9 320 11.514208
9 343 13.981294
9 396 8.126632
9 507 3.920234
9 520 6.856447
9 527 8.620244
9 556 18.890038
10 13 3.886935
10 133 10.431542
10 180 7.637344
10 233 11.808201
10 303 13.945137
10 429 9.246197
10 480 7.656729
10 509 17.751455
10 511 18.852809
10 513 9.351396
11 14 2.007557
11 15 17.994899
11 18 3.785010
11 21 16.990546
11 37 1.687816
11 44 4.982092
11 108 19.527958
11 152 1.016911
11 193 8.079057
11 225 8.691298
11 264 8.005332
11 306 15.665721
11 309 1.201790
11 323 1.938708
11 370 10.915323
11 393 14.911666
11 464 5.278652
11 507 14.559169
12 64 2.339846
12 114 9.684711
12 182 6.494583
12 195 6.525518
12 282 7.937608
12 348 6.035175
13 30 8.241356
13 36 4.379375
13 52 3.215596
13 79 5.668238
13 172 8.708719
13 199 16.118024
13 252 17.570633
13 381 12.458300
13 567 10.454893
13 594 6.456827
14 32 8.546127
14 53 18.510784
14 95 14.952916
14 104 17.985025
14 143 9.456006
14 425 18.248923
14 587 12.433276
15 19 4.730461
15 27 11.994354
15 43 18.840912
15 45 8.253259
15 54 13.277085
15 85 12.621544
15 92 12.210102
15 96 2.077054
15 113 17.090758
15 120 15.203748
15 142 1.728428
15 275 10.947989
15 304 4.683782
15 332 19.258790
15 340 10.043055
15 342 19.902800
15 344 10.783613
15 418 4.905022
15 520 3.406962
16 65 17.124974
16 99 4.068447
16 145 6.306754
16 310 15.631806
16 329 10.425688
16 402 5.791171
16 403 4.064789
16 419 16.359329
16 420 12.391724
16 426 1.518292
17 52 5.340905
17 214 6.032579
17 259 17.654545
17 594 12.511359
18 27 18.883098
18 49 14.907025
18 89 7.666133
18 245 10.044130
18 348 14.179784
18 544 7.966921
19 238 8.451556
19 269 19.950156
19 286 18.665762
19 325 19.149014
19 500 1.961088
20 73 13.717345
20 464 6.184413
20 502 13.008757
21 24 10.479209
21 26 10.030498
21 41 4.420926
21 68 1.567623
21 86 14.739047
21 92 3.948952
21 148 10.555240
21 183 6.969584
21 248 5.319321
21 266 13.520678
21 280 10.542149
21 305 12.322591
21 390 1.774063
21 401 6.496037
21 405 4.669364
21 580 14.539660
22 23 13.461563
22 30 9.889344
22 51 18.593561
22 61 2.321787
22 70 2.425913
22 80 11.735799
22 135 17.925036
22 147 3.585342
22 202 6.104500
22 340 3.968624
23 115 19.254713
23 337 7.342074
24 28 9.347836
24 29 7.077803
24 34 6.683808
24 41 7.683415
24 45 9.357843
24 46 4.165757
24 69 12.333228
24 77 9.457901
24 91 8.771540
24 108 9.446455
24 112 7.511399
24 122 5.033138
24 124 15.152512
24 172 1.640939
24 286 11.917876
24 394 10.665076
24 444 8.947432
24 481 7.858107
24 502 15.999525
24 537 18.395123
25 40 14.292272
25 171 4.373873
25 197 2.672935
25 215 15.539141
25 292 6.567331
25 470 8.783454
25 474 15.073327
25 475 15.514511
25 530 6.690468
26 42 1.987572
26 59 12.558334
26 83 3.307224
26 121 1.074429
26 139 18.943038
26 171 15.250634
26 179 11.929021
26 222 2.523014
26 259 11.188819
26 298 1.503935
26 301 3.739407
26 355 9.298021
26 387 8.376486
26 453 10.874049
27 60 17.630366
27 176 17.513677
27 188 12.289528
27 242 12.048941
27 296 4.932554
27 593 3.422215
28 101 1.556004
28 236 1.875673
28 559 19.568267
29 40 16.270881
29 47 3.782811
29 58 2.488580
29 77 13.993066
29 224 1.764924
29 236 15.237309
29 294 3.864896
29 379 7.656214
29 404 15.856523
29 552 16.581792
29 574 5.572667
30 53 15.897650
30 86 19.348327
30 103 18.723075
30 130 8.273030
30 160 2.499539
30 166 5.414984
30 185 12.976683
30 281 15.491436
30 317 8.043019
30 350 1.383901
30 384 15.069314
30 465 13.435252
30 531 8.526360
30 549 17.984855
30 589 9.937776
31 68 1.525096
31 284 19.852643
31 428 3.273809
31 440 11.660518
32 51 13.118877
32 153 1.544048
33 46 2.324977
33 174 18.131669
33 366 14.886538
33 381 13.911019
34 74 14.968063
34 79 2.371369
34 110 15.849255
34 113 18.081681
34 201 10.074291
34 240 7.120285
34 290 2.845048
34 303 2.260178
34 346 6.652674
34 359 13.290233
34 393 17.080061
34 412 5.610734
34 420 15.366186
34 525 15.032232
34 567 6.899896
35 37 9.481646
35 39 6.703084
35 56 7.975195
35 73 17.577606
35 129 1.982428
35 184 18.730523
35 463 10.155540
36 39 18.380774
36 180 3.462914
36 260 3.552908
36 590 17.057173
38 149 17.901728
38 197 5.656020
40 59 11.898290
40 60 12.005550
40 66 19.697709
40 94 7.132993
41 506 8.156014
42 118 10.060808
42 188 2.608028
42 192 7.323758
42 265 3.174489
42 321 12.405703
42 430 6.099399
42 519 10.232202
42 579 7.103456
43 62 6.352719
43 138 7.294410
43 250 7.023163
43 275 4.093604
43 285 13.432144
43 362 8.195562
44 67 4.587752
44 97 6.891960
44 98 17.791424
44 227 18.674356
44 315 17.625684
44 518 12.802018
44 592 5.653880
45 220 6.185378
45 263 2.993644
45 285 1.072187
46 273 12.873319
46 514 2.583705
48 109 4.410398
48 165 9.223885
48 216 9.086654
48 279 1.321414
48 313 15.488794
48 333 18.355726
48 345 7.446954
48 351 8.031359
48 356 17.982319
48 452 17.367665
48 547 7.796902
48 573 7.730424
49 111 9.632755
49 192 18.000850
49 205 6.434728
49 230 1.891442
49 235 2.988882
49 456 13.138348
50 131 8.398041
50 271 5.427760
51 94 13.430678
51 141 4.479066
51 154 5.972894
51 158 1.187957
51 221 3.066042
51 262 9.655861
51 289 16.701879
51 314 8.797852
51 374 13.571337
51 568 14.059051
52 57 7.523962
52 58 7.182523
52 81 14.134630
52 84 15.636973
52 87 1.830340
52 88 6.054269
52 96 4.439184
52 219 3.197203
52 338 3.870723
52 388 18.603199
52 469 7.722587
52 536 7.909083
52 596 19.735936
53 75 17.265744
53 93 7.416093
53 141 6.553313
53 143 14.664625
53 337 15.644681
53 547 15.206161
54 140 12.630402
54 162 15.394394
54 226 5.360662
55 152 17.112392
55 221 10.280054
55 251 7.644564
55 385 12.242975
56 63 2.955464
56 110 12.807418
56 116 2.597296
56 121 15.555268
56 123 18.025862
56 201 4.841338
56 267 15.152392
56 360 16.192400
56 387 18.648536
56 399 5.002798
56 469 19.138136
56 488 18.338830
56 541 16.039527
58 103 6.635062
58 119 7.903202
59 70 11.111210
59 95 3.218045
59 251 6.743210
59 377 1.616095
60 71 13.795038
60 107 16.497108
60 157 6.611095
60 170 4.541817
60 237 11.367295
60 272 15.679479
60 483 18.016187
61 102 8.838690
61 127 7.648475
61 158 12.654420
61 255 7.583065
61 284 15.824065
61 419 12.756063
61 597 15.395260
62 161 12.285570
62 178 9.345669
62 368 17.048178
63 89 1.770822
63 187 4.170606
64 131 15.720293
65 90 4.446916
65 93 15.323791
65 232 4.951937
67 72 8.150544
67 148 6.212243
67 199 11.973256
67 325 16.370650
67 434 19.507562
68 311 11.801734
68 402 2.338272
68 564 11.438186
69 167 3.577375
70 84 8.370489
70 130 16.878993
70 211 14.529265
70 294 2.929047
71 100 11.671073
71 194 17.844119
71 224 3.685918
71 247 16.335859
71 353 19.095729
72 123 10.419314
72 132 8.875841
72 142 5.664738
72 167 14.512786
72 186 1.344695
72 220 14.232563
72 235 10.114368
72 241 11.270706
72 372 16.682269
72 408 12.214751
72 572 10.153430
73 82 15.549576
73 316 14.435483
73 476 13.890805
74 101 8.560265
74 168 1.944498
74 289 10.297228
74 571 19.136945
75 87 17.064983
75 206 10.119248
76 194 1.527009
76 276 3.383020
76 542 14.461955
77 185 3.813162
77 248 15.497654
77 305 9.860586
77 328 8.888911
78 81 7.983161
78 97 2.645517
78 112 2.638776
78 163 6.282947
78 332 19.162100
78 384 3.031119
78 413 5.347605
79 91 3.687221
79 163 2.893579
79 186 8.357724
79 187 17.113990
80 85 14.903569
80 119 7.549689
80 183 15.927284
80 357 17.709966
80 465 17.008239
80 482 19.776180
81 145 10.565658
81 159 13.258945
81 542 2.717155
82 127 8.271869
82 128 13.228847
82 136 13.670520
82 211 5.136354
82 234 14.894409
82 291 4.476891
82 312 4.387391
82 319 17.673600
82 371 15.815259
82 441 7.924721
82 467 2.933406
82 541 17.975781
82 553 3.338831
83 226 8.458816
83 379 4.526806
83 563 1.855230
84 136 13.227983
84 244 6.354759
84 262 7.531812
84 347 13.960701
85 150 11.829409
85 307 10.931610
85 308 3.245256
85 385 16.434531
85 476 7.543745
85 486 8.439011
85 532 18.624151
86 253 3.430344
86 371 10.718437
86 423 17.546263
87 117 6.031002
88 350 2.932393
88 416 17.944250
88 484 11.727854
89 326 15.760610
89 334 13.335612
91 100 19.939205
91 140 14.064968
91 164 15.128332
92 297 7.720056
93 144 6.992931
93 156 17.503981
93 210 1.093381
93 330 5.396791
93 395 18.777954
94 266 7.137718
94 355 15.252933
94 426 10.853838
94 470 7.235795
95 109 16.191638
95 173 14.431817
95 278 9.023005
95 503 2.563306
96 208 1.435969
97 128 2.806273
97 175 16.757369
97 206 1.888830
97 370 11.110884
97 432 11.547151
97 586 11.864202
98 176 19.868018
98 331 11.291040
98 414 18.710222
98 533 16.812802
98 562 5.647343
99 352 19.267579
99 456 5.227793
99 513 10.473534
100 118 11.139244
100 162 3.957314
100 261 15.081574
100 361 16.476291
100 438 3.088236
101 111 13.282269
101 125 8.129883
101 380 5.182357
101 442 6.485760
101 496 3.140352
101 560 2.653995
102 190 10.198870
103 129 17.290048
103 169 17.344623
103 219 10.242551
103 227 7.551865
103 240 11.361556
103 277 19.794217
103 354 18.512859
103 459 7.630033
104 239 17.125148
104 271 14.913338
104 317 10.159857
104 373 8.947349
104 599 3.743131
105 447 12.621246
105 461 14.383720
106 518 13.098975
107 263 12.991741
107 440 17.705507
108 448 16.178945
109 116 19.582532
109 137 12.725279
109 149 17.247211
109 396 8.281229
110 134 8.838955
110 146 14.478287
110 160 18.234933
110 207 5.182269
111 178 14.140553
111 190 16.026550
111 212 12.282341
111 258 19.364139
111 378 4.681140
112 193 14.239009
112 267 17.161367
113 422 13.779675
114 230 18.831903
115 573 16.687169
115 577 11.938531
116 135 1.791636
116 451 17.844168
117 196 5.547452
118 122 1.576715
118 137 5.076519
118 156 18.891862
118 203 8.048427
118 242 16.660531
118 368 3.245801
118 394 14.233120
119 153 3.779125
119 213 14.436230
119 229 16.094160
119 495 10.821467
119 554 7.460783
119 565 11.737833
120 552 15.779537
121 265 2.385622
121 448 1.452134
122 138 3.548315
122 241 8.024019
122 243 6.195630
122 304 16.046625
122 359 6.184355
123 209 15.484711
123 218 19.447702
123 228 8.678602
123 404 10.920130
124 281 15.016836
124 318 1.234612
125 343 8.818870
127 204 5.881892
127 215 4.799860
127 288 13.835468
128 349 13.425221
128 409 8.514162
128 455 12.618378
129 133 9.852386
129 181 19.888747
130 132 10.378848
130 139 14.422898
131 203 19.206997
131 378 18.669524
131 406 18.665767
131 417 14.133940
132 277 15.457343
132 452 1.065719
133 270 17.818910
134 307 18.855123
134 543 2.453756
135 164 3.530265
135 365 12.194768
137 498 9.430423
138 146 2.551448
138 198 17.490254
138 254 7.061075
138 391 12.359944
138 510 6.182452
139 144 9.874022
139 159 9.603656
139 181 2.435978
139 351 19.552189
139 401 13.550267
139 446 8.642230
140 436 10.382725
140 524 14.843222
140 558 10.039781
141 410 15.772412
142 257 4.965452
143 467 16.658644
144 442 11.247855
144 504 12.336441
144 584 9.007728
145 245 17.977343
145 314 19.814479
145 326 14.314434
145 335 10.093889
146 229 14.313379
147 268 18.734058
147 395 6.302495
147 569 2.584352
148 174 8.636888
148 287 3.019067
148 417 1.115144
148 473 5.880176
148 480 18.814610
149 151 2.472813
149 492 2.804277
150 293 6.644514
151 591 12.931786
152 204 9.472065
152 474 5.332069
153 274 3.561108
153 506 3.506781
153 510 13.786893
153 586 11.097027
153 587 13.994378
154 244 6.778281
154 255 1.716515
154 354 4.492925
155 177 3.146151
155 208 3.010498
155 545 9.330724
155 560 15.134862
155 578 5.542938
157 492 5.056261
158 392 16.237323
158 564 5.790864
160 302 17.845094
160 329 2.679255
160 382 4.546783
161 287 5.288508
161 443 13.767185
162 243 1.580627
162 345 5.765697
162 407 14.812820
163 483 8.466939
163 595 13.998963
164 408 5.157885
164 545 4.125758
164 579 18.755162
165 200 7.908464
165 231 10.186907
165 250 13.815597
165 254 18.671917
165 365 3.457001
165 430 8.141764
165 437 3.931406
165 526 10.646494
168 205 17.513682
169 398 10.646380
170 222 10.901153
170 234 6.857821
170 300 15.117488
170 410 3.511517
170 424 12.182959
170 490 15.534108
170 533 18.234003
171 200 16.268638
172 298 3.639240
172 598 10.182510
174 189 18.225061
174 218 10.401744
174 312 5.424043
174 333 5.105559
176 499 9.225124
176 581 1.154503
177 497 10.947289
179 252 19.311473
179 590 9.604256
180 223 3.354547
181 382 14.096429
181 409 4.197267
182 413 4.458494
182 591 17.426246
183 191 16.602685
183 328 15.743309
185 264 14.242499
185 515 8.678504
186 189 5.775824
186 344 14.590605
187 521 6.532240
188 479 1.787770
188 548 4.293980
189 339 14.167840
189 445 18.073020
190 534 16.563525
191 207 8.437932
191 466 17.456099
192 383 7.835060
192 407 10.711960
192 501 6.801467
193 292 11.938234
194 274 19.458571
195 196 1.119795
195 239 6.374926
195 450 10.057550
196 256 15.460642
197 246 10.869877
197 269 1.846608
198 209 15.185156
198 293 4.205337
198 296 7.198587
198 431 19.523190
199 472 4.423166
201 297 19.169259
201 432 7.920545
202 439 13.319067
203 272 13.738490
203 583 17.081735
204 308 1.566191
204 523 19.623561
204 555 3.765807
205 217 4.534242
205 231 18.852801
205 360 7.975224
205 397 18.962730
205 574 16.430657
206 273 5.187700
206 319 2.492465
206 398 15.791518
206 516 12.637580
207 299 11.992038
207 316 6.846761
207 389 6.861721
208 383 4.194110
209 493 14.541738
209 500 14.669956
210 358 17.086622
210 444 12.733288
210 488 2.607446
211 279 14.649457
212 223 9.581027
212 299 11.004737
212 459 8.017116
212 508 18.967108
212 550 10.221754
215 463 7.476822
218 369 7.730204
221 431 13.825097
222 342 5.620028
222 512 2.267318
223 446 6.103847
223 460 15.221838
225 546 12.029818
226 532 5.802130
227 424 15.554948
227 546 19.737258
231 529 10.230723
234 374 10.398458
234 581 13.971167
235 300 10.494804
235 477 10.023901
237 389 17.715304
237 487 14.718616
237 494 16.505050
238 310 8.292903
241 514 3.090271
242 475 10.313844
248 411 12.061680
249 270 16.031790
251 256 4.904302
251 276 14.880038
251 327 3.064568
251 421 2.877367
251 479 11.396023
253 549 19.693110
255 466 1.318111
255 505 19.231915
256 324 13.173520
257 324 18.197777
258 336 4.727666
259 278 11.634165
259 283 14.651112
259 362 17.186698
260 461 18.307891
262 363 2.895356
263 435 13.505422
263 577 13.354659
264 515 9.792396
268 339 1.147270
269 291 14.832296
269 556 16.195482
270 335 1.693446
270 505 17.194895
271 530 13.613838
271 588 14.811282
275 323 6.548713
278 522 6.940093
278 529 8.913643
279 566 14.362471
281 496 11.171749
281 540 13.729388
284 376 6.785020
284 425 2.164222
285 462 8.066947
287 571 14.814770
289 341 10.636612
289 358 10.463006
290 309 1.637513
290 377 2.449969
290 415 15.757581
290 453 6.232769
290 538 7.279097
292 330 3.040553
295 598 5.588668
296 516 16.998946
296 521 8.830867
297 498 12.660990
297 531 19.808124
297 539 10.523979
298 367 3.514429
298 436 17.434059
298 592 1.246288
300 412 3.187866
300 543 11.950258
301 388 17.113739
301 427 7.416075
301 554 16.481911
302 364 6.436792
303 544 4.603472
307 399 3.897678
308 441 1.632615
308 534 9.520476
308 593 4.465701
309 311 1.040463
309 367 5.162037
309 540 19.759076
312 405 4.429838
312 489 9.801044
312 491 17.491473
314 386 1.427015
314 403 12.435377
315 423 17.978494
315 458 9.328309
316 352 4.286434
316 585 4.477533
317 331 9.138239
319 353 5.371497
324 366 17.091955
324 454 9.487256
325 376 5.189957
325 526 16.522112
326 375 2.356084
326 386 7.215872
327 391 14.057340
328 414 6.825521
331 341 2.648145
331 356 16.157344
331 422 18.190224
333 468 7.171585
333 524 19.959106
334 349 10.916644
334 482 16.323118
336 415 9.293128
338 471 16.271534
338 478 14.933343
338 499 7.292643
339 392 3.350101
339 439 8.636831
339 447 6.119287
339 561 12.413901
340 400 8.108986
348 568 11.418570
350 527 14.988658
354 555 4.748062
354 569 18.364334
357 535 10.411480
358 584 9.300626
360 361 8.825119
360 416 4.485607
361 421 4.655206
361 433 7.567461
367 433 5.822949
367 486 1.926850
368 504 9.780114
376 550 13.826374
377 538 7.978645
379 497 6.858968
381 522 6.098547
382 411 1.167720
382 438 5.739419
384 471 1.447530
384 536 10.049952
384 578 12.800801
388 525 13.621966
388 570 10.446974
391 517 18.071351
393 558 4.012984
394 490 2.623103
394 565 15.888207
400 589 10.735508
405 445 4.779228
407 457 6.090368
408 517 18.600213
408 537 18.171292
413 575 16.028082
418 477 2.321426
421 428 8.532933
422 493 18.026807
423 582 5.735618
425 478 17.928279
426 535 15.248535
427 501 5.434480
429 519 16.257035
434 468 19.290026
437 443 15.023091
439 485 16.373921
441 523 9.791048
449 559 9.239152
451 485 3.316247
454 548 11.808085
457 458 1.224410
457 503 5.009943
459 481 14.375324
464 561 4.698576
468 491 6.958031
469 484 11.482862
470 575 15.147064
476 528 11.760429
481 553 17.938018
482 508 9.930661
484 528 6.016017
492 494 12.399065
503 582 15.233898
507 572 15.514038
521 557 17.471509
522 566 10.591082
527 599 3.588116
534 551 13.080935
541 570 16.335168
543 557 10.342603
556 588 7.387585
562 580 13.646002
24.445049 10.083552 15.518670 14.301176 9.332249 15.033614 22.308131 8.754987 10.523025 15.506037 10.833368 11.377279 6.195761 10.794030 16.276357 9.925863 5.431109 14.141102 16.293187 19.204986 8.119056 11.474653 6.651324 22.327065 8.899395 17.685148 8.225662 17.371382 23.656191 17.136891 12.719215 12.646316 24.493243 14.361499 20.115636 21.904818 21.391613 21.673849 21.345063 12.629957 17.388657 8.084458 18.019265 16.327612 22.963605 10.116630 12.007329 18.462669 22.654674 12.698764 16.921449 14.788811 24.691168 23.805546 8.112828 7.285022 23.227709 9.933091 24.312036 6.048617 12.499887 21.049092 5.059912 10.616422 20.011175 5.791965 24.224304 14.638077 7.102838 12.535646 14.615339 6.670615 22.118958 15.586510 21.194235 9.009592 14.001066 17.299155 19.096815 17.164755 14.666762 17.632122 18.840609 18.877678 11.622800 18.851129 13.119748 7.866579 22.140462 18.632987 13.334107 14.962952 21.032269 15.206331 12.753935 8.544375 23.802551 11.438771 5.748886 20.191149 11.937989 14.298171 9.951152 7.034725 5.324076 12.086897 9.444683 20.184589 10.356939 17.958317 17.190685 8.708350 18.095393 9.434040 14.127557 14.854205 22.808572 18.154409 13.677614 9.792817 21.060238 24.997354 14.685729 23.871376 10.389633 19.521704 18.385032 19.518133 5.082059 9.069779 8.937288 20.281889 15.796951 11.676738 18.758803 22.222220 17.472426 6.172726 22.055698 18.426225 8.997753 23.978371 13.372672 19.310821 17.971525 6.121508 13.312409 11.349047 11.909613 8.152051 23.362090 14.881013 14.396984 12.566730 24.238548 20.988833 22.549388 11.279375 20.492247 20.099285 8.039260 20.607131 17.920926 7.449140 17.256921 23.302807 16.447171 6.647705 14.023144 7.380807 7.730483 8.089700 22.049875 9.831007 5.789411 23.043985 16.527428 21.663159 7.584839 13.030398 8.500540 19.461080 10.369746 18.662593 24.157535 9.669294 8.431102 14.676868 15.014539 9.813287 7.826997 7.491219 15.306438 22.574826 7.858488 12.494430 18.889320 23.798745 9.680507 18.467600 14.193424 19.612162 7.506543 19.801493 23.875947 9.640104 6.704875 11.764842 17.998956 12.502509 5.462722 12.317234 21.174092 6.930612 5.623267 7.101740 5.800110 18.110327 19.045911 6.331080 7.947838 19.147397 12.419114 5.786351 12.653453 23.978709 21.576636 12.650257 12.791973 23.494450 15.965111 23.951093 12.499362 9.320206 20.995294 18.589863 20.236581 21.466450 24.373868 7.359298 16.180297 23.938478 7.455104 22.235576 23.059363 17.612579 8.053695 8.753710 9.452990 6.112513 21.402430 15.319658 7.805655 11.256461 20.066734 19.309752 22.802680 9.665858 22.969625 11.446055 6.379585 19.568528 13.862746 15.750783 24.690249 11.462534 17.469207 17.545625 8.625411 16.995655 18.953511 6.240973 23.758016 23.901651 22.864477 18.376147 21.413659 10.984234 21.978880 18.824310 17.501036 10.503488 13.721810 15.674632 20.140175 16.212337 16.793510 8.723705 6.498928 10.948865 22.320870 20.137310 11.255523 12.172874 11.448508 20.008911 20.639940 5.367217 7.950918 9.636957 24.010280 6.497782 21.195843 24.880655 10.258325 16.210885 12.994140 9.107736 8.128696 16.676605 22.005173 12.929598 19.113297 5.498425 6.664978 21.451726 19.631303 10.867322 20.023933 11.834860 13.931650 15.363828 14.644017 7.811971 22.930272 23.392735 5.471956 7.305501 10.668678 19.432124 9.097471 9.191932 24.579808 24.653626 14.130110 13.216655 5.392204 19.992339 17.576388 6.076405 5.020020 16.605426 14.815171 15.696570 16.434107 20.916592 12.136612 8.522053 14.092701 17.988314 7.097598 22.763534 18.638053 13.547313 23.501645 6.322638 16.551189 21.705358 6.044156 24.005134 17.383847 20.536087 16.838927 15.316481 16.305321 24.786461 14.197123 16.786737 16.741375 9.877042 5.455104 22.337209 20.331185 19.901510 8.409292 19.974733 24.540965 21.607729 5.000977 18.385660 10.302178 13.482238 9.163614 17.048521 10.119867 6.247009 22.702660 20.833825 20.575765 12.070500 12.928317 6.633210 8.905134 15.605307 6.203452 5.904367 10.270410 11.875633 16.410425 6.835176 8.521311 15.928525 17.323368 13.213845 21.891976 14.138128 6.465703 15.074644 8.238683 17.898197 6.220627 11.066473 19.124198 21.035350 8.836677 6.300685 20.741279 12.885388 22.017627 14.951248 20.500429 14.774717 14.387924 18.930714 22.958076 8.919677 9.736527 11.300613 17.481397 24.458624 9.291981 24.103147 9.925761 20.731465 20.293100 5.130531 9.167674 21.698676 14.761334 5.866745 6.216428 17.807195 14.173216 19.935266 5.301122 6.838158 7.888385 18.789214 6.740369 12.240555 12.482066 15.065770 8.451077 8.207528 16.899675 7.798397 14.700207 5.709685 17.078218 12.714702 5.030414 20.620403 8.734641 6.988195 20.759963 23.967143 11.906700 19.435818 17.514571 10.691865 5.264061 21.327896 16.526727 9.737521 15.291369 20.806949 22.751989 22.504793 11.400612 11.903372 7.495887 19.320678 24.861323 17.261274 13.458918 23.236003 9.409101 21.347271 19.697902 9.307032 6.749760 22.843551 12.781997 20.579430 19.280963 18.278966 19.854138 5.237376 14.404788 21.768838 9.304781 15.564342 13.091730 17.117276 6.238954 19.104534 14.455791 12.653286 11.394649 18.354613 8.947810 19.955189 16.118207 19.040481 5.281142 11.844152 15.784386 8.384859 22.122950 14.692729 18.757491 6.076827 23.859350 11.177507 13.687413 20.905150 8.192841 22.897370 20.125738 23.717616 10.521838 19.510364 21.119114 20.409174 6.440023 18.025917 24.097669 23.327262 8.017443 18.370954 9.873913 22.735477 14.230363 17.885402 10.752374 11.702175 9.822288 15.090135 16.731244 15.399096 17.753150 10.230493 15.875383 11.071702 23.730619 13.303145 14.019661 12.669752 20.833996 21.847340 11.748897 7.577591 12.976185 16.092511 23.350982 20.074980 21.196353 5.121216 20.779042 6.338246 21.563322 20.894531 6.359451 12.990873 8.303932 12.112178 18.980376 11.430968 13.731777 13.189955 22.285430 23.837385 11.720132 10.526166 9.400879 9.151071 20.182198 13.870865 15.369257 7.610687 24.995325 6.676089 19.780355 24.066356 5.378787 19.601262 14.539017 14.394277 10.205827 10.789089
40
149
0 6 5.929605
0 10 4.106765
0 17 6.925512
0 22 4.249430
0 38 7.767983
1 7 7.863477
1 9 6.454572
1 12 2.428952
1 22 7.207490
1 23 7.149026
1 25 6.270631
1 26 7.770598
1 28 9.364938
1 32 7.439372
1 34 1.369870
1 35 6.199077
2 3 9.116599
2 12 6.262296
2 13 3.017329
2 15 7.748526
2 23 1.280756
2 31 3.902904
2 35 5.726825
2 36 3.978977
3 4 2.119884
3 5 8.372994
3 16 4.288248
3 18 7.387039
4 5 3.997432
4 6 8.145501
4 8 9.970494
4 13 1.533400
4 15 3.078006
4 17 9.346725
4 22 4.638383
4 23 1.957961
4 28 2.082871
4 30 8.626432
4 31 6.829607
4 33 5.697198
4 34 6.472398
4 36 1.883556
5 11 9.952096
5 13 2.257549
5 19 4.920138
5 21 5.736321
5 22 8.551988
5 30 3.977118
6 8 1.994931
6 14 2.806837
6 16 9.306619
6 26 1.703986
6 35 3.119034
7 12 8.205894
7 14 4.687797
7 19 1.564683
7 20 1.123982
7 25 5.083051
7 30 2.981071
7 31 6.662598
7 32 1.400186
8 15 5.998534
8 24 3.181685
8 27 8.367515
8 29 8.764189
8 38 2.008070
9 13 9.850912
9 15 6.657167
9 24 8.205225
9 25 9.402301
9 35 9.773397
9 37 9.311333
9 39 7.260156
10 20 9.674327
10 23 3.103314
10 26 1.490394
10 28 2.000597
10 35 7.162294
11 29 9.130142
11 37 9.703496
11 39 3.498962
12 26 7.822242
12 29 2.406015
12 31 8.824446
12 38 6.662324
13 15 5.239022
13 16 1.236990
13 25 7.094736
13 28 6.404599
13 30 6.294573
13 38 9.519396
14 15 6.223798
14 30 9.531214
14 34 9.331876
14 35 6.187952
14 37 7.961808
14 38 9.660539
15 16 2.633511
15 22 4.806449
15 31 5.071232
15 33 3.194513
16 17 4.752422
16 26 5.087918
16 29 9.160574
16 32 2.208172
16 37 4.244458
16 39 7.165756
17 22 2.374176
17 30 3.979677
17 35 2.849814
18 21 2.979059
18 38 2.742149
19 22 3.227224
19 24 2.151954
19 30 4.664989
19 33 5.921931
20 23 8.705435
20 27 8.291848
21 24 1.613392
21 30 9.443651
21 32 4.630887
21 33 9.127116
21 37 7.665042
22 23 2.122723
22 27 4.789291
22 35 1.398233
22 39 2.628985
23 25 9.370613
23 28 1.144391
23 36 3.188748
24 36 4.422427
25 26 3.451286
25 28 4.315400
25 34 3.531061
26 32 4.251434
27 32 1.490101
27 33 1.735364
27 37 9.749080
28 32 6.631211
28 34 7.001600
28 35 1.413731
28 38 3.326807
29 31 2.501179
29 34 7.048102
30 39 5.350211
31 32 7.029953
34 37 9.588184
35 36 8.492045
35 38 1.756093
290.321593 314.778959 402.060401 463.164964 276.847322 380.627747 299.319759 333.825136 323.959047 307.177346 239.076865 315.475441 293.559699 352.439382 265.591489 413.089822 330.952874 480.415763 283.447917 290.057547 324.855066 319.154499 229.267488 273.360476 373.583628 485.793025 435.563397 329.637235 217.808930 433.652873 252.142488 279.551729 482.463148 248.661224 397.898658 338.944837 381.387647 291.023682 348.355514 263.070729
