600
1197
0 1 18.302836
0 2 11.271584
0 3 12.188668
0 4 10.500989
0 5 11.461305
0 10 8.772914
0 13 5.130281
0 40 15.198831
0 82 10.795142
0 85 19.869921
0 91 10.538350
0 108 2.457639
0 129 10.523236
0 137 16.891654
0 205 19.409472
0 244 8.585894
0 245 15.466873
0 290 19.255869
0 294 18.106696
0 320 17.853919
0 330 14.302430
0 344 16.183152
0 383 12.120973
0 524 12.938778
0 585 12.448616
1 2 16.397094
1 3 18.247154
1 6 4.826931
1 12 19.422358
1 14 18.215515
1 17 5.182806
1 21 12.984144
1 39 6.203050
1 42 1.780953
1 45 17.623852
1 80 8.909366
1 84 13.152700
1 106 12.250493
1 137 16.939419
1 168 1.616362
1 194 3.843406
1 202 3.834103
1 257 10.555151
1 295 11.168134
1 369 11.008480
1 398 15.618783
1 423 17.081496
1 477 11.436811
1 497 17.114694
1 501 17.518161
1 510 1.674476
1 531 14.079191
1 532 15.688641
2 8 17.195803
2 19 6.161656
2 37 12.712655
2 63 10.986324
2 99 11.123708
2 123 19.848658
2 176 15.670464
2 179 19.364236
2 221 7.924533
2 227 4.135789
2 253 6.518218
2 286 18.417644
2 293 16.038216
2 310 17.031227
2 314 4.455116
2 369 9.773862
2 427 13.950799
2 438 18.331400
2 453 3.784189
2 489 1.819049
2 492 12.559419
3 4 13.502273
3 6 6.711717
3 7 6.746726
3 14 2.607948
3 15 17.123811
3 17 12.649415
3 19 18.699518
3 24 13.831593
3 31 5.848944
3 52 3.806409
3 56 12.576742
3 57 14.942240
3 62 8.201797
3 79 14.384066
3 109 13.146427
3 134 1.435840
3 150 19.898236
3 165 19.470796
3 191 8.690144
3 203 6.885391
3 211 12.654067
3 213 1.470066
3 222 10.330130
3 231 11.423243
3 236 17.111450
3 250 16.470570
3 257 12.228288
3 261 3.732075
3 267 6.502919
3 348 7.375185
3 359 2.747094
3 367 7.514708
3 440 3.641110
3 496 7.248401
3 519 3.506912
3 535 9.677122
4 5 13.821386
4 11 14.465366
4 22 18.698298
4 26 15.727307
4 30 5.186585
4 34 13.024886
4 39 17.076386
4 47 7.692370
4 54 11.043838
4 55 2.508103
4 68 12.698419
4 78 3.890740
4 112 16.743516
4 127 11.277706
4 128 7.037667
4 154 7.989410
4 210 2.458400
4 264 1.775289
4 270 3.670801
4 307 3.171964
4 435 17.812100
4 436 10.929980
4 439 6.891706
4 509 6.440178
4 535 1.840281
4 553 12.523129
5 9 15.633285
5 28 19.812364
5 44 10.733801
5 62 2.505553
5 66 8.462435
5 68 19.637396
5 71 5.563508
5 74 4.580997
5 87 17.907873
5 105 17.886274
5 116 7.823756
5 120 19.248178
5 127 14.500128
5 141 12.583196
5 144 13.659103
5 147 2.180207
5 155 18.560730
5 236 6.932779
5 280 9.310518
5 285 11.121660
5 329 5.970013
5 366 4.161933
5 380 16.994106
5 394 15.215633
5 463 18.495970
5 472 6.215057
5 474 19.352200
5 548 15.624526
6 7 15.543386
6 13 14.766497
6 18 2.677992
6 31 17.029280
6 38 5.106135
6 63 9.323002
6 83 11.595905
6 92 19.236567
6 94 1.024178
6 97 2.875731
6 145 10.872830
6 152 5.636521
6 153 17.149874
6 169 15.285453
6 186 13.422720
6 300 19.028856
6 306 17.259368
6 315 12.935777
6 342 2.866700
6 374 3.633566
6 376 12.049107
6 405 1.987367
6 441 18.912275
6 472 17.112840
6 500 6.627724
6 527 17.976923
6 547 12.776774
6 565 11.073820
7 8 12.262036
7 10 19.582011
7 29 10.728387
7 37 1.363406
7 50 9.923422
7 52 4.039646
7 97 17.507828
7 102 17.399116
7 130 1.242603
7 206 13.541293
7 281 6.241169
7 371 19.217149
7 396 4.451522
8 9 4.232282
8 21 16.233917
8 27 19.459222
8 32 8.038245
8 90 16.009802
8 110 2.572010
8 146 10.299328
8 249 15.527304
8 282 13.026075
8 354 12.925435
8 391 17.181306
8 414 1.996341
8 446 2.950306
9 11 14.733878
9 12 7.430126
9 16 1.416959
9 20 7.090450
9 33 12.017571
9 36 15.256117
9 55 6.873932
9 60 5.494032
9 73 18.207484
9 92 2.325828
9 118 16.800498
9 166 1.731819
9 196 19.145161
9 221 19.335733
9 223 14.128199
9 225 19.484378
9 235 3.761845
9 245 10.217819
9 309 17.796163
9 334 18.313881
9 339 2.211264
9 341 18.114263
9 361 16.631590
9 407 12.632376
9 438 8.550422
9 530 16.022844
10 16 5.139430
10 25 15.924368
10 35 2.820628
10 165 1.913040
10 254 14.072441
10 356 15.947681
10 522 19.350894
11 18 6.702464
11 46 18.008136
11 86 1.845579
11 124 14.188423
11 125 15.718799
11 143 8.313887
11 346 8.841023
12 167 11.153049
12 213 2.375545
12 266 17.794414
12 504 3.713773
12 545 15.610888
12 575 16.959195
12 584 12.701717
13 424 19.901299
13 477 13.502895
14 15 18.405204
14 46 15.392164
14 48 17.209329
14 67 8.973698
14 72 13.061827
14 76 8.033818
14 111 14.367225
14 114 1.823910
14 118 6.225458
14 121 18.887020
14 122 15.586424
14 163 8.786218
14 188 3.457233
14 250 11.185640
14 270 18.766683
14 294 13.337510
14 302 2.874377
14 376 8.888117
14 417 6.723584
14 439 3.795525
14 444 18.692367
14 463 15.633476
14 474 17.098996
14 498 10.708047
15 58 7.349085
15 105 15.013911
15 175 18.494687
15 177 14.669621
15 182 7.934958
15 326 8.484721
15 400 15.507219
15 432 18.931105
15 586 19.614970
16 23 7.768853
16 26 10.510918
16 27 2.166917
16 28 5.945689
16 29 18.249833
16 36 2.931933
16 43 9.824997
16 77 3.373439
16 133 11.649682
16 135 14.838169
16 157 6.449405
16 162 18.058544
16 237 10.291004
16 239 14.511368
16 259 6.962335
16 278 11.556123
16 357 8.875970
16 371 10.812627
16 462 7.566585
16 543 16.598830
17 38 11.229510
17 136 3.171851
17 140 5.207750
17 179 19.708774
17 183 1.346166
17 283 14.859559
17 295 4.933275
17 306 11.734542
17 317 11.086220
17 515 7.125422
17 523 2.724645
17 557 14.849346
17 568 13.003498
17 587 2.261113
17 597 15.171065
18 56 16.511575
18 318 17.396754
18 506 10.941027
19 20 13.184540
19 22 15.548655
19 23 19.861572
19 32 8.796485
19 33 19.882572
19 61 5.295163
19 102 10.598185
19 104 7.730366
19 131 9.386394
19 170 8.444089
19 171 3.152373
19 174 14.818417
19 204 14.071564
19 266 2.672429
19 330 7.643742
19 424 19.782720
19 593 19.553834
20 486 19.898693
21 25 10.810120
21 41 9.619140
21 49 17.778117
21 101 14.181265
21 117 9.589165
21 151 8.215130
21 242 16.931836
21 274 5.787467
21 286 17.789416
21 324 19.058259
21 350 2.281990
21 370 8.325082
21 390 19.483016
21 411 17.404535
21 468 18.230717
21 545 17.656999
21 550 5.290671
22 35 3.171712
22 42 15.034022
22 78 19.048099
22 82 6.946818
22 115 2.913738
22 139 8.429026
22 148 8.432997
22 150 19.467664
22 156 7.043106
22 238 6.190189
22 254 3.482807
22 272 2.596130
22 302 16.673865
22 335 5.275787
22 346 5.764869
22 349 1.262770
22 389 15.082315
22 433 1.833866
22 475 9.329124
23 24 13.664303
23 30 8.325199
23 43 10.086267
23 51 8.728083
23 61 18.998828
23 72 15.107353
23 83 11.750903
23 128 16.255260
23 206 8.843866
23 209 1.002179
23 316 16.735822
23 357 1.684869
23 360 1.000863
23 461 12.521032
23 591 19.999424
24 57 18.148797
24 119 13.975381
24 185 3.947838
24 247 19.748906
24 268 17.736848
24 387 15.407136
24 451 15.698976
24 534 10.495656
24 537 16.630028
25 40 10.362219
25 94 1.892015
25 119 4.285524
25 419 11.192158
25 518 13.299446
26 47 8.315737
26 59 6.750379
26 139 15.828397
26 147 16.463259
26 365 11.190273
26 514 5.493197
27 67 12.634370
27 138 16.879239
28 96 16.270405
28 217 13.142121
28 337 16.860429
29 396 5.380610
29 455 14.996775
30 111 2.366387
30 540 17.060411
31 41 6.614378
31 54 3.216915
31 86 16.207134
31 101 13.015227
31 114 2.901357
31 126 18.129924
31 249 17.577143
31 263 12.026846
31 341 10.074713
31 402 3.883610
31 514 3.667891
31 546 11.037397
31 596 4.228457
32 122 8.053854
32 233 18.022570
32 269 3.987955
32 468 2.485710
32 538 2.291141
33 34 4.008079
33 45 13.730702
33 48 12.482459
33 53 14.950471
33 69 12.134561
33 75 14.031767
33 89 8.748843
33 91 14.154906
33 98 2.058241
33 120 7.341115
33 124 1.436907
33 153 17.798247
33 197 7.883813
33 235 11.252992
33 283 6.016148
33 284 11.180066
33 457 16.753828
33 502 19.825365
33 503 6.646093
34 75 19.032883
34 76 13.048856
34 303 12.670945
34 393 17.845225
35 51 15.846006
35 160 12.159624
35 193 12.466870
35 216 10.290088
35 434 15.747207
35 496 19.075372
36 133 15.180119
36 351 6.785980
36 567 2.504598
37 131 15.518989
37 174 10.825799
37 184 11.852302
37 591 15.130042
38 207 19.426152
39 50 7.360651
39 278 15.273021
39 451 9.699451
40 53 19.577076
40 70 9.390732
40 79 18.230538
40 198 10.890396
40 224 12.894274
40 239 15.220307
40 241 14.634889
40 375 13.935393
40 400 14.747214
40 574 9.836700
40 581 5.851272
41 44 6.510970
41 49 17.694767
41 58 13.634464
41 104 9.188046
41 152 18.111342
41 229 5.497512
41 322 12.250399
41 380 3.511410
41 507 14.157635
41 570 13.561771
42 162 18.961519
42 170 11.073801
42 199 11.957556
43 59 4.215734
43 60 5.672710
43 81 17.604885
43 291 14.214907
43 299 13.195205
43 446 1.193492
43 459 5.908724
44 95 12.702999
44 155 1.570670
44 521 8.269256
45 310 19.183820
45 456 6.273438
46 65 16.789213
46 161 5.942067
46 181 12.421761
46 288 18.344889
46 321 16.633482
46 434 5.918158
47 85 1.739148
47 98 1.747870
47 107 13.135208
47 177 3.108562
47 218 8.021916
47 503 19.126785
48 163 10.707261
48 193 7.350106
48 212 12.457777
48 274 3.302474
48 356 10.022591
48 360 7.905899
48 494 15.595908
49 65 2.637517
49 80 8.742658
49 126 16.201468
49 173 9.430577
49 200 15.988146
49 215 4.176093
49 311 14.928759
49 323 10.783914
49 352 18.742060
49 407 10.873140
49 413 13.237409
49 495 16.918614
49 561 10.148559
49 579 16.761820
50 108 11.790146
50 149 9.401279
50 168 13.266394
50 464 9.162925
51 93 12.372501
51 100 12.949851
51 109 4.265649
51 200 7.313523
51 313 5.885251
51 460 1.943224
51 595 8.267535
52 187 13.054452
52 192 6.993568
52 256 12.160092
52 544 17.535685
52 562 12.370725
53 185 5.572117
53 196 4.631076
53 210 7.253005
53 358 13.257223
53 541 2.933529
54 64 1.179805
54 69 16.351095
54 224 11.491994
54 237 7.080498
54 293 10.010013
54 361 19.434610
54 368 2.458597
54 409 6.686458
54 436 13.575432
54 440 2.940952
54 536 3.304807
54 582 2.148056
55 397 9.641633
55 556 6.152464
56 88 15.818424
56 90 18.458248
56 132 2.333845
57 66 11.556528
57 70 9.119198
57 74 18.255548
57 87 10.092587
57 159 16.173752
57 164 3.707241
57 225 1.949965
57 272 3.763551
57 301 6.659079
57 399 14.194931
57 485 16.702527
58 113 8.822450
58 365 16.357159
58 373 15.238915
58 388 13.657051
59 64 17.951422
59 81 11.490974
59 84 15.558877
59 106 15.924260
59 183 19.000146
59 222 18.329003
59 327 4.977315
59 381 10.816192
60 243 12.960018
60 264 18.011344
60 318 8.665369
60 367 11.486459
60 510 16.347893
60 513 7.148995
61 115 2.879970
61 116 4.044263
61 148 18.932256
61 186 1.403527
61 273 19.335664
61 289 8.838715
61 445 3.960942
61 533 16.645194
61 586 11.374348
62 230 9.651805
63 145 12.083526
63 158 18.737235
63 211 14.902437
63 490 17.554511
64 110 10.312445
64 480 4.912988
65 73 5.356776
65 378 18.281884
66 88 11.563091
66 107 16.338185
66 296 19.971968
66 313 1.271432
66 539 7.589817
67 167 3.095479
67 201 12.890594
67 397 19.843570
67 570 3.419214
68 327 6.328722
69 77 5.782231
69 268 14.594161
69 525 16.797585
70 71 1.902223
70 95 2.717158
70 100 17.125656
70 125 16.396259
70 146 13.387722
70 311 18.580642
71 255 4.805058
71 309 16.919277
72 140 7.538217
72 160 12.104214
72 277 14.655402
72 417 1.146484
72 458 5.544468
72 523 6.201673
73 220 12.128272
74 112 11.988038
74 198 11.293526
74 374 1.256906
75 192 11.722169
75 212 16.055387
75 531 12.117188
76 93 14.618666
76 96 19.866059
76 113 19.043896
76 182 14.331091
76 233 4.889800
76 317 14.014864
76 319 11.953825
76 392 15.197733
76 482 7.188704
76 495 8.761646
76 599 19.396317
77 279 7.328411
77 499 13.618890
78 348 4.403894
79 134 17.374733
79 203 2.138190
79 398 16.812005
79 452 17.055818
80 512 13.905963
80 578 15.506763
81 103 18.036103
81 493 18.470850
81 534 2.686958
82 426 1.632980
82 537 2.781014
83 173 6.992159
83 202 4.281016
83 265 8.146858
83 287 17.785081
83 297 11.254515
83 431 12.005137
83 583 3.194009
84 331 13.466856
85 89 11.390945
85 123 11.181361
85 130 11.957794
85 276 5.496006
85 408 10.604050
85 448 15.974936
85 563 13.655853
86 129 12.723562
86 151 3.291748
86 405 8.443415
87 117 18.829687
87 171 6.891250
87 172 19.179341
87 217 15.680169
87 219 16.170347
87 437 10.694003
87 466 15.193164
87 558 6.299362
88 132 10.176032
88 143 5.899052
88 275 19.708621
88 465 3.919225
88 572 18.254574
89 103 11.658365
89 180 15.064351
89 352 4.004033
90 176 19.773693
90 471 15.997568
90 476 11.139253
91 99 5.879350
91 227 14.129191
91 410 15.989656
91 491 14.983269
91 497 12.094953
91 528 11.026224
92 263 13.216744
93 228 14.209867
93 375 15.989539
94 172 1.854314
95 135 7.836771
95 267 16.437008
95 427 10.512553
96 136 6.892488
96 142 14.876065
96 226 11.563449
96 260 16.616501
96 441 9.598477
96 469 17.260310
96 541 7.801551
99 333 18.727543
99 532 8.934614
100 166 4.176513
100 219 16.732354
100 325 18.465913
100 350 18.805969
100 557 6.345624
102 138 13.769962
102 149 7.709539
102 255 9.047916
102 504 11.301015
102 555 18.969813
104 187 6.237894
104 345 4.330521
105 465 14.381098
105 555 9.121992
106 214 16.249787
106 234 18.187201
106 285 2.424701
106 296 12.189524
107 144 19.289078
107 527 2.520466
108 169 6.235818
108 190 9.206378
108 344 5.550985
108 445 19.775388
109 486 15.139521
111 141 5.657678
111 232 9.539491
111 429 8.603711
111 539 4.862870
111 588 6.340273
112 189 17.137117
112 260 9.995789
112 404 5.189815
112 480 8.302362
113 232 7.126527
114 421 12.405701
116 447 19.765484
116 597 9.510785
117 156 10.887994
117 473 18.512504
117 478 3.403243
117 516 13.503978
118 157 12.340163
118 190 8.691661
118 328 19.887016
118 345 8.693959
118 395 2.685224
118 452 17.825595
118 559 1.609736
118 576 14.220839
119 121 6.421041
119 154 6.792322
119 284 2.462489
119 422 11.764788
119 449 9.413671
119 487 16.518791
120 258 13.048766
121 566 6.215484
123 373 15.375023
126 188 8.624870
126 390 8.675331
126 470 13.125682
127 164 13.529351
127 289 18.127112
128 158 4.524053
128 253 11.936463
128 399 7.788373
129 384 7.471563
131 229 10.021089
131 279 9.380471
131 362 11.892693
131 425 4.709434
132 181 15.625741
132 223 7.238702
133 305 9.091329
134 419 1.995600
134 469 10.912819
134 571 17.756899
134 588 19.446599
135 208 7.635713
135 215 8.411086
135 420 12.435480
135 462 10.665751
135 488 4.184817
136 189 13.751775
136 218 14.936883
137 241 2.494158
138 216 9.937034
138 429 15.082053
139 454 15.008638
140 142 14.561915
140 248 6.179484
140 594 11.648840
141 191 4.828729
141 340 10.130690
142 197 10.941292
143 385 3.419960
144 449 14.397975
144 587 3.286570
145 287 18.299900
146 220 3.045759
146 382 12.763205
146 385 18.420675
146 533 18.175262
146 566 15.579838
147 184 2.621029
147 391 1.905346
148 175 19.215962
150 207 17.415458
150 363 13.654140
150 560 6.890526
150 585 11.662258
151 159 11.756651
151 228 18.433863
151 280 18.289821
151 319 11.763867
151 338 1.986120
151 403 9.621036
151 483 12.009219
154 161 15.629918
154 583 7.464544
154 593 17.869644
155 277 10.883985
155 368 7.253610
158 195 8.696724
159 364 6.004143
159 404 2.079982
160 298 18.578677
160 490 6.533853
161 178 2.604110
161 580 18.635921
164 209 6.217794
164 231 11.575842
164 300 6.866616
165 178 11.394242
165 520 2.065010
166 409 1.142652
169 240 19.601401
169 466 13.099599
169 590 18.856512
170 238 19.329805
170 320 10.352473
171 180 13.293030
171 347 1.897809
171 488 12.089092
172 291 4.890446
172 483 2.504430
173 199 19.681581
174 194 13.376996
174 269 2.299222
174 276 8.406606
174 299 19.824469
174 437 17.191736
174 442 8.666606
175 226 18.263752
176 251 7.865121
176 271 17.606564
177 201 6.089147
177 456 9.208535
177 481 1.043735
178 208 9.993372
179 307 19.087445
180 343 12.494113
181 214 14.535769
181 273 13.109608
181 410 7.578448
181 426 10.689673
181 596 2.053019
182 258 19.842129
184 204 5.050787
186 475 18.676318
187 338 4.679211
189 353 5.249107
189 476 15.005005
189 526 19.928077
190 333 11.748999
190 443 12.281147
190 455 8.330070
191 247 12.066374
191 331 9.662601
191 567 11.682251
192 195 13.083555
192 246 3.182598
192 288 2.097840
192 323 18.171073
192 332 16.104404
192 479 11.618021
193 251 2.576502
193 343 3.513345
193 347 5.576989
194 240 18.951252
196 234 14.899103
196 321 1.229386
197 392 5.435419
198 262 5.570195
198 328 16.659816
198 354 2.592171
198 447 11.179137
198 590 1.874678
199 205 2.429768
199 304 6.526738
200 569 8.555272
203 252 6.741274
203 342 16.007960
203 403 11.613014
203 406 2.647282
203 554 14.174071
204 432 15.013980
204 530 5.873325
206 244 3.255134
206 298 17.330081
207 271 17.005115
207 308 12.427216
207 326 4.371704
207 552 5.272192
209 282 4.133148
210 246 18.571785
210 529 19.325132
211 301 16.037386
211 308 5.802238
211 322 14.205956
211 339 13.767889
211 355 14.447120
211 364 3.955693
211 418 3.816534
211 547 1.831506
213 315 15.120920
213 381 4.567098
213 412 9.869585
214 336 14.829099
214 522 10.149970
217 511 2.564407
218 577 3.076105
219 389 16.364064
220 259 10.621049
220 304 16.595329
221 265 16.417395
221 359 13.197100
221 414 3.119710
221 418 1.240429
222 242 4.705326
222 425 2.226198
222 467 19.835268
223 230 3.947612
225 386 10.939761
227 261 6.582305
228 256 8.719451
229 560 19.546304
230 243 3.921036
234 248 13.957154
234 292 10.123018
234 334 9.518153
234 574 11.957640
236 394 6.916023
236 506 3.497804
237 431 9.615783
237 499 13.693843
238 388 15.121100
238 443 10.994407
241 275 14.236454
241 297 16.141869
241 401 15.396446
241 561 5.592419
242 378 10.222493
242 386 10.288936
243 428 18.916966
244 312 3.430429
244 314 18.707281
244 598 2.346935
245 592 19.110909
247 252 13.056376
247 281 2.176788
248 292 2.234657
248 408 18.897991
249 565 4.359939
251 316 4.567956
252 262 10.360649
252 435 11.530655
252 501 5.536461
252 558 15.164837
253 550 8.885796
256 340 19.678924
256 484 5.443825
258 377 8.566102
258 454 2.765209
258 479 14.908111
258 517 18.204997
259 458 10.402573
259 505 7.752025
260 395 13.049640
261 401 10.395347
262 387 2.701407
264 290 19.728836
265 325 6.468228
265 420 16.213512
265 509 15.108746
266 528 8.181093
269 572 13.660343
270 303 2.328970
270 349 1.575436
270 584 12.916092
271 422 6.336389
272 305 16.120684
273 353 12.508729
274 464 2.982390
276 421 2.863519
277 337 16.755923
277 494 5.201976
277 562 5.245077
277 592 2.411860
280 336 18.495098
280 577 15.988815
282 379 4.133335
282 498 2.510463
291 329 5.063802
291 536 12.139136
293 502 6.584561
295 372 4.192367
298 485 8.229645
298 487 17.091303
300 377 6.324801
300 521 3.375304
301 416 9.543468
301 575 11.294684
303 379 17.937134
303 416 15.827123
303 444 6.071357
303 571 18.882662
306 312 9.591652
306 324 14.622919
306 332 17.067824
310 335 8.836727
310 402 14.838475
314 358 7.736490
314 362 18.388736
314 363 8.388228
314 406 16.026529
314 515 14.926213
314 542 10.368958
314 556 12.070088
314 582 9.723294
315 552 11.932919
316 351 3.703502
319 512 19.271990
319 543 4.830751
321 471 11.381538
321 484 5.165853
323 470 10.619992
324 372 9.449739
324 382 13.431436
326 393 19.714263
333 549 3.384693
336 453 18.588569
336 492 13.283713
337 355 18.236216
337 366 8.444115
337 460 6.191294
340 415 14.183750
340 481 3.379538
340 520 15.703060
343 430 5.952323
346 598 17.140154
351 491 10.448790
351 505 14.676302
351 548 10.414418
353 413 11.776984
354 383 19.207364
358 384 16.011158
359 467 12.909656
360 579 9.357116
361 489 17.757254
362 370 15.802900
362 542 16.573707
363 594 10.097685
365 459 3.174511
367 511 5.979986
371 595 4.179990
373 559 12.387791
373 581 3.969847
374 433 1.252635
374 525 11.338130
377 473 13.638689
377 500 1.011181
378 540 10.608635
382 519 17.929532
384 450 18.976547
384 508 17.646902
384 517 19.050945
393 412 5.703662
395 411 6.069385
396 507 12.852738
396 563 2.756966
396 589 4.919682
397 569 13.401279
398 415 7.188615
399 457 18.595688
404 423 14.265590
406 478 5.320735
407 450 7.396157
408 493 11.578516
413 448 17.395711
413 589 11.465615
414 442 19.265052
414 578 16.480590
421 461 2.412764
423 428 19.384959
426 430 17.239565
427 546 6.462207
428 551 2.463338
429 513 12.064619
436 529 5.090471
441 526 1.889059
443 482 9.802562
449 551 14.494056
455 568 1.852611
456 538 4.749422
476 549 17.948436
485 524 19.494707
485 564 4.132793
485 599 5.766249
489 508 3.628752
507 518 6.451986
507 573 7.824358
507 576 15.989362
509 516 11.384510
509 554 15.849414
514 573 4.470059
516 580 19.492209
517 553 11.842005
541 544 1.736528
546 564 4.472976
7.839569 12.059464 10.154182 5.541434 6.774331 16.734840 7.060209 9.958241 18.279400 6.320609 23.074699 24.826855 15.868369 21.590736 20.138726 7.474307 17.038536 18.712973 16.030399 14.876146 6.914019 8.625291 21.696385 15.592594 12.270109 10.873918 15.977567 19.660994 6.281587 20.378653 18.992963 6.850510 16.057238 7.529669 18.013145 19.644203 7.453696 17.324789 8.565973 18.481893 24.377024 8.903891 13.919515 15.024732 9.077210 22.836580 6.829090 5.273538 22.465709 15.384678 6.141124 9.706652 5.744991 15.928884 17.727678 8.443288 15.560774 8.084503 13.420649 14.490828 23.431763 7.508182 8.714835 6.067180 9.718328 20.119692 12.352084 11.360249 18.803150 19.080077 20.773951 15.360650 22.317229 16.835941 18.423750 24.771502 5.444695 18.110292 15.695961 8.102574 7.760690 10.723232 24.985400 11.015071 14.786499 22.159131 7.062837 5.137165 6.757071 16.624094 16.187928 19.205593 11.500111 23.617014 17.776364 17.022978 11.400736 17.022039 12.694826 10.541220 22.867685 24.428902 17.730234 6.021475 9.883654 7.679809 22.241188 12.955061 9.238120 14.114658 16.253726 10.690868 21.578848 15.939990 8.750086 24.001918 19.100177 23.095395 13.273978 16.897023 13.845934 5.326266 11.751982 12.357614 14.178461 16.057929 23.295448 19.989855 22.431367 11.699307 15.733522 14.633437 14.560428 17.681458 11.246057 9.072164 7.916307 5.693798 16.900425 16.263366 17.683454 17.362612 18.959487 17.378839 8.699461 7.431014 17.776195 16.593916 18.717855 9.982615 9.906195 21.930375 6.233679 15.054019 18.487438 14.548025 21.854489 21.605510 13.112692 22.101961 12.957863 18.495425 18.981189 14.496003 19.034304 22.551017 19.215722 24.709178 7.058895 20.271069 20.585695 15.717711 10.861617 20.164463 13.377070 7.699770 8.548275 12.557905 7.352787 24.376130 14.867463 24.397503 19.475354 18.761425 14.772858 24.555126 6.263985 13.664515 17.144784 6.954898 21.617945 7.767286 23.020683 20.762467 10.111102 22.090528 20.297181 13.876782 6.803966 11.504907 16.469123 6.204512 12.994263 13.127779 18.472918 5.769816 23.820885 20.040672 11.943259 7.994240 19.583122 6.217855 17.508247 10.447105 13.227458 10.442945 6.453094 23.692156 10.577471 10.581659 7.140586 23.061065 11.587652 15.807008 7.585518 5.358653 13.299875 12.966417 24.596463 11.419569 21.560738 19.267470 17.153105 5.689830 11.565780 5.383131 18.947205 14.753072 16.737786 23.214623 8.542763 6.649331 17.417464 19.112876 24.212654 22.096171 5.991875 20.120855 10.670304 7.913484 13.932629 14.137563 22.048392 21.757954 12.585955 8.453964 6.716917 9.307106 22.597523 17.998492 18.900597 5.605939 7.011203 6.210530 21.949524 20.514540 9.525082 5.555656 21.784493 20.678595 13.792089 21.201962 16.488646 6.136310 18.832295 18.243964 11.945752 18.757020 8.441222 7.574515 10.904571 22.649334 17.468679 20.415513 22.565970 24.476913 23.452432 10.966274 5.364155 8.460378 10.451808 17.931864 7.436557 9.559927 20.300212 8.958628 11.342029 15.281545 8.359741 17.671985 21.958457 15.277499 17.136636 19.848205 18.323092 6.667005 22.136492 8.170269 18.886382 24.083871 14.009413 8.159822 24.800854 23.137598 9.222386 8.855076 6.021631 24.482857 10.248968 18.776761 5.310350 24.116487 12.431433 12.893539 19.907643 23.298055 21.234787 7.111672 6.880951 20.680001 17.503354 20.035384 7.220859 9.581441 21.986919 24.278736 22.803387 20.269790 9.255130 6.813865 10.156348 12.198488 13.266882 12.142616 8.696818 20.272215 14.701122 20.546400 18.439756 15.676245 13.324408 23.514314 13.155586 17.002224 19.381629 8.567312 7.251269 12.347621 24.418294 14.143100 5.363753 15.534785 10.435684 19.454179 19.837617 19.581789 20.737102 22.516732 12.365991 21.490710 13.160647 23.279712 24.677174 13.292396 22.024334 22.381605 21.638592 23.337289 6.858479 24.126441 11.248908 8.295794 11.135302 14.768589 6.891154 16.569447 10.793518 19.439118 17.766614 5.878915 22.752489 19.057940 6.098321 17.134780 16.969578 7.566117 18.806304 14.392767 13.514520 8.634324 7.236824 14.518426 19.858765 22.184303 14.475143 13.334274 9.044814 16.508763 15.857597 23.162328 8.159122 19.767068 23.328911 19.069341 16.149476 10.604767 24.919125 6.840765 14.161101 14.728122 8.593726 17.549617 17.060166 7.320088 11.889470 9.989186 13.327489 15.621594 24.576779 14.636456 24.934729 21.043863 22.364327 21.484069 18.311892 24.173694 12.873193 13.061259 22.167720 5.694985 13.198812 21.866927 12.250227 5.229990 14.461469 18.942509 16.258943 23.823810 5.830415 13.826091 17.300706 6.938558 20.409080 15.122793 14.202329 8.862019 23.241014 18.591685 8.821366 17.421693 22.593380 17.398898 9.438187 23.318209 12.562453 8.184491 17.258953 21.604625 9.085419 5.329508 22.072828 8.103569 16.148387 5.044398 8.392632 11.922342 24.231249 13.516558 21.314394 21.486630 16.928970 23.903447 23.964249 5.795489 14.640480 19.123941 17.876235 12.552221 8.367434 22.583206 7.864062 17.574580 7.763401 20.232803 24.963570 21.554446 7.744620 23.039295 8.169242 24.391379 6.531019 10.719011 5.177909 13.270102 19.038142 16.914360 21.779368 24.122404 14.243723 10.936794 12.039326 17.336175 10.590141 11.427939 16.488870 21.865648 10.339089 20.215890 8.437310 9.306406 21.254286 8.300306 23.994897 20.176499 14.175978 19.885701 12.985005 12.542101 6.086385 9.620577 24.320307 18.970100 7.698974 15.916661 10.510580 9.807000 10.961134 9.185876 15.933765 15.257619 21.428222 21.300081 10.576504 14.845742 19.029885 19.305479 22.231029 11.065657 23.734568 12.638965 15.642719 6.217263 19.205220 17.968670 6.837820 23.212720 17.412644 19.391057 24.592028 21.870080 20.416666 5.158591 13.832911 14.130658 5.224211 8.797346 18.159198 5.865590 19.938768 13.953540 9.044477 14.526212 18.282067 23.706698 19.869255 14.832883 16.411223 9.124394 14.863862 10.942418 10.088429 7.909889 20.775927 23.904092 12.738387 19.479348 23.649050 20.882193 15.657193 19.706097 9.750516 11.982009 21.634943 22.844267 6.863228 19.866220 21.011142 7.919569 22.561647 20.693179
40
142
0 2 5.810156
0 3 7.534982
0 5 5.735687
0 12 5.675697
0 18 6.904147
0 19 5.663680
0 22 6.147253
0 23 3.467328
0 26 4.316934
0 28 1.863026
1 23 2.402551
1 30 3.153996
1 37 5.802413
2 6 4.272493
2 14 5.007685
2 24 5.857318
2 25 9.694866
2 31 9.325050
2 37 3.314968
3 5 6.695316
3 9 3.566096
3 19 7.302446
3 35 3.932483
3 39 1.578664
4 10 8.737540
4 18 6.134206
4 31 9.587275
5 8 4.101254
5 10 3.596449
5 15 2.676836
5 35 4.236419
5 36 9.334535
6 11 4.145794
6 12 1.438504
6 14 1.213258
6 15 1.881574
6 27 2.139705
6 28 9.782315
6 29 3.429954
6 35 3.492445
6 37 7.994654
7 9 6.615572
7 13 7.189096
7 15 1.542381
7 27 7.520669
7 29 7.144756
7 33 8.998983
8 12 8.993350
8 14 4.884694
8 18 4.903420
8 20 7.125798
8 27 9.130305
8 31 2.003650
9 12 6.759762
9 15 8.966295
9 16 9.997381
9 18 3.889790
9 19 9.692717
9 23 7.972911
9 24 4.343497
9 27 3.259083
9 28 9.676927
9 35 8.677204
10 11 7.001677
10 13 4.744960
10 19 1.684186
10 20 2.564348
10 25 1.662029
10 36 4.555350
10 37 1.324975
11 12 4.662840
11 23 3.037535
11 31 5.452441
12 23 9.366915
12 24 3.386178
12 39 4.294971
13 19 2.830650
13 20 5.686154
13 28 7.553507
13 35 3.572425
13 36 4.903035
13 39 9.229744
14 19 1.865708
14 29 5.957920
14 31 1.237714
14 33 8.930940
14 34 1.979486
15 20 9.434602
15 25 8.916953
15 30 6.845968
15 38 9.593780
16 17 4.190439
16 20 7.459208
16 34 1.995596
17 19 4.493897
17 20 1.147541
17 21 5.703778
17 22 5.191285
17 23 4.915601
17 24 2.568651
17 25 8.233216
17 28 5.729773
17 29 2.274827
18 22 5.172658
18 28 5.382841
18 30 9.869435
19 30 1.932872
19 33 8.408464
20 21 7.781503
20 26 6.173467
20 33 8.059837
20 39 7.724162
21 22 6.869374
21 31 4.579748
21 33 2.686107
21 38 4.315969
22 25 2.399569
22 30 2.505610
22 35 8.123086
22 36 9.167658
23 29 6.253323
24 25 2.571040
24 26 1.074359
24 28 9.185528
24 38 5.688808
24 39 9.670651
25 35 9.941499
26 33 1.313428
26 34 1.095371
27 31 1.103821
27 32 8.066897
27 33 3.387173
28 29 5.494985
28 34 9.284513
30 32 5.663274
30 35 5.314712
30 38 6.636673
32 37 5.147370
32 39 2.899356
33 38 2.526758
34 35 6.457143
37 38 5.772495
465.223172 383.313317 244.029845 489.282357 491.054657 468.394147 370.655131 492.748198 304.577160 505.521724 496.223745 478.547940 469.005441 428.673991 446.822276 220.901703 444.398038 401.583530 488.241392 431.388805 268.262070 360.836982 248.470199 420.149971 292.460062 286.465258 332.283170 300.831144 307.178706 487.918535 481.179764 289.546540 494.917591 407.184621 433.436635 429.925236 245.851891 358.677521 279.346821 462.134430
