600
1197
0 1 8.664362
0 2 17.942013
0 5 5.239815
0 8 7.219554
0 9 12.370897
0 11 5.177250
0 13 2.598880
0 19 7.617759
0 22 8.048623
0 32 16.963777
0 39 19.512437
0 58 15.235739
0 74 5.288385
0 116 10.124073
0 154 4.362518
0 224 14.089534
0 270 11.590559
0 293 10.445641
0 296 6.223232
0 324 2.854439
0 377 7.500862
0 379 5.351209
0 406 10.584175
0 420 11.844206
0 423 2.280924
0 536 12.877041
0 565 5.310400
0 597 16.237237
1 2 2.622686
1 3 16.931214
1 4 6.014513
1 7 9.250235
1 17 2.564143
1 38 6.302916
1 39 13.483452
1 40 16.915896
1 42 16.744186
1 44 17.037540
1 49 19.449534
1 55 15.293842
1 64 17.499317
1 66 1.495973
1 71 4.712840
1 109 3.570983
1 112 6.171172
1 149 5.650294
1 160 8.404262
1 191 9.009079
1 212 2.849796
1 219 5.964249
1 303 9.115668
1 336 4.162206
1 370 2.948035
1 386 19.830240
1 387 16.480089
1 410 5.565930
1 445 13.777229
1 506 19.318564
1 522 19.360963
1 579 9.000423
2 3 10.285153
2 6 8.910959
2 8 8.609347
2 13 19.348606
2 14 1.301568
2 19 6.354612
2 27 16.863030
2 53 9.860800
2 59 5.437308
2 60 16.407296
2 63 10.750704
2 70 16.123404
2 77 12.382201
2 88 17.985487
2 100 15.202083
2 102 7.256205
2 104 12.041773
2 126 3.904597
2 127 18.036764
2 131 14.851566
2 145 8.803085
2 150 15.659574
2 157 13.562044
2 168 10.634262
2 170 13.300566
2 201 13.253326
2 202 3.507648
2 203 19.668931
2 240 6.837571
2 262 10.927329
2 282 15.971181
2 306 9.757630
2 327 13.809747
2 376 1.839974
2 390 6.160004
2 396 10.612314
2 407 17.781428
2 428 15.160086
2 457 19.857084
2 471 7.985548
2 482 13.631413
2 598 12.339583
3 4 4.661754
3 5 12.027547
3 6 18.579624
3 12 1.533961
3 15 5.908870
3 20 10.619746
3 29 16.955028
3 31 10.668077
3 33 8.816283
3 43 14.670272
3 48 5.173133
3 50 18.208279
3 55 18.949790
3 68 2.628656
3 71 18.461962
3 120 2.559934
3 125 10.651757
3 130 1.743729
3 137 3.862102
3 179 6.306964
3 233 2.547500
3 235 6.147156
3 260 5.618728
3 297 15.619625
3 298 9.655483
3 316 8.155434
3 333 12.827350
3 348 2.920554
3 361 19.872717
3 368 7.095488
3 395 6.411742
3 409 13.616660
3 416 19.184490
3 444 10.625166
3 456 4.674863
3 469 2.987008
3 584 11.804145
4 10 4.537779
4 14 12.940636
4 24 2.906688
4 47 6.358696
4 62 2.874523
4 67 16.260901
4 81 13.406377
4 88 11.421732
4 122 19.462876
4 136 12.649761
4 141 7.093248
4 164 2.521925
4 222 2.266372
4 291 18.904935
4 358 5.475952
4 359 15.871206
4 424 1.305773
4 507 1.179572
4 541 6.465310
5 11 9.826670
5 16 17.116018
5 25 12.599069
5 58 16.450409
5 65 16.540029
5 76 9.781043
5 79 13.225304
5 95 13.434882
5 163 9.984669
5 198 7.764498
5 275 15.188254
5 323 19.726438
5 332 12.330153
5 484 10.601178
5 517 16.409101
5 584 6.161277
6 7 14.951803
6 21 15.530068
6 86 6.643242
6 124 15.226991
6 134 8.751251
6 153 8.544112
6 203 19.410758
6 340 17.729316
6 441 14.819018
6 447 18.862990
6 490 13.581389
6 542 5.589154
6 558 17.014857
7 12 9.781262
7 17 19.054043
7 24 5.586667
7 26 16.091434
7 27 4.780218
7 28 3.873922
7 34 9.706767
7 41 1.463045
7 48 15.565853
7 49 1.858825
7 64 16.655291
7 70 9.624063
7 84 13.875763
7 89 14.155624
7 97 4.803021
7 107 3.181783
7 108 1.507612
7 112 13.780429
7 121 11.302320
7 128 4.562333
7 159 1.814034
7 168 5.095580
7 211 17.677994
7 224 2.908810
7 254 14.039868
7 265 3.972354
7 290 3.343926
7 328 11.944632
7 417 17.747245
7 425 1.842660
7 438 11.207090
7 449 11.046013
7 478 1.699314
7 498 15.358249
7 540 17.011160
8 9 3.135220
8 10 12.760860
8 23 2.492034
8 35 1.140243
8 52 17.847979
8 53 9.034639
8 67 5.229562
8 72 15.409441
8 132 3.761696
8 146 16.932330
8 228 6.533232
8 233 6.572931
8 246 1.075769
8 304 5.922180
8 320 4.589838
8 347 1.728054
8 399 14.968242
8 514 4.902447
8 526 2.664603
8 533 17.058632
8 566 6.981146
8 581 4.071259
9 15 18.706650
9 18 14.018659
9 20 14.630416
9 29 19.757524
9 30 12.589605
9 37 7.157983
9 65 5.731408
9 93 9.128292
9 100 10.534056
9 105 7.413817
9 119 4.617228
9 150 17.361003
9 154 19.349056
9 188 9.696196
9 201 2.239732
9 228 11.383789
9 236 4.011168
9 267 12.515908
9 305 5.686372
9 311 16.172316
9 312 14.706634
9 369 13.744855
9 385 3.439001
9 451 10.394025
9 460 9.162236
9 490 11.445489
10 16 8.042306
10 18 4.095670
10 35 1.857207
10 36 9.380292
10 46 7.985010
10 72 16.262556
10 75 4.560727
10 158 9.644626
10 192 7.234139
10 315 19.500237
10 344 12.948185
10 376 18.873442
10 387 16.886491
11 83 3.880567
11 110 14.504943
12 33 17.504949
12 43 11.840879
12 66 10.070935
12 189 14.516972
12 218 3.038201
12 430 7.529761
12 466 1.270581
12 474 15.107888
13 28 14.555577
13 92 6.941913
13 106 10.925947
13 204 16.166050
13 242 2.814437
13 365 16.635654
13 380 9.603845
14 243 12.232469
14 248 1.444171
14 351 10.380788
15 37 13.703588
15 196 19.460159
15 306 6.829321
15 375 15.213496
16 173 15.753016
16 205 5.382084
16 345 13.171678
16 478 19.754033
16 481 4.707246
17 21 12.168428
17 22 9.762542
17 25 15.357843
17 50 4.000992
17 57 1.846353
17 101 1.224976
17 115 2.832540
17 199 17.750816
17 211 2.881565
17 286 1.119805
17 291 19.585331
17 571 1.486563
17 590 18.412968
18 69 4.887229
18 80 9.805614
18 102 19.958104
18 304 18.457206
18 581 7.778677
19 40 1.940257
19 45 19.709900
19 78 9.854962
19 163 3.344839
19 278 6.596212
19 525 14.132819
19 555 15.657915
19 560 18.968352
20 23 1.847796
20 76 15.735349
20 130 16.660482
20 151 1.769070
20 165 6.687200
20 183 14.945453
20 212 18.870160
21 56 16.601024
21 122 13.833318
21 184 11.707499
21 227 10.773740
21 307 6.132115
21 337 3.749397
21 487 7.739569
21 528 15.548034
22 26 9.841690
22 41 14.460893
22 46 14.869411
22 69 7.413869
22 106 12.400436
22 123 7.665540
22 175 19.435467
22 343 7.338900
22 380 11.352162
22 560 13.647892
23 30 4.713943
23 63 1.683898
23 73 17.925434
23 339 2.005235
23 450 7.028908
23 559 12.393606
24 31 6.925100
24 38 12.930217
24 57 11.289470
24 94 12.615365
24 101 18.502496
24 117 16.957749
24 120 4.389646
24 176 2.636054
24 190 17.806276
24 221 17.223354
24 276 2.793680
24 349 10.370337
24 358 18.859661
24 369 13.005890
24 459 7.389270
24 507 13.259950
24 512 18.672464
24 549 16.073006
25 59 2.565834
25 463 3.662904
25 489 7.875379
25 520 6.428576
26 236 10.684816
26 279 17.774281
26 413 7.604850
26 427 11.094549
26 455 13.632706
27 34 13.740161
27 167 17.853561
27 338 3.014430
27 525 19.505363
28 36 18.469316
28 82 13.560275
28 132 2.305567
28 138 6.167421
28 156 11.793613
28 265 2.064278
28 355 12.192146
29 197 3.298542
29 245 8.584470
30 44 18.223513
30 60 10.463258
30 91 2.009157
30 133 1.320030
30 225 13.523464
30 352 10.347948
30 445 3.508884
31 32 9.176836
31 74 17.010711
31 108 19.389218
31 157 18.944754
31 281 8.734635
31 397 6.267776
32 42 5.701840
32 54 15.503495
32 80 11.685172
32 86 17.640809
32 96 3.827883
32 143 13.281792
32 177 5.012756
32 251 2.179599
33 62 8.654713
33 141 9.956135
33 237 10.094939
33 381 7.221778
33 383 8.465980
33 595 8.410847
34 61 8.835870
34 99 2.269348
34 541 12.650643
36 179 1.250453
37 272 6.312055
37 434 5.152465
37 537 16.877525
38 97 19.608937
38 239 4.125800
39 68 2.646068
39 96 9.407308
39 145 3.852140
39 169 18.605703
39 290 10.939467
39 335 4.051835
39 519 7.447835
39 578 5.676536
39 586 8.841229
40 54 16.905240
40 559 3.078265
41 103 16.638966
41 146 6.656333
41 177 18.111942
41 193 1.585550
41 213 13.238475
41 294 9.576935
41 297 18.585679
41 314 15.267644
41 368 17.809483
41 409 9.301169
41 438 9.899471
41 520 19.322455
42 51 10.140870
42 93 5.270451
42 432 5.239784
43 45 18.468258
43 47 17.418591
43 56 1.670707
43 136 4.468481
43 180 7.413665
43 181 15.060005
43 227 11.017151
43 232 6.634964
43 256 15.071974
43 281 2.513348
43 311 1.442261
43 567 18.730750
44 77 11.627083
44 397 8.255632
45 75 14.689126
45 87 7.038079
45 131 15.765685
45 207 16.738535
45 239 1.824752
45 364 1.044348
45 401 18.365698
46 52 15.918167
46 82 6.389524
46 231 8.185482
46 267 6.687029
46 342 11.426354
47 51 15.679787
47 182 4.352601
47 534 13.638898
49 94 11.976886
49 288 15.935367
50 124 6.183914
50 147 14.510111
50 166 11.418182
50 283 18.619856
50 357 18.570014
50 375 5.688745
50 524 14.902217
51 73 1.340313
51 206 18.717144
51 338 15.061824
51 494 6.966915
53 81 14.072352
53 113 7.412258
53 155 2.831002
53 189 15.321549
53 400 11.873280
53 493 3.346677
54 105 5.314410
54 114 10.619811
54 115 14.730692
54 198 2.244880
54 392 8.482297
54 398 3.175948
55 103 15.685868
55 142 5.464811
55 183 17.290429
55 225 17.551647
55 519 11.954915
56 84 17.195451
56 90 6.616806
56 99 17.279595
56 129 14.973242
58 85 7.348070
58 91 2.038330
58 174 2.101261
58 321 9.165422
58 326 5.599389
58 415 10.905159
58 491 7.565926
59 111 17.034647
59 139 5.875201
59 247 12.001969
59 260 16.875473
59 298 2.173582
59 389 16.539620
60 61 8.033402
60 83 15.788020
60 138 7.163618
60 268 7.043449
60 401 15.144642
60 431 15.927237
60 439 15.507166
60 530 2.635955
60 564 7.222708
61 78 1.111321
61 85 14.374391
62 252 4.707962
62 496 14.368386
62 546 13.462215
63 501 4.385041
63 573 12.127528
64 152 7.479330
64 185 1.888778
64 285 5.964163
64 308 3.872570
64 448 5.222812
65 107 13.633453
65 140 17.482974
65 148 10.914725
65 152 1.274037
65 178 17.356432
65 209 7.828639
65 318 1.084115
65 406 14.948060
66 174 1.319136
66 258 15.289326
66 289 5.915790
66 346 1.748307
67 264 18.816308
67 396 18.487910
68 133 5.839840
68 140 16.714378
68 171 14.300565
68 273 17.863545
68 285 4.543846
68 325 3.989126
68 573 7.190955
69 125 12.967149
69 187 6.555825
69 284 8.599213
69 372 1.662948
69 377 18.241973
69 390 5.946569
69 428 19.262642
70 259 5.002885
71 79 1.535319
71 90 3.912217
71 127 7.560213
71 205 16.242867
71 269 14.049298
71 294 19.225932
72 159 19.821784
72 185 1.824278
72 302 16.471803
72 315 9.663139
72 317 18.603618
72 326 9.465892
72 332 7.511012
72 402 3.678481
72 407 19.737097
72 468 5.226625
72 553 11.857876
72 574 4.797662
73 214 10.961956
74 280 5.479195
74 513 13.585494
75 89 16.986385
75 171 8.290273
75 176 4.597636
75 194 19.899461
75 261 9.481144
75 442 6.298873
75 450 5.052594
75 501 13.194311
76 123 18.746813
76 350 11.465782
76 497 17.848872
76 508 12.444190
77 92 2.530280
77 135 14.164990
77 181 12.312332
78 506 6.166674
78 599 16.027138
79 109 9.657335
79 114 10.140948
79 251 10.628217
79 284 19.695339
79 482 11.586232
79 488 8.603693
79 538 1.659898
80 87 2.863578
80 216 1.338498
80 322 4.902084
80 354 12.512184
80 367 19.902909
80 374 4.719621
80 424 10.022356
80 598 7.423422
81 300 11.693728
81 472 15.787082
82 95 9.765236
82 148 16.612541
82 277 15.582796
82 371 2.845464
82 382 6.018056
82 516 8.565907
83 190 9.958896
83 303 11.127363
83 429 15.684291
84 371 15.795648
85 98 9.647922
85 121 10.616422
85 178 4.766940
85 235 17.253934
86 98 12.108350
86 467 16.721636
87 167 1.526405
87 209 14.891346
87 210 2.138105
87 238 8.457148
87 292 1.877671
87 333 13.563090
87 363 2.522931
87 435 13.774083
88 155 19.279232
89 288 12.531331
89 320 1.092458
89 444 8.431091
89 572 10.743086
90 200 10.305532
90 246 19.960001
90 342 10.630764
90 354 2.860593
90 437 2.499697
90 443 19.633742
91 119 10.829709
91 382 3.999859
92 117 9.095383
92 151 12.486536
92 172 9.924923
92 286 17.994892
92 530 16.350204
93 144 16.297601
93 160 2.086867
93 173 17.479164
93 182 18.170382
93 186 9.023782
93 234 18.480058
93 337 11.498115
94 104 6.622546
94 118 8.793773
94 161 2.450562
94 356 1.064657
94 456 7.287853
94 515 16.267932
95 111 9.495186
95 113 15.193315
96 219 11.954166
96 392 11.392902
96 548 11.211709
97 149 3.355227
97 295 1.214021
97 435 6.575515
98 126 7.212560
98 169 7.715706
98 269 4.692070
98 348 10.552767
98 497 1.790188
99 110 10.589503
99 193 17.808218
99 249 4.953716
100 135 10.702636
100 363 14.571430
101 494 1.263475
102 481 3.569737
103 128 17.707847
103 240 1.381664
103 274 3.507611
103 319 8.466178
103 449 15.376369
103 524 2.008750
103 571 13.944949
105 208 6.817905
106 241 3.045122
106 350 9.970634
107 259 7.216598
108 116 4.041392
108 118 6.998906
108 200 2.430973
108 215 17.820538
108 405 2.369152
109 188 9.681438
109 245 16.774372
109 271 1.522543
109 464 1.029940
110 144 8.363401
110 191 2.193938
110 250 16.839345
112 345 19.575877
112 388 14.170124
112 466 4.442236
115 134 4.979718
115 299 11.381640
116 192 16.647437
116 256 12.651948
116 274 19.373896
117 238 15.260476
117 241 2.938574
117 591 7.552321
118 210 9.596008
118 499 9.831092
119 429 2.912199
119 586 7.248309
120 218 12.790280
120 344 11.782601
121 129 4.099396
121 302 15.018717
121 316 12.257961
121 431 11.869724
122 186 9.839330
122 195 8.071012
122 206 10.515983
122 331 11.933513
122 464 15.589379
123 137 16.165243
123 162 18.192726
124 196 3.855688
124 487 7.446661
125 143 3.778499
125 194 7.016302
125 222 4.376011
125 330 14.990396
125 470 1.912695
125 477 11.335390
126 158 13.482396
126 172 17.969294
126 217 14.144827
126 253 4.176733
126 275 4.878488
126 293 13.146437
126 384 5.583550
126 436 16.381787
126 446 6.287484
126 457 10.781558
126 480 9.116443
127 153 8.820902
127 325 19.428984
127 527 13.768199
128 207 12.933185
129 147 7.573934
129 243 1.186338
129 385 12.049446
129 412 8.797549
129 452 8.582498
129 503 1.965695
129 589 10.349164
130 139 19.439649
130 164 18.671005
130 197 13.141242
130 283 18.160620
131 242 8.083389
131 321 11.872984
131 389 11.766601
131 472 17.425834
131 505 7.008781
131 568 17.345800
131 592 10.453000
133 175 11.745442
133 202 18.349149
133 208 13.658932
133 330 10.085278
133 484 14.837444
134 142 7.560352
134 249 12.282671
134 353 16.658278
135 170 15.290768
135 248 3.115646
135 374 1.392084
136 231 19.355557
136 512 5.085741
137 166 18.859006
137 599 2.957657
138 220 6.147958
140 156 3.860291
140 252 5.052468
140 263 11.730669
140 336 19.834649
141 423 2.385531
141 554 18.713724
142 162 1.535885
142 234 14.099805
142 357 7.705221
142 502 10.763822
143 223 12.496476
143 299 1.281242
144 204 1.600403
144 253 10.540607
144 360 2.864537
144 422 10.284662
145 322 6.130129
145 346 2.644804
146 161 9.001663
146 480 12.779042
146 523 19.527751
146 545 18.558937
147 230 1.721281
148 416 7.723318
148 539 4.562092
150 165 7.348409
150 187 3.720548
150 255 5.638397
150 300 7.538708
150 309 12.945149
151 349 3.484594
151 356 12.919495
151 440 17.457920
151 488 1.537983
153 461 12.019088
153 551 19.840429
154 229 14.759285
154 426 10.202106
156 408 6.335602
156 575 12.467469
157 533 1.680719
158 216 13.859709
158 229 11.358739
158 308 10.616123
159 305 10.979976
159 378 16.355102
159 404 17.420016
159 421 2.381758
159 474 8.818630
159 479 19.113684
160 261 12.385477
162 394 14.660319
163 310 11.914602
164 215 15.782951
164 502 14.726361
165 195 8.498221
165 266 17.005951
166 479 1.120371
167 391 16.530630
168 244 18.838493
168 276 5.952725
169 373 1.987665
170 535 12.183860
171 257 17.426227
171 273 17.816093
171 413 5.068901
171 422 6.611473
171 440 18.692416
171 492 19.285118
171 513 18.763270
171 553 1.312037
171 577 7.198301
172 199 10.868600
172 244 11.681481
172 258 9.269575
172 339 8.668674
173 383 11.811837
173 588 10.061056
176 419 11.320479
177 180 3.099904
177 362 12.342574
178 453 7.348615
179 184 19.782440
179 272 9.420302
179 384 8.587107
179 521 14.248304
180 221 12.243909
180 301 10.167753
180 453 3.995117
180 580 3.425108
181 226 9.518869
181 335 19.040297
181 366 5.449491
181 410 12.109786
181 486 18.483599
181 532 14.491854
182 405 16.183560
183 232 13.776057
183 266 3.705165
183 341 2.849534
183 366 16.723200
183 583 17.414250
185 415 9.816493
188 220 9.724840
188 279 17.167222
188 353 2.153605
188 381 6.352750
188 537 10.381971
189 352 5.546421
189 414 16.141519
190 223 8.038947
190 230 14.916182
190 462 8.375398
190 503 12.302535
190 583 19.708067
191 318 17.979797
192 247 13.725672
193 292 5.794766
193 343 8.617569
193 500 4.535925
194 226 10.389103
194 254 11.085914
194 255 19.934202
194 307 11.826795
195 214 16.849536
196 282 7.158453
196 451 14.332701
196 570 9.929657
196 579 4.392438
197 404 14.561158
197 504 2.658344
197 509 6.038052
198 309 7.017008
199 237 2.559526
199 280 8.439153
199 529 14.230258
201 531 3.655655
202 296 14.934207
204 217 5.336198
204 278 18.590328
204 312 8.207839
204 361 17.752873
204 403 19.748932
204 536 17.516220
206 270 13.923501
207 495 5.731839
209 508 17.169500
209 597 16.129313
212 213 1.507071
212 262 13.409920
212 461 14.209410
213 287 8.717613
213 323 19.451535
213 562 5.122985
213 582 7.299428
218 465 10.814889
220 313 3.844890
220 454 17.939569
222 370 19.594088
223 331 1.176704
225 509 5.602913
226 250 18.720095
226 257 7.834712
228 264 6.753866
228 289 7.451867
231 527 1.889323
232 271 12.195081
232 475 9.466604
233 277 14.673034
233 473 7.483938
234 443 4.492324
234 572 6.798457
235 295 17.500716
237 313 8.797876
238 327 4.482214
242 287 13.973957
244 439 12.807796
244 514 8.455037
244 568 12.360043
245 447 5.336372
245 463 6.346220
245 540 5.503071
246 263 8.417932
247 319 11.153670
247 414 7.350510
248 544 2.574318
249 446 14.967686
250 268 10.865780
250 437 2.870641
252 441 19.277116
252 590 10.474671
253 529 13.339745
254 355 2.201836
254 535 12.195303
254 545 15.017007
254 577 7.141584
254 585 1.736540
256 412 8.632396
257 365 16.708371
257 379 19.988278
258 394 17.086645
258 495 10.651095
258 521 2.238688
258 585 6.864489
259 433 19.250203
259 500 1.264720
260 364 9.832453
261 388 2.075785
262 340 16.054928
262 434 9.699318
263 301 9.092628
263 373 11.139587
264 473 10.014158
269 351 6.065776
269 372 7.696799
269 378 12.281706
269 476 19.039141
269 516 4.400723
270 442 14.740672
270 531 12.804828
271 334 11.793747
271 367 5.918579
271 528 15.276179
272 314 3.956225
272 359 11.659940
272 462 13.934195
273 418 12.690162
275 324 1.675667
275 347 2.194359
275 505 19.836094
276 582 4.073236
277 329 19.262311
277 393 4.988585
279 548 8.259865
280 420 7.928097
285 485 8.083587
285 588 3.317517
286 483 16.028660
286 591 18.649847
287 395 2.749908
287 459 8.947543
287 476 19.743665
287 556 7.376715
290 362 12.027916
290 427 4.188785
290 555 2.486127
292 468 14.449926
296 491 3.103348
297 328 15.080124
298 334 3.434517
300 399 18.235451
302 569 7.182803
304 317 8.858862
304 411 18.110388
304 458 17.778792
304 592 19.578421
305 329 8.601431
305 425 19.263691
305 504 14.651592
306 458 10.291364
307 310 1.985245
309 595 6.707248
318 419 19.669870
318 567 1.075935
318 569 5.085454
320 448 16.118734
322 534 8.623628
325 475 3.065149
326 563 18.358561
331 589 6.914638
332 341 3.767172
332 499 3.563164
333 421 15.539159
336 408 4.404700
339 360 1.120884
342 511 6.365980
348 465 9.048320
354 547 4.908927
354 576 7.930597
356 543 7.804413
359 436 15.489008
359 517 15.485490
360 411 8.011620
360 489 3.919662
360 564 2.403427
362 400 12.398984
362 544 17.526698
362 580 8.887330
363 398 11.359261
364 549 3.123597
365 455 12.572301
366 403 11.814226
370 496 3.945340
372 391 8.175163
372 418 11.491993
372 483 17.904449
372 557 2.290519
375 386 16.430892
375 486 14.515556
375 523 5.812974
376 587 16.160660
377 417 4.177535
382 393 4.544056
385 433 3.007790
385 498 13.700917
385 538 2.250520
386 471 10.912980
387 452 8.924395
397 402 12.427849
397 558 1.164718
398 460 16.831165
403 552 8.247583
405 467 1.668615
405 526 19.108461
411 454 18.365067
415 430 4.345750
417 432 6.878772
417 485 10.668517
417 550 7.238241
418 426 7.703045
418 511 4.064705
418 575 19.631551
424 492 10.885993
424 562 17.630050
428 469 11.308570
429 522 11.900103
431 493 18.073819
433 518 13.385913
435 596 5.894598
437 566 5.352112
438 593 18.960884
441 593 17.536350
441 594 8.968122
444 532 3.434533
444 547 8.893952
445 570 14.565068
445 576 8.328280
447 515 11.274965
448 518 13.106359
455 477 15.134257
455 578 17.783525
463 470 3.648497
464 563 15.948134
468 594 19.081606
472 542 3.646888
473 510 1.569330
474 587 9.141681
477 552 18.352367
489 554 10.026997
496 551 7.978749
500 543 10.999046
503 510 11.068713
503 557 14.758463
516 565 6.534295
522 539 2.836403
530 550 8.919266
533 546 14.583090
539 574 8.698323
543 556 19.792033
543 596 2.621146
553 561 9.406605
555 561 4.634108
17.638321 12.850185 14.581292 10.604716 17.454352 13.025510 6.230633 21.859293 17.399657 19.717142 14.355373 17.051069 7.506597 18.215753 11.130084 15.439205 9.182726 5.547098 24.789041 7.619117 5.291335 23.172549 5.264794 10.983738 10.261390 7.348937 16.383920 22.302879 12.817040 19.066107 7.833210 9.088725 18.628042 15.436834 6.129246 11.067236 12.218863 21.010663 19.207052 5.755310 14.912033 21.441418 7.616343 9.269323 24.090587 13.882461 12.719366 24.420611 11.808278 20.246515 14.707049 6.105062 6.083545 8.037495 16.378695 8.630967 22.181953 24.053752 8.916837 7.459871 18.494037 19.582348 7.257340 8.126627 18.695587 19.481317 7.886295 15.049732 19.119004 22.411226 22.313120 13.094509 17.957555 19.152862 12.612608 7.215665 5.776004 24.658169 7.474981 5.651570 23.712215 9.125771 14.298414 14.934515 24.590026 20.094666 17.538561 19.919301 15.884149 14.549883 11.201257 19.245614 16.374121 16.904704 23.668565 17.559116 7.107909 16.526432 11.356016 12.353446 17.220165 9.640532 12.311219 13.803833 19.282064 6.586180 15.012321 16.602328 23.153653 20.207531 12.309573 23.366130 18.235946 18.819512 23.830356 5.472746 17.491362 22.063122 24.000566 12.583760 9.336287 17.027471 9.398893 18.218895 9.456709 6.645485 21.157726 16.380524 19.779624 15.802096 19.784295 12.184305 17.412239 15.202931 16.615267 17.657825 20.900039 14.619977 19.600882 24.941498 5.214186 10.252769 6.387619 23.921760 12.755443 16.301071 16.308733 13.809695 14.247164 18.363553 10.900571 14.493612 16.051781 17.098135 19.768834 21.845001 18.242309 24.228587 17.473216 23.240773 24.767069 24.646901 8.893509 9.509752 13.820778 11.471489 12.537731 6.180461 14.462811 5.558655 22.401993 11.742956 8.469204 16.315795 21.545453 21.160080 24.220203 12.239841 15.485423 18.862446 21.994105 12.583782 10.008284 11.417193 24.073976 21.856966 10.692289 7.242006 22.431116 12.765800 8.148248 6.991562 17.106150 6.865796 21.124533 12.305759 24.105754 10.513500 13.512880 6.805272 22.137572 22.157812 12.872630 22.689291 5.564925 19.527790 9.179814 10.622072 12.828712 20.000714 6.431146 18.038545 19.422002 24.567517 6.799166 21.973684 6.041509 6.365409 20.418560 19.542926 5.118218 20.748243 9.457282 8.096847 19.113049 19.821225 5.214168 15.101055 19.693012 18.477233 22.562745 7.809750 21.777035 23.037283 10.967216 6.218083 18.976787 21.350256 8.002702 9.331120 10.101309 24.007511 21.496561 18.896690 17.188749 6.253340 21.443967 24.633751 6.928912 9.705705 18.576630 16.337318 9.542887 24.736226 9.945254 19.291730 16.689238 13.721444 16.928288 9.173479 22.958826 17.813180 6.214611 5.881765 20.648364 7.851521 9.706282 6.249279 22.221138 13.424809 5.105695 10.932603 9.177875 23.670558 24.282698 23.837373 11.099500 12.685546 23.847919 11.332490 8.198248 15.338319 11.307800 13.876350 24.071144 21.522425 14.006709 8.695771 19.976128 22.836504 14.208710 17.509264 21.296859 9.147491 7.120092 8.586130 10.905243 18.307092 14.737444 24.010900 22.369981 18.803856 17.322316 10.647636 18.300360 12.500430 22.690888 24.853455 12.036055 16.438998 14.625700 9.454579 18.858095 20.887206 7.302205 10.078789 18.519828 9.367975 12.272591 6.946136 19.422928 8.999117 12.764486 8.264472 19.848788 5.042338 11.440093 20.561214 22.715267 8.239790 20.104440 13.250079 19.252193 23.627534 22.082861 21.280322 17.257156 6.483009 15.720099 24.421998 6.353764 7.859813 14.985850 16.595710 15.707619 6.694001 21.089055 20.803309 22.314605 19.865649 10.521929 13.475443 23.122700 21.927159 9.642269 19.787044 19.591297 5.694879 22.918026 5.265886 9.297947 18.000964 11.737418 13.242016 13.505892 21.865020 22.402163 14.430260 19.314673 24.737267 12.926219 12.201108 24.865215 6.021633 5.242975 23.908064 18.427867 21.668243 9.471937 23.132454 17.070232 20.510105 17.183442 15.567243 13.377496 12.929849 16.330183 23.099159 12.521726 21.538629 10.911640 6.917472 16.156385 11.261776 9.076712 6.575036 23.417558 23.901348 23.336935 17.606987 13.478087 10.458755 17.301282 17.402837 8.483686 12.084018 13.516539 21.703086 22.094466 19.485654 24.738104 19.094293 23.739298 20.696456 7.664544 23.897152 19.165526 18.412193 23.302670 21.716805 22.697457 17.310727 17.768545 6.584416 15.332026 11.906351 6.616067 19.637145 7.536076 20.202369 11.052190 22.499920 21.241482 10.808680 11.179758 5.963087 10.171226 12.789704 21.183675 23.125997 6.323104 19.505380 20.819706 11.134008 21.178551 20.522234 12.040565 10.064442 14.450434 13.384808 18.115295 10.829572 16.388257 22.448149 13.324952 21.530331 15.102185 23.672504 7.345351 11.355975 9.674968 12.337023 6.772066 10.933305 7.539030 21.552418 20.436799 15.182983 7.749320 20.414560 7.211290 6.415669 15.858110 5.833544 9.086531 24.075391 14.779220 8.537321 19.389114 9.202830 23.926044 21.212029 13.047501 23.021500 16.088297 17.258973 12.541983 16.296748 24.406853 24.642992 12.991589 5.517276 24.158492 17.741152 10.941590 8.396694 7.579691 8.780579 12.456946 18.007089 12.304084 5.658674 16.972053 20.089005 23.139612 7.567751 8.273213 10.979559 10.492539 15.761918 24.862951 16.709285 22.096081 17.498084 15.430046 10.909761 8.140738 21.320552 13.433168 22.941001 11.313443 14.914764 18.036343 19.425213 15.235267 10.198193 18.127467 11.262190 5.308864 15.273617 13.098759 20.177090 24.982320 12.510029 5.199798 15.016371 12.229494 20.083760 15.803013 23.769338 7.532463 7.052684 14.859507 17.624531 17.137214 18.629975 5.992494 21.779725 12.030266 13.330276 18.430994 6.931488 16.431511 9.152515 11.499310 10.685783 6.928272 13.172629 18.819992 10.927335 24.987200 7.842270 6.821604 19.946985 15.669953 19.051295 12.586339 22.315276 20.127270 12.793378 14.045631 21.241598 20.531639 21.222112 12.675026 23.911159 7.764944 12.962048 6.368085 23.592136 22.316225 19.050655 23.899068 17.442283 10.464374 23.485519 14.289148 21.538738 5.718864 21.867080 22.754575 15.428515 17.972581 17.275553 16.013183 13.570188 11.401414 8.784095 22.285525 24.725481
40
149
0 2 7.721840
0 3 7.619681
0 4 2.386353
0 14 2.426587
0 18 4.159614
0 20 2.955326
0 32 8.811263
1 5 8.079992
1 11 1.402656
1 12 7.635546
1 15 6.273012
1 22 7.689898
1 25 4.788796
1 35 9.248266
1 39 7.923428
2 9 1.050694
2 17 2.183206
2 18 6.224928
2 26 4.364295
2 31 4.484591
2 36 9.361411
2 38 2.241041
3 10 5.925156
3 12 9.311671
3 14 1.824337
3 17 8.403998
3 18 7.951535
3 20 9.780201
3 23 8.370877
3 28 6.261218
3 34 2.943503
3 35 7.249888
3 37 4.138939
4 10 8.047272
4 19 5.455270
4 24 9.551819
4 27 1.993690
4 32 6.194008
4 33 6.412447
4 35 8.343192
4 38 2.439104
5 6 5.558701
5 8 9.747997
5 15 5.893834
5 17 2.812936
5 18 9.166566
5 23 4.107665
5 26 6.843048
6 15 8.349909
6 17 4.985508
6 19 3.826271
6 30 3.753536
6 32 3.562538
6 36 6.004216
7 10 1.961873
7 12 4.475847
7 16 1.821576
7 22 4.968166
7 37 3.149852
8 11 8.352602
8 12 2.000081
8 21 4.062919
8 26 7.082459
8 28 7.597200
9 11 9.536932
9 17 4.955357
9 25 6.206561
9 27 9.545802
9 28 5.098183
9 31 2.593747
9 37 4.589176
10 15 5.212507
10 20 9.011566
10 22 9.397178
10 36 3.507653
11 13 7.176787
11 19 7.698528
11 25 9.161887
12 15 9.603433
12 16 2.248685
12 20 7.197427
12 22 6.462074
12 29 4.597603
12 36 6.666894
12 38 7.487143
13 15 7.595062
13 16 2.407231
13 22 4.569147
13 23 2.877751
13 27 6.360131
13 33 2.728005
13 34 8.441786
13 36 1.817785
14 17 8.269243
14 36 7.748176
15 18 4.839902
15 20 8.208531
15 29 1.778457
15 33 1.936878
15 35 8.671993
16 24 2.136706
17 25 6.239798
17 32 1.758766
17 35 4.895042
18 20 9.513739
18 21 6.112675
18 28 8.458425
18 32 1.619213
18 36 5.838820
19 30 6.315497
19 31 1.691172
19 35 4.225862
19 39 3.986041
20 22 3.069986
20 28 1.113918
21 27 9.888327
21 32 8.077819
21 37 8.836733
21 38 2.668360
22 26 1.966586
22 30 3.519525
22 34 4.153804
22 37 2.189820
22 38 6.671239
23 24 9.733425
23 27 5.641180
23 29 9.598248
23 30 7.004265
24 25 7.476129
24 30 1.495030
24 37 2.300630
24 39 4.405693
25 26 4.927081
25 27 5.207963
25 30 8.575629
25 31 6.727517
26 37 3.393776
27 30 3.274244
28 30 6.192662
28 32 9.801575
28 33 7.137533
28 35 3.543061
28 39 6.018538
29 34 4.459443
29 37 1.571818
31 38 7.460356
31 39 1.303115
33 34 6.025373
37 39 7.144217
244.809959 476.440611 355.547019 294.948382 249.543036 427.263323 323.101944 468.150381 279.143747 386.873777 376.601503 373.846590 236.839778 379.097554 312.871767 447.553732 483.441036 499.467742 229.505840 383.056303 328.014892 278.647595 324.386190 503.049586 314.180215 468.915635 381.446858 410.438206 391.844504 508.163304 455.979056 357.331747 377.868006 233.257729 355.256018 360.762338 493.129387 285.650184 344.359206 494.801359
