600
1197
0 1 9.058282
0 2 18.877025
0 11 1.900099
0 12 2.744235
0 13 1.468335
0 20 10.780000
0 24 10.907982
0 48 14.965549
0 95 16.474761
0 100 4.808389
0 118 16.490645
0 137 4.974902
0 141 10.004754
0 146 13.213716
0 165 15.310972
0 198 1.883542
0 226 15.636234
0 256 16.027217
0 273 1.733925
0 275 16.102933
0 278 14.716923
0 290 15.554825
0 306 16.789824
0 342 2.566125
0 388 1.206386
0 407 8.573292
0 488 4.629469
1 2 11.445396
1 3 18.243079
1 12 16.643007
1 15 13.600477
1 16 3.874714
1 21 10.457438
1 32 6.607168
1 37 12.632534
1 126 9.732297
1 128 4.796051
1 167 3.125423
1 200 13.099183
1 291 19.832656
1 310 18.662541
1 389 8.709323
1 437 15.279033
1 476 1.177450
1 521 18.469108
2 3 3.478133
2 4 12.059754
2 5 13.321334
2 6 1.754640
2 17 12.102149
2 21 18.983230
2 23 14.158851
2 31 1.733282
2 34 13.790382
2 53 3.624787
2 54 6.658791
2 61 9.709436
2 79 15.066433
2 116 5.299731
2 139 4.387854
2 163 5.832243
2 176 14.054098
2 206 1.372468
2 207 15.604616
2 215 14.279403
2 258 7.507559
2 285 19.234812
2 293 11.450641
2 317 9.479328
2 349 7.653796
2 547 4.931851
2 567 4.457479
2 596 12.606889
3 4 1.901247
3 5 5.593950
3 6 15.617209
3 7 5.524251
3 8 1.307334
3 9 17.263909
3 14 2.816042
3 15 18.701973
3 38 12.508801
3 42 4.772490
3 47 14.092797
3 56 12.714085
3 58 15.401159
3 67 15.854144
3 69 6.200895
3 91 2.467270
3 97 17.621082
3 99 5.182411
3 127 8.393089
3 139 18.649805
3 162 8.961298
3 177 9.697159
3 185 17.314283
3 189 15.074130
3 190 14.863678
3 206 12.543447
3 251 6.868624
3 270 15.667644
3 272 8.536963
3 336 6.661850
3 341 5.250610
3 360 7.675475
3 383 13.196668
3 441 13.590561
3 442 17.908931
3 452 14.904753
3 462 19.155406
3 503 18.563963
3 549 12.936649
3 554 3.493116
4 19 16.017284
4 22 4.845489
4 26 9.338992
4 28 13.532921
4 37 1.627837
4 39 13.164835
4 47 4.157726
4 52 2.600648
4 56 13.527782
4 60 5.866855
4 87 18.946261
4 104 11.730192
4 187 1.451437
4 237 12.372115
4 338 8.819793
4 378 16.395281
4 401 1.048812
4 409 19.737079
4 426 13.093253
4 438 10.866402
4 548 3.436630
4 549 3.523884
4 568 4.574988
4 583 13.214798
4 594 12.578392
5 7 15.996655
5 8 10.496347
5 11 13.651429
5 27 14.671479
5 29 18.926089
5 36 6.933728
5 45 11.585449
5 59 12.499382
5 63 17.817982
5 64 14.801215
5 65 11.298988
5 122 1.000388
5 128 4.987127
5 135 2.996028
5 138 12.778687
5 168 5.192984
5 186 18.740972
5 193 8.732043
5 214 10.058721
5 267 2.061469
5 291 1.467540
5 310 4.376754
5 384 6.065860
5 429 8.580654
5 435 12.733801
5 439 16.090085
5 539 9.514459
5 543 3.396423
6 18 12.329417
6 43 11.006916
6 76 1.752331
6 106 8.423014
6 113 17.762208
6 146 5.440455
6 210 19.527268
6 211 1.227486
6 275 19.593323
6 301 15.926560
6 315 10.992459
6 404 3.836461
6 486 12.315447
6 565 1.709329
7 10 4.126706
7 13 12.188775
7 20 14.587197
7 27 13.837702
7 31 11.006838
7 40 3.990321
7 49 8.044530
7 86 19.975066
7 101 2.037268
7 103 12.892881
7 134 1.137299
7 144 9.877738
7 152 6.859011
7 156 2.567346
7 165 13.388992
7 198 12.990375
7 259 17.120556
7 274 14.765776
7 283 16.935670
7 288 9.137072
7 292 1.664360
7 299 8.894377
7 318 1.641507
7 368 14.744661
7 381 17.451237
7 421 11.200441
7 459 4.673065
7 471 1.354902
7 480 8.724194
7 482 15.933955
7 483 16.508162
7 509 17.849552
7 551 5.864121
7 566 12.133534
8 9 14.902489
8 10 8.607179
8 14 14.770436
8 35 10.190846
8 38 8.890156
8 58 12.370960
8 106 4.383661
8 138 5.783995
8 179 10.214763
8 196 6.599627
8 247 12.931569
8 282 10.971540
8 289 9.826053
8 327 2.447408
8 377 3.257799
8 397 11.769468
8 400 16.020866
8 434 13.315884
8 464 17.927941
8 472 13.848889
8 520 5.571496
8 577 7.764846
9 17 15.272827
9 18 13.336028
9 66 16.526683
9 112 14.979900
9 174 4.839064
9 224 10.371669
9 404 14.589496
9 416 10.367264
9 431 6.354741
9 577 2.186646
10 16 6.156544
10 30 17.709242
10 49 2.905699
10 71 8.124749
10 102 16.835916
10 231 4.075740
10 425 10.838784
10 443 14.137795
10 500 9.036118
10 526 11.913896
10 531 12.528930
11 35 2.524843
11 84 15.500697
11 126 10.409020
11 375 2.615021
11 481 3.367894
12 23 15.508070
12 46 1.998007
12 140 18.483568
12 579 13.994604
13 39 15.208377
13 50 12.087443
13 74 12.978105
13 94 10.885414
13 132 7.306377
13 166 12.809900
13 434 14.299651
13 510 17.762195
14 25 12.257796
14 30 6.640850
14 46 7.263292
14 54 5.312278
14 74 18.396313
14 92 9.505788
14 123 5.937669
14 161 16.539203
14 179 12.488816
14 213 15.523290
14 406 15.130068
14 484 11.012392
14 586 15.540044
15 25 3.927285
15 44 6.263078
15 55 7.034900
15 65 12.162455
15 72 7.368588
15 212 1.070387
15 218 4.792877
15 223 4.857783
15 309 10.534039
15 338 2.129111
15 396 6.863167
15 405 2.131059
15 412 12.617131
15 457 3.873820
15 486 17.881439
15 518 14.964938
15 587 18.095201
16 136 16.973711
16 171 3.538363
17 19 9.913646
17 33 4.709069
17 36 17.666375
17 91 13.244869
17 121 5.815385
17 281 14.387747
17 341 1.743153
17 385 13.522664
17 409 2.762049
17 542 16.969492
17 563 10.243893
18 29 17.913435
18 41 2.036196
18 59 2.877999
18 61 2.305888
18 62 2.819202
18 69 8.990460
18 82 2.472001
18 83 8.075186
18 125 9.178758
18 157 9.052569
18 160 6.456083
18 190 6.049251
18 285 4.878365
18 316 12.408669
18 363 10.000734
18 370 19.162909
18 373 3.477196
18 513 13.753346
19 26 1.839920
19 75 13.017093
19 85 17.654474
19 158 1.701266
19 227 5.265831
19 254 17.574554
19 263 2.087615
19 415 15.640542
19 436 8.711074
19 501 15.070354
19 595 6.692462
20 63 12.452422
20 73 17.887248
20 333 5.986522
20 559 18.545267
21 22 6.157506
21 90 9.968569
21 170 8.846151
21 474 12.022719
22 28 15.730791
22 41 12.391638
22 48 4.703704
22 53 1.345069
22 57 7.651783
22 88 19.757073
22 157 4.779446
22 173 10.148997
22 196 3.869903
22 227 14.011387
22 288 10.930386
22 295 15.249552
22 308 1.033401
22 313 14.742383
22 339 12.741534
22 403 13.126101
22 487 12.066757
22 514 18.959361
23 24 5.853028
23 33 5.852557
23 34 14.191107
23 281 4.209959
24 44 9.965407
24 62 18.755084
24 124 4.700553
24 150 6.800511
24 153 5.159789
24 188 12.595367
24 355 5.169126
24 382 9.846689
24 561 3.349130
24 582 5.308414
25 491 13.242372
26 32 11.218497
26 40 15.247340
26 42 16.728909
26 133 12.533747
26 143 17.135325
26 167 19.131214
26 276 17.055975
26 287 14.488395
26 328 5.432480
26 352 17.899578
26 574 2.760969
27 566 2.167003
28 68 4.330500
28 89 3.598400
28 100 12.663712
28 117 10.772638
28 224 19.477490
28 239 11.052553
28 279 9.783097
28 289 3.137857
28 371 7.246243
28 377 2.690370
28 419 10.712138
28 430 5.022513
28 448 12.570749
28 454 3.626681
28 522 17.046175
28 524 2.306706
29 111 15.225474
30 43 12.582964
30 57 17.997317
30 105 11.847586
30 119 13.858954
30 286 7.354913
30 323 10.403892
30 359 16.197120
30 502 14.469316
31 50 12.395835
31 132 1.832338
31 360 12.856573
32 76 7.280244
32 97 12.331568
32 98 16.563445
32 101 3.760157
32 229 16.870638
32 410 10.121451
33 77 10.861099
33 117 17.543448
33 534 4.731291
34 60 11.648232
34 204 11.832596
34 226 14.090309
34 228 2.964415
34 488 10.202538
35 279 19.924706
35 363 17.297535
36 80 15.849052
36 123 3.957690
36 155 19.453455
36 562 13.459309
37 81 6.613658
37 424 1.336987
37 557 16.928368
38 45 14.758126
38 51 19.769027
38 72 14.997165
38 96 16.898924
38 116 2.765677
38 142 4.154641
38 192 6.073145
38 251 15.902148
38 266 14.871229
38 280 1.233638
38 392 8.733313
38 457 3.635571
38 539 18.408788
39 142 2.373708
39 185 2.762542
39 349 4.641482
39 398 7.972445
39 426 3.260056
40 129 3.961537
40 130 3.132552
40 222 1.571070
40 372 19.014431
40 428 17.706507
40 523 18.327591
43 66 17.017130
43 82 1.601005
43 89 5.256350
43 140 5.685617
43 174 10.296299
43 221 16.695473
43 584 11.222673
44 51 1.388114
44 73 19.299519
44 94 16.987538
44 137 11.245258
44 144 10.641765
44 267 10.120773
44 378 10.892662
44 495 18.998673
44 512 7.247215
45 52 3.367745
45 129 11.947800
45 201 3.057386
45 322 4.183487
45 350 15.843348
45 423 5.957153
46 509 14.335577
47 111 9.849118
47 203 1.788040
47 257 10.699164
47 336 9.586683
47 395 12.451927
47 400 7.621039
47 468 15.961332
47 489 10.919778
48 67 16.797595
48 68 2.832097
48 71 16.237324
48 448 2.261137
48 470 7.143727
49 107 4.352097
49 131 5.002953
49 163 13.305796
49 387 11.836966
49 492 17.098501
49 557 12.966080
50 314 7.129953
51 81 10.120311
51 84 3.269785
51 107 1.359475
51 169 5.821658
51 184 15.530230
51 220 19.958671
51 595 7.614441
52 105 8.555422
52 120 9.783662
52 156 11.173962
52 254 6.037072
52 340 13.856746
52 505 5.778566
53 55 2.731444
53 78 11.617547
53 154 4.908903
53 172 17.368271
53 304 19.576790
53 405 8.435345
54 80 5.702077
54 115 9.050769
54 175 6.071743
55 191 10.867625
55 345 9.387356
55 477 9.532133
56 85 9.541867
56 113 3.057717
56 283 1.909508
56 287 9.077554
56 346 18.212838
56 440 19.296555
57 64 12.043378
57 70 13.243378
57 122 6.750726
57 172 13.930401
57 262 13.162348
57 320 16.670902
57 325 10.709517
58 70 7.981977
58 114 14.543035
58 134 19.148514
58 152 8.148102
58 175 8.261274
58 189 16.941067
58 274 19.650569
58 460 15.731695
58 467 9.498727
59 88 7.822901
59 131 16.330208
59 149 10.208766
59 168 11.630778
59 232 11.556604
59 238 2.069566
59 244 16.410609
59 297 13.289459
59 527 6.898049
59 578 1.087698
59 594 14.546335
60 108 14.499303
60 236 18.554834
60 452 13.433923
61 78 5.224745
61 200 2.656214
62 120 16.876458
62 177 15.544260
62 210 8.899724
62 367 16.381979
62 487 17.816217
63 75 8.952149
63 133 2.216876
63 148 13.864927
63 313 6.067157
63 334 12.532512
63 463 18.250946
64 79 1.473375
65 86 11.243382
65 102 17.916873
65 353 10.187624
65 362 7.088290
65 394 9.752042
65 422 19.657769
65 475 7.196186
66 164 1.132276
66 195 19.391925
67 96 18.291733
68 77 1.501872
68 103 11.281557
68 354 9.726541
69 478 13.187776
69 504 15.971262
70 507 6.469020
70 541 14.516812
71 83 10.924132
72 149 13.417332
72 153 1.084377
72 154 7.068683
72 180 14.486955
72 369 12.112837
72 582 17.211153
73 158 2.322420
73 159 13.772559
74 108 11.066168
74 225 18.404568
74 242 11.216195
74 292 1.642825
74 322 15.067337
74 332 13.190433
74 552 12.612302
74 575 12.810344
75 92 6.999216
75 124 4.684100
75 272 11.080412
76 148 3.820663
76 173 9.159121
76 202 17.908807
76 265 8.110185
76 328 1.702038
76 389 12.986895
76 568 6.141255
77 93 17.450841
77 316 3.149658
77 433 14.060711
78 119 3.459015
79 298 4.955563
80 162 3.402443
80 209 3.008343
80 276 2.581579
81 182 12.184459
82 353 1.627693
82 412 7.389208
82 574 9.985581
83 118 17.412115
83 290 18.940964
83 337 17.491336
83 485 5.031341
83 570 1.106373
85 95 17.747307
85 98 8.965443
85 104 19.922747
85 229 4.006666
85 447 9.211876
86 87 11.195900
86 245 9.775480
86 414 6.194495
86 421 18.906320
86 518 8.910430
87 240 15.191042
88 433 14.988559
88 449 15.052329
88 456 19.675008
89 90 1.227790
89 127 2.367393
89 581 4.976525
90 109 14.736586
90 171 18.969447
90 219 9.323963
90 284 1.462084
90 422 15.729804
90 439 1.086755
91 115 11.445087
91 180 4.453923
91 181 1.966671
92 93 6.881716
92 141 8.040634
92 160 17.208409
92 445 10.814100
93 99 10.451388
93 202 2.641220
93 268 2.188343
94 110 16.789887
94 392 6.774874
96 253 6.752267
96 255 6.570355
96 390 13.566419
96 406 12.645381
97 395 13.660744
98 176 9.728554
98 252 15.731998
98 269 1.907202
98 315 9.744536
98 399 19.102124
98 538 7.704341
99 110 10.770007
99 231 6.170138
99 308 1.222729
99 519 13.566428
99 564 4.349094
100 192 8.264711
100 417 7.758001
100 498 9.238710
101 130 16.552452
101 136 1.273127
101 155 3.460211
101 188 14.357688
101 262 1.979205
101 317 17.005824
101 333 4.312323
101 503 13.891558
101 506 11.635001
101 507 17.818609
101 593 1.036699
102 143 15.408552
102 314 2.921083
102 511 15.610575
103 186 17.805253
103 242 17.798151
105 236 3.691243
106 109 12.781734
106 204 16.897233
106 284 15.174239
106 376 18.654762
106 440 14.011064
106 456 8.119544
106 551 2.402583
107 150 4.193924
107 184 10.177263
107 208 14.699415
107 215 6.631894
107 248 6.829530
107 381 3.136611
107 430 6.988992
107 431 8.533110
107 464 4.659909
107 465 15.512483
107 489 12.811960
108 112 17.220037
108 491 3.590108
109 216 11.764859
109 357 1.468056
109 411 13.152411
109 483 8.898574
111 166 6.112707
111 243 16.613354
111 361 7.616973
112 164 17.100530
112 234 13.946099
112 237 6.931996
113 114 7.308381
113 230 5.545502
113 233 10.505618
113 555 10.152889
114 125 5.178487
114 416 12.451147
114 564 12.097486
116 194 6.750377
116 527 14.900620
117 347 12.186394
117 579 3.559010
118 195 2.218200
119 121 18.361441
119 147 3.552080
119 569 11.523338
120 216 14.855729
120 268 7.557767
120 270 12.389709
120 473 9.542653
120 500 7.363539
120 556 16.914088
121 514 4.202073
122 182 2.442184
122 197 18.055331
122 340 18.974622
122 589 16.827086
123 212 17.163147
123 364 5.828295
123 532 13.086922
125 169 2.488248
125 220 18.907641
125 261 4.318174
125 294 3.403235
125 305 3.913815
125 326 9.955589
125 393 17.608798
125 466 13.767188
125 597 6.111589
126 222 5.363257
127 253 5.367076
128 366 11.344761
128 442 13.001927
129 411 2.398705
130 135 7.713570
130 194 4.999193
130 506 11.212444
131 145 15.568528
131 151 6.503568
131 217 8.606333
131 235 16.885261
131 391 17.735982
131 413 1.082213
131 474 3.959404
131 505 4.669178
131 563 7.321215
131 588 5.347727
132 418 19.038273
133 460 5.513346
133 548 2.601319
134 247 5.653706
134 331 12.596860
137 159 8.705923
137 170 4.635893
137 211 5.904186
137 235 2.249595
137 240 9.322101
137 545 9.215632
137 578 3.642600
138 147 13.941350
138 197 11.061965
138 239 9.773292
138 321 6.746062
138 376 9.320636
138 428 5.743788
139 223 9.394143
139 232 1.808795
139 238 3.157282
139 345 15.694052
139 444 13.061777
139 496 13.643382
140 348 18.258381
140 438 17.722814
140 493 13.296438
140 528 12.464487
141 145 14.747212
141 178 10.163159
141 330 3.946064
141 385 11.208974
141 494 19.417874
141 498 4.593866
142 151 4.422088
142 178 5.418942
142 181 11.366486
142 249 10.130785
142 373 6.805642
142 379 3.662218
142 435 2.385092
142 499 4.806835
142 520 5.543236
142 545 3.305365
142 593 5.973014
143 221 18.035042
143 249 19.383226
143 372 9.079320
143 495 8.010527
144 207 1.317734
144 386 18.081879
145 191 4.753737
145 263 8.153116
145 446 3.260145
146 246 15.016831
146 359 1.780565
146 368 1.832005
146 517 11.675496
147 304 18.024386
148 183 6.193901
148 255 1.620411
149 382 17.082520
149 528 15.458777
149 555 16.485280
150 271 14.355555
150 493 3.830317
150 591 13.715607
152 201 7.684982
152 244 3.973577
152 479 8.608029
153 161 2.654105
153 234 13.766235
153 383 2.904954
154 245 14.555927
154 257 15.690341
154 301 19.010439
154 445 19.305903
154 530 3.008740
154 553 16.623804
155 356 12.061347
155 357 12.992833
157 295 4.726947
157 319 2.532406
157 352 14.986349
158 203 2.988387
158 217 6.100061
158 278 12.684642
159 214 14.934755
159 250 14.505467
160 299 1.019779
160 525 16.095676
160 526 8.023202
161 228 1.959733
162 187 7.472873
162 277 3.185720
162 425 15.150671
163 364 17.519232
164 455 7.027787
164 519 11.405512
165 199 16.249163
167 241 15.649538
167 335 4.025820
168 446 3.463443
169 205 3.081093
169 230 10.164039
169 334 9.017887
170 209 18.242265
173 199 15.029707
173 556 10.983696
173 590 9.289390
175 213 11.548617
175 256 5.235803
175 320 9.580831
175 365 16.051618
175 575 13.340093
176 205 2.363690
176 335 17.433311
177 219 6.937552
179 183 8.663410
180 250 4.715879
180 332 10.720062
181 273 8.192288
182 355 7.784813
183 300 12.052482
183 525 15.587036
184 306 16.743529
184 522 8.055368
184 596 15.555215
185 365 6.410946
186 397 7.459879
186 427 1.413502
187 252 17.329916
187 374 15.301142
187 453 9.789050
187 478 18.051189
187 588 8.692908
188 302 8.818865
188 504 1.028726
188 516 2.162015
189 193 15.873047
189 208 2.854387
189 218 16.669604
189 396 13.257229
189 462 1.438912
189 502 11.339619
190 298 11.427441
191 261 2.355566
191 265 18.690243
191 271 8.202906
193 326 7.410641
193 394 17.891097
193 529 3.777687
194 241 8.112621
194 362 9.590175
194 410 16.722233
195 300 7.883881
196 513 6.392704
196 544 14.695017
197 296 10.136011
198 225 11.231104
198 243 17.384431
199 343 8.860033
199 465 16.078005
200 386 6.967975
200 387 18.057387
202 260 15.824102
203 259 2.251538
204 264 2.306983
205 233 10.488206
206 419 9.258758
206 492 4.884076
207 344 11.544463
207 351 13.044852
209 264 4.100066
209 481 9.001476
210 305 6.066523
210 432 4.578665
210 436 10.796002
212 269 13.474372
212 297 16.253974
212 441 9.773639
212 468 12.517704
213 246 18.721519
215 348 4.136271
218 469 2.313585
220 321 2.493729
220 599 11.770618
221 286 6.664859
225 258 8.163045
225 324 3.167766
225 390 1.636650
225 515 18.301759
226 343 7.684206
226 459 12.894148
228 307 10.168737
228 553 13.501953
229 307 11.670570
229 356 16.137928
229 393 6.308063
230 417 7.649755
232 260 11.294396
235 388 12.658512
235 485 18.453675
236 248 7.841220
236 443 7.314998
237 537 17.715221
237 572 6.781099
238 312 8.590023
238 501 18.513221
239 277 14.666198
240 530 7.311497
240 536 11.623351
242 361 8.321018
243 358 5.962035
243 380 19.698882
243 401 6.532690
244 311 15.358106
244 585 7.529820
246 339 5.698465
246 346 9.867630
247 266 9.587405
247 282 7.017059
247 318 4.061759
247 350 18.397719
247 351 13.925939
247 432 1.990359
247 450 13.257318
247 472 2.265667
247 533 6.041854
251 585 1.091855
253 319 17.252010
253 447 1.458583
255 538 9.526271
255 558 18.713270
256 329 16.626488
256 347 14.011073
257 470 8.871781
259 294 2.207814
259 366 9.082411
261 414 6.294458
262 296 5.385094
262 323 2.329356
263 280 9.588879
263 331 17.963367
263 344 1.643183
263 573 9.049935
264 302 1.619299
272 303 12.176590
272 327 9.775364
272 330 19.022517
272 337 14.746633
272 398 13.361630
272 510 7.482882
274 324 3.007173
274 467 15.310575
276 560 16.530611
277 293 8.187683
279 312 5.351475
282 402 16.378396
283 576 9.967183
283 580 14.482082
286 309 10.922512
288 561 9.035821
289 325 6.996980
289 407 6.575920
289 562 7.737461
291 379 6.732942
293 370 17.536012
294 311 5.069548
296 367 19.082363
298 399 9.969235
301 303 6.640625
303 384 4.540917
303 490 5.725148
306 497 16.753889
308 408 18.662620
308 508 12.672297
308 547 11.785488
309 358 19.046343
310 329 3.902493
310 449 3.035335
311 479 4.279585
315 354 16.088586
316 542 12.214834
316 573 13.215539
320 374 5.039128
320 450 13.379163
323 534 10.872974
326 523 11.713837
326 572 15.978450
330 418 13.979316
330 517 14.370527
333 423 3.760782
334 558 10.046333
335 342 11.225516
335 531 4.827989
336 420 7.825161
337 424 3.516842
341 490 12.071496
341 554 2.725851
343 371 5.895343
345 508 10.860798
345 569 6.479547
346 375 14.689250
346 380 18.818020
346 403 9.582812
346 511 12.052931
346 550 1.578150
346 580 17.255588
346 587 14.365264
348 451 17.616055
348 499 1.693885
348 598 11.097597
349 391 5.147119
351 369 5.218166
354 473 11.641132
354 546 2.181738
355 484 1.020084
356 570 19.902465
357 451 7.183697
358 576 1.092500
360 583 12.049529
361 469 3.222452
361 586 14.938622
365 408 3.810952
366 544 13.789043
369 444 4.798737
371 584 1.940782
372 521 19.985008
374 476 9.004527
378 415 11.132982
382 559 18.493160
383 437 6.345332
384 458 2.814229
388 429 5.584974
389 567 5.238889
390 420 16.213703
391 402 15.174458
391 427 1.972869
391 533 1.977139
393 515 15.938166
393 535 7.627811
395 455 2.572058
399 453 5.015644
401 454 6.730267
401 543 9.428092
402 458 19.719162
402 591 1.653045
409 560 4.792283
410 413 9.866016
414 480 10.216213
418 537 18.240471
419 475 18.579800
427 477 4.573413
429 471 8.065302
429 546 12.230284
429 592 10.726550
433 494 9.989192
433 597 14.021076
439 512 17.885499
439 552 8.982926
444 461 4.950490
444 516 12.229970
445 535 11.139944
452 461 15.546190
452 529 15.020056
454 463 16.291312
458 599 12.225093
459 466 6.434390
465 536 7.075593
470 482 15.828936
471 496 11.162654
471 497 17.213638
478 532 10.999963
479 550 1.292622
482 571 7.548064
486 590 15.395664
487 540 5.589314
488 541 9.402715
491 524 12.532568
500 540 19.912684
517 592 14.922024
536 565 14.066558
539 589 1.444047
543 581 11.912293
551 598 3.639182
562 571 18.688283
12.023120 6.502213 13.897198 19.482329 17.986765 17.634943 22.147834 20.542624 21.716737 13.076422 19.074181 5.547023 19.315756 18.935666 20.867251 18.733900 17.618910 11.158641 19.925595 8.119993 14.534020 7.308342 14.385974 5.295656 19.217909 20.453310 20.503821 9.463351 6.901160 23.008322 7.732645 8.039980 6.670501 22.527919 12.776873 12.081036 8.872445 19.033589 24.253941 7.708902 22.890905 8.050865 15.021322 21.409997 22.243527 11.809186 14.840084 8.245555 6.840870 9.762341 20.374638 22.223367 23.474934 6.107829 22.532981 15.986753 18.178990 12.769722 13.644476 20.369327 14.633154 20.765873 20.658799 22.142013 13.991016 19.075051 11.702494 15.701577 5.083771 5.380618 5.144546 10.088913 8.730447 8.985818 21.501618 5.624893 18.489409 8.252173 11.654199 21.636664 10.953218 11.569498 17.202201 24.963163 10.816344 5.526161 16.132821 22.544556 9.987161 16.486751 5.738584 8.026499 14.704864 17.809632 7.019486 21.486365 22.198350 5.110865 19.905110 14.122084 17.116897 18.612544 20.192018 9.731528 13.753134 8.201722 23.637298 7.889773 20.884724 17.984300 9.060482 11.074070 24.714134 9.939583 9.674696 5.985402 8.013429 5.004004 17.491279 19.487496 5.103176 24.133145 22.957701 12.624204 12.547536 15.419546 15.455969 23.180303 20.208142 11.737073 15.938778 19.755835 24.277224 16.623348 6.664447 11.920812 6.539160 8.845304 10.568653 21.253847 15.451653 21.928463 14.501286 16.187105 7.956286 10.017209 15.343329 22.786440 9.282203 11.446107 20.510759 22.723005 15.840948 6.083237 5.263428 13.984174 5.400988 24.832711 13.407952 23.882948 10.794470 20.487925 21.154510 22.746433 8.161092 16.408135 18.024160 19.350356 22.023907 18.574465 10.615459 18.391901 21.363082 20.690193 16.227372 23.399915 21.937157 14.111880 21.677283 22.006513 15.735712 17.277727 8.065369 19.598614 15.219704 7.831095 12.608709 16.536529 7.220778 16.288888 16.972565 23.731501 18.388770 14.848673 15.393134 15.803551 18.473112 12.321202 22.409682 11.410250 23.393397 7.775961 7.175725 19.163426 7.752200 6.301514 17.272374 17.660751 8.405944 16.921805 20.006647 5.943182 20.790820 18.815967 13.311522 11.542771 23.098810 20.571175 10.945972 19.366713 8.680885 8.109726 23.477181 21.967835 7.920043 8.240462 10.527668 9.213980 14.606788 11.418000 11.665057 22.675196 18.583076 9.670811 19.401981 11.268380 11.208568 11.059466 12.718065 15.238123 20.930889 17.311917 8.697359 24.946046 23.681864 20.264574 20.868284 10.014071 8.625921 24.724608 22.050087 16.747420 19.026345 22.602875 10.686272 15.526445 10.767800 20.619248 10.456475 12.775883 19.798509 21.976354 6.605338 24.397404 9.075696 14.738839 23.940934 7.560654 20.973945 12.450740 11.952401 15.420976 20.776339 23.072696 17.528681 19.098900 11.452244 20.438203 5.897908 5.881553 24.363002 19.639779 9.889932 18.092954 17.227394 14.318130 23.000848 13.084444 18.541417 10.161624 16.701038 10.089360 10.980521 18.508904 23.716612 23.749970 16.624810 24.103722 9.932290 11.508340 9.622316 13.282539 22.145144 11.612591 21.265152 5.359915 13.183143 8.438536 9.886053 14.474389 18.854777 10.752084 17.613571 16.762822 16.933234 20.630962 10.609678 10.952227 24.711616 5.266281 13.863115 16.046846 5.859898 24.026743 20.501029 5.731525 9.660659 5.095641 17.562281 10.708062 23.726169 17.252898 23.010047 6.618351 10.158878 18.784810 24.630445 7.921446 18.790398 22.551499 7.985133 17.264366 7.158295 19.921912 22.712681 16.561833 16.974623 17.093943 9.142800 11.704661 5.420448 20.257046 11.054509 24.657425 11.580910 8.634519 11.659580 21.449923 16.368512 14.303805 20.120724 19.854322 15.084724 24.204008 17.432774 6.175027 24.035148 10.877640 6.858772 6.552792 21.004419 24.360533 15.034156 21.655903 12.874779 14.230663 13.777800 15.733790 12.141669 19.424349 18.091475 10.353749 7.697055 11.840515 23.554192 10.515917 5.360588 12.173091 9.034853 7.321534 7.921745 10.748240 20.749123 10.536871 23.171325 13.031523 22.255633 11.962047 16.757482 13.629086 18.881554 23.742086 24.824705 19.155034 9.512300 22.428402 5.801002 20.289714 5.918707 8.450291 19.173694 14.564329 24.503811 10.781586 23.150348 10.470077 10.053599 12.225445 24.959309 5.892018 14.185943 22.320179 14.568530 6.883210 7.665850 21.161448 15.494530 9.005583 19.961729 19.307002 24.518242 9.006239 15.772810 16.560462 9.390440 8.327415 24.469748 20.026653 21.895058 7.410649 12.906401 7.898296 19.345707 13.280375 21.246630 23.746199 9.738518 15.978220 18.073515 19.865421 15.249458 17.141871 24.854584 16.440277 19.031430 6.568644 11.121975 22.599401 22.737082 23.256265 8.375225 23.676058 23.873344 10.490494 10.892761 21.112708 20.385696 15.275424 16.830895 7.727269 23.257019 16.594334 8.083250 7.361654 22.609613 9.049765 7.662120 6.239247 12.873153 11.282781 12.046885 15.060963 8.735818 7.291449 22.397812 19.072380 7.857617 23.754962 5.426871 22.330146 17.326971 15.710919 14.277365 8.277119 17.083044 13.207212 22.882211 24.892350 7.425899 19.440403 19.414397 12.550801 21.939803 6.484898 17.208319 16.330972 9.785248 23.481971 20.886574 22.829170 22.820931 24.066433 21.732308 21.417748 11.555648 20.564598 6.414813 11.262929 23.775746 11.491673 6.471982 12.332118 20.818380 20.557015 22.250894 22.880478 9.421261 23.610865 10.416162 7.074242 18.171990 8.316028 10.176582 17.124750 8.882621 18.183970 24.965795 16.331339 24.604837 8.291828 10.775007 24.669318 21.559167 14.622600 20.593339 12.218792 23.519533 21.559690 13.290382 14.208675 6.010050 6.117010 20.475326 10.855478 15.134604 18.373980 22.377156 13.337826 15.267924 11.260403 9.663097 8.646438 22.100126 12.974843 17.015444 14.008583 12.332967 15.409738 21.663805 17.739609 11.737518 6.598043 19.993344 12.885750 16.153526 22.790552 13.360355 12.938065 12.399926 24.255627 5.575865 24.744793 7.461346 23.589669 13.340987 14.365624 16.530227 20.609306 17.652135 22.311996 18.079812 5.059293 19.755661 12.096625 16.577060 19.122525 13.896515 10.841225 18.884985 9.066456
40
138
0 2 2.633738
0 7 9.991057
0 13 6.020171
0 21 6.185254
0 22 6.322646
0 25 9.860777
0 27 5.914991
0 32 3.378207
0 33 5.212187
1 6 7.302157
1 12 1.954912
1 13 2.630841
1 15 4.229353
1 27 3.850955
1 28 8.650683
1 29 3.665996
1 30 7.805166
1 33 2.789164
1 38 5.335536
2 6 8.497921
2 7 6.942909
2 19 4.737994
2 20 5.352112
2 25 6.760754
2 26 9.622482
2 28 8.489531
2 34 5.960134
3 9 5.018132
3 15 3.924675
3 23 6.812909
3 25 7.397200
3 28 9.600979
3 29 9.115825
3 30 7.124645
4 9 5.365372
4 16 2.176631
4 23 8.034119
4 31 6.451178
5 11 5.059663
5 12 8.351837
5 13 1.910974
5 15 6.886753
5 17 2.239374
5 22 6.859548
5 23 2.245563
5 25 6.382360
5 26 4.067555
5 36 6.458325
5 38 2.897959
6 14 5.605168
6 19 4.202459
6 22 8.759052
6 34 5.764852
7 15 3.839461
7 21 7.684588
8 20 8.791908
8 28 6.035546
8 30 8.569525
8 34 6.087461
8 35 7.105316
8 39 1.511151
9 13 2.051147
9 20 7.632895
9 32 1.844749
9 35 2.245035
9 37 5.872584
9 39 8.731802
10 14 4.385315
10 23 1.330812
10 27 4.438025
10 38 5.727868
11 12 7.890570
11 14 8.354729
11 20 5.347923
11 28 5.986409
11 34 4.301485
11 39 8.110778
12 25 1.745238
12 27 5.288591
12 32 2.413259
12 34 1.877810
12 39 9.401021
13 21 1.297983
13 28 3.826858
13 34 6.048555
14 19 4.134857
14 22 8.996978
14 24 9.467953
14 32 8.099571
14 36 2.555342
15 39 8.944459
16 24 1.821613
16 25 3.320228
16 27 2.532591
16 36 1.718356
16 38 5.459505
17 18 8.938857
17 24 8.455622
17 27 6.116907
17 34 4.553820
17 37 8.520496
18 24 3.790685
18 26 5.325961
18 34 5.069879
18 36 2.155825
19 29 6.230664
19 30 8.824134
19 34 2.335582
20 21 9.356563
20 30 5.016588
20 33 5.955943
20 34 4.409287
21 38 7.465096
21 39 1.027073
22 31 9.145941
22 32 4.506234
23 24 4.462221
23 28 5.252534
23 30 5.336480
23 39 3.170315
24 29 7.600170
24 32 2.075529
24 33 3.253419
25 27 8.436613
25 30 2.184082
25 33 2.836483
25 36 3.838496
26 34 7.913688
26 39 3.519016
27 37 5.749939
28 34 1.953312
29 31 9.185028
29 37 7.894407
30 32 8.523781
30 38 5.301651
31 32 8.724950
35 36 4.317312
35 37 7.405020
440.953944 335.261502 323.736960 411.156236 321.186252 511.547892 244.804889 277.784331 323.998630 289.596331 353.079810 339.215396 334.066388 322.239802 448.802914 468.681968 234.896466 325.505221 366.442677 352.424284 297.723847 339.750315 282.673520 340.892683 429.318062 259.404144 504.219314 428.969089 236.536744 356.812125 347.602488 475.701426 241.308616 292.674100 474.608987 244.117450 482.715238 508.061959 283.757099 446.094312
