700
1397
0 1 19.153785
0 2 17.263556
0 6 16.898463
0 7 8.960344
0 11 1.061022
0 17 10.601020
0 23 12.047903
0 24 14.623835
0 29 10.885371
0 33 3.737998
0 35 11.176634
0 42 19.336064
0 49 16.564383
0 52 8.407094
0 69 6.190682
0 72 15.163650
0 110 5.847085
0 160 9.413076
0 204 13.918264
0 209 11.016117
0 257 8.850017
0 263 7.330591
0 358 19.322461
0 363 18.530731
0 375 17.497327
0 388 2.097340
0 407 10.856019
0 527 4.506497
0 577 5.089826
0 647 17.333544
1 2 11.826279
1 3 16.219477
1 6 4.116172
1 8 4.633049
1 15 11.596334
1 20 7.542847
1 22 8.437934
1 29 3.472002
1 37 10.746570
1 61 2.924811
1 62 12.581155
1 98 17.447484
1 100 2.064213
1 124 15.275857
1 144 12.510134
1 173 17.369880
1 241 11.978727
1 258 3.510761
1 330 8.829617
1 373 4.581315
1 557 9.789133
1 574 16.730507
1 612 2.643539
1 627 14.903867
1 642 5.762841
2 3 13.377242
2 4 14.856162
2 5 5.339591
2 7 19.665599
2 8 5.138882
2 9 6.633822
2 11 8.679561
2 15 3.382220
2 18 7.092823
2 25 19.167062
2 32 19.978077
2 40 9.291770
2 50 12.799877
2 60 7.121277
2 65 12.419498
2 68 6.879784
2 85 7.094950
2 102 3.066105
2 105 15.315153
2 128 6.199589
2 129 12.495334
2 133 12.862924
2 146 2.904723
2 195 16.370664
2 207 19.995444
2 236 2.145805
2 240 9.862383
2 281 1.711222
2 290 1.981056
2 322 2.710507
2 341 4.440710
2 367 14.076011
2 404 18.152919
2 471 17.507902
2 480 3.924132
2 493 3.252023
2 494 1.753494
2 525 18.492589
2 545 16.032914
2 568 12.853033
2 589 13.865315
2 609 1.217770
2 622 10.659837
2 651 10.501547
2 694 10.575431
3 4 16.847476
3 5 19.821156
3 13 6.267412
3 16 3.424919
3 21 1.174032
3 30 8.098061
3 36 5.462262
3 67 14.159391
3 69 7.609418
3 71 2.752498
3 101 12.523846
3 102 12.480562
3 104 3.061675
3 141 9.262570
3 180 2.658555
3 190 10.227524
3 205 8.334372
3 208 10.635668
3 225 14.748148
3 261 2.871841
3 284 2.171998
3 295 2.790460
3 438 16.005381
3 449 12.186337
3 522 13.250437
3 542 3.847448
3 554 14.478099
3 590 6.348980
4 9 11.811198
4 13 19.863272
4 22 16.443063
4 90 7.106066
4 117 16.618518
4 128 19.778404
4 138 19.531868
4 206 14.072322
4 374 11.749545
4 377 1.394174
4 382 14.492935
4 391 7.622846
4 552 17.967353
5 10 6.081177
5 12 4.328036
5 17 3.899468
5 20 10.235479
5 24 17.587464
5 26 13.372970
5 46 8.596978
5 63 5.520606
5 64 14.199917
5 89 17.408573
5 98 9.445093
5 107 12.763936
5 125 14.330057
5 127 7.320946
5 132 14.302292
5 142 1.129341
5 189 7.396199
5 222 1.351716
5 290 19.719831
5 299 3.750736
5 335 4.147610
5 345 14.961695
5 362 8.592559
5 447 5.591735
5 480 16.019789
5 504 13.009026
5 516 13.878416
5 578 18.095701
6 10 3.230636
6 30 5.658840
6 41 18.368421
6 44 11.665631
6 56 13.135680
6 79 15.738314
6 94 16.951058
6 125 4.754531
6 131 2.891200
6 137 12.642139
6 139 3.407122
6 170 15.756467
6 174 13.241443
6 175 1.996711
6 218 9.024072
6 239 17.033732
6 282 19.498811
6 359 12.176260
6 361 18.806523
6 460 11.715232
6 565 2.267572
7 12 5.952996
7 14 2.906993
7 43 5.346049
7 107 6.221193
7 479 14.689320
7 634 2.177680
8 50 2.591897
8 97 8.599931
8 116 10.757042
8 539 3.051470
8 599 16.465868
9 21 17.820088
9 41 10.248008
9 57 9.770389
9 82 11.838384
9 90 3.735197
9 182 2.637541
9 360 15.123916
9 459 13.849851
9 485 15.985692
9 487 4.771959
9 532 2.181587
9 594 19.227137
9 680 7.128260
10 66 7.910740
10 155 19.495935
10 183 1.965204
10 197 6.811375
10 212 12.242016
10 215 7.419681
10 229 19.161072
10 249 1.682401
10 274 15.833508
10 275 12.319154
10 312 1.680970
10 317 14.615673
10 337 15.521826
10 394 19.221975
10 457 1.649674
10 472 9.036284
10 543 19.099360
10 614 16.148735
10 635 18.815096
10 678 4.253684
11 14 8.117064
11 25 15.026157
11 27 6.723535
11 36 7.176922
11 38 11.681305
11 39 7.638521
11 57 4.541980
11 58 15.652639
11 76 17.394671
11 124 10.612385
11 134 9.293288
11 154 5.034945
11 161 19.828624
11 234 11.022184
11 271 8.820777
11 279 14.256898
11 286 4.444279
11 306 14.066161
11 325 2.027078
11 410 8.696246
11 417 16.068981
11 439 19.645422
11 518 18.099081
11 631 17.827744
11 646 3.933112
12 43 5.167289
12 133 15.750659
12 494 4.538849
13 45 4.008212
13 53 9.001296
13 221 15.028717
13 269 10.434011
14 16 2.880093
14 18 2.586844
14 32 10.572440
14 34 7.862335
14 40 4.623636
14 51 16.313900
14 60 11.624506
14 67 8.049418
14 83 4.489513
14 86 5.988651
14 115 17.358005
14 145 10.796620
14 155 1.849708
14 195 8.335159
14 202 18.001700
14 219 12.607563
14 227 3.983500
14 228 5.473925
14 231 18.665558
14 246 4.924333
14 426 11.476498
14 430 17.846624
14 466 4.917662
14 636 6.045760
15 19 16.570173
15 84 15.412334
15 96 17.807491
15 109 19.936231
15 283 13.244695
15 670 10.843129
16 19 1.304451
16 37 1.661076
16 81 6.524360
16 120 16.548205
16 122 12.992923
16 233 14.747710
16 278 2.499068
16 458 10.905602
16 693 6.238315
17 31 1.175096
17 38 4.164586
17 106 10.472542
17 401 15.048095
17 515 15.168988
17 539 11.291964
18 34 19.958253
18 49 13.410848
18 119 13.945840
18 138 6.114844
18 169 19.898221
18 172 7.211538
18 187 2.347314
18 196 4.469615
18 203 5.042099
18 277 5.742748
18 305 12.343042
18 450 18.043608
18 465 17.250117
18 687 17.374681
19 33 16.412440
19 72 8.644957
19 110 19.326968
19 181 7.493401
19 226 16.345870
19 254 5.395044
19 281 7.834297
19 348 10.607202
19 376 11.166599
19 379 5.161344
19 410 16.598223
19 492 15.143400
19 569 8.538428
19 581 12.288373
19 586 14.132989
19 588 5.573928
20 28 7.922420
20 177 5.089858
20 232 10.474561
20 253 7.932222
20 278 12.077291
20 536 16.970843
20 592 16.128345
21 58 10.710982
21 82 17.778481
21 242 17.175674
21 244 6.797355
21 324 16.949929
21 349 17.071239
21 442 10.204888
21 459 17.578540
22 23 4.937257
22 134 14.242874
22 203 3.561590
22 205 6.086813
22 327 15.665021
22 343 2.732262
22 403 9.793888
22 559 7.604927
22 593 7.067012
22 597 5.728224
22 665 2.537398
23 45 15.409801
23 63 12.806786
23 71 15.629986
23 74 11.574383
23 80 8.674433
23 88 13.419005
23 100 7.266537
23 126 11.507864
23 136 16.233495
23 163 10.295569
23 174 11.825384
23 320 17.263281
23 458 8.646179
23 535 1.243535
23 684 16.448107
23 699 19.052377
24 26 17.066570
24 35 17.138753
24 44 18.956841
24 78 9.975965
24 199 12.937587
24 219 12.185379
24 223 9.906538
24 262 9.929153
24 309 1.518591
24 332 16.997516
24 360 5.243289
24 414 14.790293
24 430 7.964347
24 440 1.147937
24 456 11.583678
25 28 8.135950
25 53 19.490750
25 61 2.321868
25 109 9.945329
25 156 5.131577
25 164 18.357529
25 192 18.808375
25 294 1.204623
25 366 12.570003
25 416 13.391347
25 445 11.346339
25 462 8.653991
25 669 2.779229
26 27 16.844822
26 31 4.174096
26 55 18.209913
26 105 13.213075
26 108 5.803575
26 111 18.405764
26 276 5.416435
26 308 5.491024
26 345 3.551287
26 618 17.016616
26 656 2.324827
27 47 3.337622
27 97 7.046816
27 135 18.078358
27 165 9.825895
27 199 14.943326
27 238 12.927023
27 254 2.811329
27 292 2.940721
27 347 1.241777
27 353 12.901586
27 405 14.624878
27 429 17.920497
27 523 5.935436
27 582 8.867218
27 642 10.343015
28 235 4.310474
28 248 12.755299
28 329 2.165043
28 386 19.319798
29 73 8.058811
29 313 18.637965
30 48 6.143699
30 64 11.979826
30 249 11.414481
30 654 15.163669
30 656 9.677061
31 103 7.534349
31 119 5.377316
31 211 5.627171
31 306 3.441972
31 388 15.951118
31 416 2.197597
32 68 8.846225
32 325 3.640868
33 455 11.628162
33 509 1.467690
34 75 2.954672
34 91 7.959510
34 104 2.486435
34 191 8.376932
34 302 4.684312
34 677 13.954005
34 695 15.491216
35 42 9.856006
35 52 18.461889
35 56 16.642181
35 78 9.532936
35 86 2.888778
35 92 19.955903
35 117 8.293004
35 120 7.300907
35 270 6.045122
35 321 16.096693
35 337 1.699229
35 386 11.225619
35 413 7.381456
35 451 16.020881
35 672 15.551284
36 472 4.277572
36 521 10.655909
36 621 18.444215
37 314 12.545836
37 344 13.396860
38 39 14.402739
38 47 6.212253
38 51 3.243986
38 54 15.413328
38 66 10.217396
38 70 4.073005
38 75 19.290778
38 99 9.374180
38 158 14.342344
38 159 8.018191
38 169 18.967208
38 271 14.591113
38 272 4.780313
38 293 11.354621
38 358 4.748462
38 378 8.968970
38 383 18.152068
38 392 15.215805
38 429 16.059748
38 446 6.657139
38 467 1.105936
38 512 8.649889
38 533 3.932831
38 583 6.244848
38 596 10.774100
38 616 13.086842
38 625 13.083822
39 114 16.287543
39 143 18.795213
39 223 9.546545
39 371 16.556210
39 463 10.393211
39 524 4.728275
39 595 18.666508
39 626 5.429140
40 59 7.976475
40 77 5.808804
40 147 16.862321
40 242 14.698788
40 269 11.809596
40 311 19.417884
40 387 10.269133
40 439 17.172887
40 625 18.841864
40 627 8.324064
40 659 8.231797
41 81 19.781273
41 126 9.249770
41 175 15.593115
41 315 17.015850
41 551 16.438169
42 48 4.353087
42 54 4.871085
42 55 19.257918
42 59 15.430950
42 62 18.875624
42 79 2.076886
42 88 11.728437
42 91 6.223454
42 118 7.289886
42 182 17.634273
42 613 10.516713
42 679 4.895056
43 46 1.400657
43 74 7.314925
43 103 3.686603
43 193 15.148038
43 232 2.333100
43 380 13.624778
43 645 5.560320
44 351 8.314731
44 461 19.344982
45 116 1.959853
45 178 6.537237
45 318 12.543641
45 402 2.778749
45 440 12.694164
46 495 15.186894
47 106 6.292808
47 127 11.856403
47 356 17.235032
47 413 18.075514
47 663 1.982046
48 667 16.101973
49 89 6.986631
49 145 16.113618
49 152 8.439417
49 243 15.830934
49 245 10.879365
49 510 19.653938
50 324 11.524987
50 336 16.991039
51 130 6.057980
51 186 18.885509
51 288 5.483221
52 167 10.016832
52 172 15.233316
52 200 14.423498
52 245 4.586523
52 250 4.492348
52 256 19.487880
52 257 6.427467
52 295 11.261825
52 431 19.578546
52 579 17.692765
52 638 11.274377
52 689 12.262838
54 132 12.782097
55 646 15.944840
56 94 2.841995
56 123 14.005749
56 153 16.036455
56 168 2.142389
56 369 10.068306
56 411 9.171316
56 449 16.677854
56 540 15.213320
57 129 13.208156
57 419 1.597266
57 466 3.567932
57 518 9.167058
57 587 16.916096
58 70 15.853608
58 272 9.566886
58 444 19.026987
58 490 16.513515
58 526 14.082146
59 65 10.134715
59 96 3.721446
59 259 3.258558
59 401 4.614523
60 130 3.181155
60 164 18.383458
60 235 18.493186
60 250 14.955735
60 486 4.696293
61 143 8.065183
61 184 12.897045
61 264 18.975341
61 309 12.730326
61 425 11.787188
61 503 1.286615
62 83 4.970131
62 150 5.347067
62 189 6.820117
62 213 8.745278
62 280 18.864935
62 334 4.963820
62 415 2.575774
62 427 15.801271
62 547 8.101062
62 549 4.503544
62 635 10.233154
63 262 8.597188
63 473 15.917563
64 118 4.635217
64 157 14.161439
64 180 6.525393
64 233 3.907882
64 562 3.880073
64 643 12.875217
65 73 8.174407
65 101 8.845914
65 266 15.171381
65 300 13.192857
67 76 11.601948
67 77 4.702435
67 92 18.899867
67 207 6.136680
67 251 1.399910
67 289 16.373888
67 302 3.924912
67 330 15.714734
67 395 10.067565
67 398 17.495311
67 477 2.164829
67 520 11.891086
67 687 3.161982
68 123 13.963843
68 154 16.987594
68 167 4.921747
68 411 12.860453
68 581 15.884092
69 80 5.136833
69 114 19.280809
69 148 12.926860
69 161 18.726406
69 176 15.716122
69 491 13.932842
69 585 17.393432
70 158 2.215448
71 85 2.097508
71 87 11.454932
71 95 10.747246
71 108 14.264896
71 452 2.487199
71 541 9.959399
71 555 11.808020
71 664 17.042563
72 197 15.469675
72 247 2.642275
72 267 5.879830
72 575 12.482742
73 87 18.886609
73 93 6.692252
73 140 7.247058
73 166 17.488724
73 200 11.156821
73 213 16.373811
73 255 14.210995
73 355 3.462046
73 523 8.886994
73 542 10.194236
73 544 19.245339
73 668 19.429633
74 95 2.954931
74 113 10.469591
74 214 4.139836
74 558 16.963194
74 623 10.616098
76 113 11.834527
76 122 18.933124
76 322 17.474141
76 412 7.774081
76 535 2.459384
76 683 9.633695
77 208 1.747622
77 284 5.351246
77 288 9.870763
77 327 8.271946
77 368 17.331108
78 566 13.448907
80 341 8.267505
80 550 11.601682
81 84 15.724848
81 136 8.276229
81 141 1.404615
81 287 2.108193
81 312 11.028651
81 432 4.378769
81 505 2.170894
82 210 12.742128
82 216 4.211501
82 508 2.874043
83 112 16.018867
83 218 19.376434
84 135 18.570485
84 142 13.943322
84 280 9.550303
84 297 11.595880
84 308 3.049545
84 414 15.835346
84 446 4.738430
85 179 14.071753
85 314 1.825899
85 489 9.407828
86 225 15.910560
86 409 9.654350
86 487 13.033325
87 185 10.762902
87 474 5.296335
88 93 17.195929
88 193 16.444315
88 503 5.330628
88 592 4.327751
88 668 17.982430
89 418 8.943728
89 441 10.205684
89 500 2.974536
89 690 6.676600
91 412 7.515042
91 601 10.886924
92 112 12.277770
92 508 4.732638
93 162 17.170190
93 351 17.620866
93 374 17.676121
93 475 13.164047
93 481 15.162720
94 234 7.291456
94 289 14.866814
94 333 17.535233
94 551 7.861879
95 147 1.611780
95 160 4.464966
96 300 14.712953
97 252 11.979065
97 276 11.640029
97 328 8.624513
97 364 13.630018
97 365 12.378439
97 395 2.431589
97 400 4.824787
97 425 8.922684
98 99 15.184435
98 131 11.818952
98 453 17.999565
98 624 12.670807
99 150 13.917276
99 348 1.999004
99 447 14.606037
99 468 15.977512
100 224 13.854984
100 299 19.079147
100 303 17.643911
100 315 8.150657
100 637 2.533331
101 212 15.657871
102 206 3.036162
103 215 4.685925
103 463 12.315413
103 573 8.018929
104 230 19.893835
104 231 9.412109
104 252 6.493069
104 285 18.591804
104 397 2.700226
104 405 18.884743
105 424 3.680461
106 340 3.987098
106 574 17.114041
107 148 8.496631
107 286 3.978535
107 310 16.526289
107 331 18.241567
107 361 12.638459
108 171 10.062967
108 194 17.018422
108 305 5.902500
108 338 10.728743
108 647 18.368216
108 655 9.052257
108 662 19.653768
109 115 18.745579
109 157 7.135886
109 183 14.830138
109 237 13.396871
109 408 12.802546
109 479 19.333815
109 491 3.275215
109 538 6.198475
110 111 1.239521
110 121 8.413357
110 140 1.486324
110 277 13.776447
110 594 15.362260
110 649 15.144062
111 151 5.516650
111 293 10.619830
112 221 17.210714
112 462 5.526502
113 137 6.413291
113 282 3.015263
113 316 1.213737
114 500 17.438730
114 595 3.778908
115 121 18.512939
115 165 9.489332
115 187 13.889699
116 237 14.400525
116 598 15.906793
116 641 14.492730
117 274 12.948868
117 307 7.354713
117 454 12.590170
117 499 17.462479
117 537 14.993907
117 660 18.966320
119 266 18.738831
119 321 5.518431
119 443 15.440012
119 467 10.822503
119 540 12.419501
119 623 9.858522
120 166 2.976037
120 220 9.370598
120 428 1.341614
120 469 17.356095
122 384 19.761624
122 406 6.817697
123 146 4.214974
123 470 18.824669
123 567 6.449268
124 151 2.568379
124 181 1.346005
124 228 11.842746
125 689 19.525686
126 188 16.026938
126 238 3.049639
126 484 10.779002
126 582 2.568933
126 587 6.901031
126 610 15.690760
126 672 6.998500
127 149 5.705195
127 152 15.655437
127 163 2.315159
127 171 19.475288
127 188 5.307011
127 210 12.136275
127 340 15.097671
127 649 19.583317
127 678 2.763426
128 422 17.412320
128 605 15.323880
129 263 5.904374
129 469 4.382926
130 291 16.510857
130 334 12.916433
130 357 11.502071
130 364 8.240079
130 370 1.356956
130 629 10.023223
131 194 17.373745
131 256 18.147394
131 537 7.718138
132 216 19.417795
132 224 13.946200
132 436 16.463134
132 502 14.782347
133 144 15.291552
133 477 19.975828
134 153 15.520014
134 222 10.506512
134 380 10.156758
135 162 7.064934
135 362 3.052223
135 408 16.084081
135 553 11.882992
135 561 18.210093
135 644 19.878555
135 652 5.189325
136 236 13.223189
136 335 14.125152
136 367 10.855834
136 607 2.057506
136 691 15.587921
137 139 19.579189
137 196 11.856902
137 304 8.395050
137 391 2.405685
137 427 4.959261
137 478 4.692398
138 178 17.766856
138 381 18.857565
139 168 19.702272
139 433 15.773817
139 558 3.501052
139 633 3.579360
140 375 14.914791
140 548 1.128805
141 185 15.423694
141 418 1.741404
141 498 3.478083
141 576 3.442288
141 580 5.220256
141 639 13.061707
142 176 5.533518
142 283 13.874711
142 452 15.662479
143 437 3.136409
144 149 5.684398
145 622 16.962935
146 190 4.046108
146 399 6.551827
146 450 4.776109
147 159 15.296983
147 258 16.110446
147 260 6.326001
147 352 16.231223
147 661 7.572255
148 170 9.604689
149 156 9.046282
149 599 11.308242
150 316 17.959710
151 319 4.726627
153 227 14.493267
153 355 15.444114
153 572 13.723097
154 191 10.213056
154 202 13.919048
154 370 5.196987
154 448 6.111832
154 516 1.428289
154 591 14.991290
156 517 5.554310
156 578 4.021799
157 192 19.439761
158 559 6.847932
159 435 3.216251
159 605 19.874985
161 179 13.804690
161 214 2.992537
161 291 9.460931
161 298 11.756419
161 363 6.378105
161 538 18.696925
161 608 1.867323
162 279 14.005568
162 296 14.592858
163 198 9.114322
163 690 3.197342
164 177 5.345397
164 435 9.045265
164 615 6.652862
165 201 2.310010
165 240 18.928376
165 317 5.154410
165 422 13.040005
166 609 3.941099
167 173 13.476541
167 211 17.766794
167 229 17.415977
167 246 15.927943
167 344 16.479107
167 657 14.775085
168 365 18.086906
168 384 15.576272
168 533 12.949648
168 565 5.822239
172 209 6.334772
172 576 18.503788
173 326 13.559538
173 406 1.627368
173 457 9.770069
173 497 19.629979
174 201 13.820965
174 525 3.060797
175 628 15.650520
176 184 2.147160
176 301 4.026578
177 434 4.689063
177 602 18.811560
178 441 18.608846
178 471 17.102166
179 198 18.811806
179 556 1.920139
179 571 4.096743
180 251 4.891070
180 437 12.269358
180 507 16.571270
181 268 3.867156
182 385 13.620527
182 671 3.944743
183 248 5.954392
183 259 11.374730
183 323 1.714787
183 353 2.950672
183 489 13.071951
183 588 16.550477
183 633 15.148050
184 354 15.029914
184 454 8.105704
185 186 9.819970
185 217 5.381962
186 220 16.446166
186 468 1.080531
186 563 4.907060
186 570 12.659138
187 432 4.736324
188 268 18.114765
188 397 3.071740
190 265 2.619459
190 294 10.384747
190 319 10.609592
190 534 15.813954
191 298 14.893770
193 342 1.248316
193 390 19.669686
193 577 19.416173
193 600 11.570847
193 620 14.493410
194 275 9.804540
194 399 4.783218
194 632 8.019367
195 230 14.649985
196 204 19.441898
196 239 9.292324
196 484 15.266953
197 387 15.071168
197 546 19.536395
197 613 1.214719
197 654 3.765702
199 217 6.080993
199 396 7.674497
199 443 9.531725
199 547 16.262691
199 583 10.613346
201 323 15.721221
204 601 11.910786
205 356 18.818427
205 485 9.872341
206 473 3.878593
207 512 10.947265
207 561 2.006958
207 584 19.569336
207 661 11.203965
208 253 6.329599
208 329 2.532706
208 346 11.245249
208 366 14.338583
209 273 5.000914
209 297 11.157057
209 331 1.566116
209 359 6.423436
209 396 10.164263
209 486 15.515737
209 638 7.312266
209 675 12.849826
210 226 6.940039
210 673 15.086125
211 436 11.444313
211 482 14.147595
212 349 5.162587
213 265 16.516566
213 373 5.271288
213 474 4.449052
213 493 12.419345
213 696 12.087803
214 332 1.059903
214 571 10.074669
215 304 16.151828
216 378 9.998951
217 336 11.725053
217 390 10.727966
217 495 12.550069
217 611 17.948538
218 267 9.775161
218 342 8.449104
218 369 1.014436
219 381 4.824493
219 470 19.508167
219 531 7.009794
219 616 13.958884
220 354 5.721553
220 681 13.654546
224 591 16.234186
226 652 2.723792
227 243 1.325485
227 255 19.518220
227 264 17.859195
227 339 14.576802
229 682 18.009177
232 241 2.505375
232 333 19.861176
232 572 19.572658
233 247 10.443323
233 301 16.132844
233 347 11.482304
233 371 12.348693
233 465 5.677734
233 619 14.358729
234 606 5.773481
235 287 1.394804
235 464 16.907970
236 453 5.923902
237 310 13.588684
237 326 18.172983
239 244 18.440711
239 673 8.374252
240 260 11.257435
240 421 14.688944
241 560 14.223234
242 273 13.428089
242 585 7.133880
242 586 4.858074
243 546 16.060723
244 313 19.722109
245 445 2.584558
245 550 17.805473
245 658 11.625239
245 685 3.316246
246 376 3.153806
247 350 8.388365
247 393 2.441252
247 444 14.226921
247 669 13.191603
249 270 14.060266
249 497 15.207139
250 507 14.914965
251 511 10.473954
253 557 1.833296
255 307 14.452475
255 339 13.694712
256 296 12.355646
256 499 15.110742
256 674 8.133522
257 402 4.509812
258 528 15.650973
259 261 4.862114
259 372 8.202529
259 637 12.927799
260 464 3.784415
261 311 5.916070
261 606 17.812393
262 688 11.130897
264 318 13.445149
264 590 15.137226
265 338 12.514986
267 285 4.843191
267 515 16.207469
268 383 14.070151
270 564 12.938540
271 346 17.262689
273 328 8.910801
273 684 4.143074
276 393 11.354140
276 611 6.470535
277 519 18.177617
278 521 2.129947
278 604 4.093820
280 350 14.798075
280 541 9.349409
281 448 6.453391
281 532 14.049009
281 589 13.226948
282 584 17.876148
283 404 5.826668
283 514 19.827133
285 292 4.497777
285 372 18.132005
285 549 6.497575
285 691 4.560922
286 303 10.247699
286 527 10.763025
288 320 11.167859
295 434 2.014485
296 460 7.119931
296 461 14.965565
297 481 2.378144
301 403 3.674028
302 417 6.364402
303 433 6.255561
304 475 13.480949
304 617 15.460145
305 657 18.072981
308 596 11.017863
313 502 17.104798
313 509 12.161712
313 514 13.972316
313 575 14.233577
314 451 16.639087
315 423 5.889675
315 431 3.786077
315 548 8.714712
318 382 14.381602
318 421 6.326240
319 377 4.329381
319 385 18.542127
319 676 3.290659
320 476 3.960856
321 423 7.343813
322 626 3.435706
325 563 19.992402
326 343 4.081580
326 530 2.985374
328 653 10.521658
330 424 1.285042
333 419 11.698865
334 566 4.347751
334 698 3.389372
335 379 4.785105
335 420 16.965892
336 352 10.693975
337 389 8.502836
338 498 13.970912
338 658 3.327088
339 560 2.715234
339 570 4.974935
341 438 17.892079
342 426 19.140560
342 482 18.868228
343 428 4.322223
344 624 15.256951
346 368 14.604821
346 510 11.893395
347 603 2.424112
347 650 7.613839
347 667 9.929282
349 394 1.421607
349 398 17.077472
349 608 5.822888
351 522 4.849315
353 483 16.075826
353 620 17.496980
355 357 18.544423
356 629 17.808417
358 569 19.790025
362 519 19.781366
366 407 14.214071
366 505 16.767514
366 664 2.746052
367 400 10.214171
368 389 14.112343
368 420 7.076894
368 639 14.658603
368 653 6.261560
373 392 2.749832
373 545 13.602167
373 552 10.967213
373 640 15.217795
374 409 15.616200
375 415 16.397439
375 506 2.302653
375 536 10.992763
376 488 5.140723
376 681 2.561346
377 524 11.374101
380 615 7.126216
380 630 4.576216
384 492 11.465068
385 478 2.865503
388 501 13.504263
391 506 18.578701
392 490 17.607058
393 442 2.234943
393 531 2.301787
396 456 3.165467
398 617 12.765191
400 674 15.858435
401 621 11.321590
406 476 8.173111
407 517 17.072935
412 520 18.974437
413 631 11.539788
417 567 11.131983
418 496 6.959981
418 610 8.899870
418 648 7.727244
419 534 15.331668
420 675 8.130782
422 529 6.552445
424 455 13.540652
424 488 19.924977
424 496 5.895187
424 648 5.547983
430 543 16.979084
433 564 14.704267
433 604 13.120186
433 679 12.296411
438 685 9.184775
440 553 9.297767
444 530 18.268129
444 686 17.152866
445 555 18.445786
446 529 7.768061
449 513 6.163999
450 628 17.046047
454 483 7.891263
456 568 10.559724
460 580 6.476583
467 511 9.286037
467 528 4.488969
470 603 13.318740
471 501 15.539049
471 680 11.064634
473 544 2.353781
473 686 3.598631
474 593 4.941207
475 645 1.490845
476 526 9.436866
476 614 2.983314
476 695 19.806589
479 556 3.432219
480 562 8.754211
481 597 10.510142
483 641 15.812520
488 504 13.278580
497 513 11.857562
497 676 1.483369
500 698 17.411064
511 636 9.528826
511 650 18.590997
512 632 2.198092
521 600 10.208847
521 630 16.815248
531 554 5.558095
534 662 10.172873
536 602 13.439093
537 655 5.606534
541 612 8.668641
542 640 3.090863
543 607 6.022633
543 644 9.442272
543 682 7.177805
546 573 1.615099
546 665 9.536563
554 579 6.622468
555 677 10.371797
560 618 4.247849
564 692 1.073282
565 693 1.254926
568 643 2.069560
576 666 10.224717
577 619 18.393922
578 694 18.491296
579 659 3.193897
581 598 19.271024
584 663 16.121792
591 692 7.898662
594 651 3.393661
596 634 8.045687
596 699 14.279502
603 697 18.760125
615 660 18.025595
625 666 17.263333
630 671 10.248903
642 688 9.407541
646 670 19.237130
658 696 17.784016
665 683 10.667113
678 697 7.642680
12.315668 14.802496 12.467080 5.605964 8.341039 17.731721 19.759556 11.033173 19.196144 8.503708 6.136356 23.698990 12.460665 14.289500 19.690428 17.321688 10.651989 18.428047 5.146362 9.118956 9.309765 9.211730 14.330914 6.382758 5.928077 6.557147 23.440029 14.702258 11.302458 16.185844 8.928011 20.290313 16.601570 19.833889 7.878828 19.708451 8.158326 22.147785 6.952478 13.598085 13.623275 15.280069 20.475854 9.991515 23.427929 5.414750 5.885962 21.479967 15.358409 16.946060 23.047930 22.791924 12.510278 12.260369 10.483227 21.953478 23.650921 18.650185 13.920242 23.158106 5.222846 24.551128 14.771728 8.188939 14.670478 14.988389 18.022055 16.056749 8.457790 13.201027 22.691487 22.167595 11.119953 23.551744 18.648160 6.751330 22.605554 20.157988 15.114123 23.771705 13.342350 8.754661 7.586377 10.966090 8.776144 6.749074 22.290470 12.862807 14.393438 14.330747 15.358218 9.938427 7.400196 10.723640 14.405882 8.589454 10.454218 23.038858 21.990442 14.181462 22.971404 21.563659 18.797819 21.637152 9.644231 18.888445 11.406457 13.742421 5.977055 17.835399 14.005486 13.720809 8.774454 14.750704 12.671533 12.849195 10.493756 24.165368 21.517624 13.333885 15.291366 22.379167 5.783487 21.468525 9.084483 11.251576 24.608762 21.635740 6.481005 19.598180 15.123041 18.767861 21.618708 13.455299 9.250030 21.651675 10.462211 15.144511 23.003606 15.175417 16.778968 6.488141 22.441408 6.328331 15.757603 11.252660 20.835651 20.262699 18.192179 24.075181 24.314598 21.832547 23.961666 23.645225 20.974239 14.081279 17.735382 18.302264 17.399993 16.626464 14.292940 22.331893 14.998896 6.446333 10.848784 24.343452 18.797721 18.352755 13.136067 13.896241 10.283841 22.788235 15.477814 19.436518 6.939068 22.730433 20.023349 15.443236 6.457755 6.915990 10.958994 22.854376 11.098932 18.509827 23.721267 7.851082 14.319541 9.087462 9.260681 22.145813 9.636138 19.500939 12.202520 8.583873 21.986947 9.922464 16.995153 24.717021 19.629750 24.065135 20.699138 12.100710 9.029547 24.666223 10.758180 16.256007 5.973225 20.475998 5.563887 7.889917 14.935941 21.023055 18.903157 14.166889 19.588112 20.249749 10.880987 23.709154 15.850589 18.852526 21.499881 24.505723 20.014634 10.631736 21.568055 7.282999 17.913466 20.064825 10.419877 21.163270 6.944096 5.253604 18.235756 16.412384 13.252772 19.913008 14.040940 6.544275 19.780054 23.810511 21.969529 20.179680 24.729739 24.974275 17.917492 20.971873 11.788358 8.154734 7.878343 19.626742 7.168104 6.926777 11.610167 17.616438 23.637615 22.435869 18.100624 12.298070 8.069501 20.706222 6.630289 20.483917 15.773700 7.788433 23.185111 5.713821 18.884825 20.189078 17.075800 23.757943 14.122561 18.047150 9.082587 24.464179 10.834235 6.841251 10.006815 21.852302 17.381317 23.771786 12.948369 14.967311 20.791256 9.093524 18.811144 9.865781 14.790760 15.570511 23.717151 11.028531 23.427825 12.013590 8.715550 20.767199 19.063298 11.551951 12.966376 24.317053 21.193088 13.579266 12.375186 23.979689 18.578400 20.991424 9.502516 7.898716 23.062448 24.546982 12.619016 11.739124 10.894328 23.672768 7.912071 20.334248 19.685893 8.338984 5.553359 19.839368 24.883165 19.734666 17.046938 16.401298 11.832503 20.127658 22.958970 12.007338 10.815500 17.419401 21.660892 9.644019 21.098019 5.176421 5.929781 11.172131 22.071797 21.492811 11.945034 21.332460 20.256456 18.222607 9.043706 7.380026 10.727216 5.988903 20.285127 6.947968 7.281347 21.028173 13.602805 5.972173 14.083730 23.006477 13.059583 11.191005 8.269168 5.575657 12.194628 19.744207 5.176184 10.071220 22.676213 7.039369 22.303549 8.632171 22.725111 8.339185 10.225734 15.994196 19.825849 5.162762 18.332389 11.574797 10.298859 5.449712 20.059853 22.865298 16.455838 17.183146 12.931852 7.836104 7.842382 7.289629 10.473850 15.102460 19.412043 9.167507 15.632640 13.871478 14.229606 19.562881 7.369207 16.605813 19.608110 19.330445 7.500173 16.500431 15.340565 24.197257 23.821297 19.466515 22.645403 20.050875 14.468796 6.498092 14.211843 16.798183 24.556644 21.887458 17.438281 22.270843 19.022107 8.153393 23.964004 13.002083 12.870370 19.587436 16.839693 15.255183 12.189860 23.646210 14.270675 8.504759 20.350066 10.637651 15.716028 21.224388 6.858789 5.543565 14.188680 15.260404 11.051399 24.579779 8.949164 5.433713 20.910809 8.077285 23.832705 11.832202 21.977911 24.993489 7.430771 19.808488 12.147610 24.275684 21.470364 8.386105 20.320001 15.619882 21.344594 5.279893 19.493451 13.739147 22.865965 22.424786 15.549933 6.002182 23.156689 23.028612 7.007188 14.768952 9.783956 13.598631 15.391956 21.393007 10.065660 13.971200 21.913508 20.526050 10.547122 5.722266 9.749947 10.903240 18.538076 10.860816 19.877948 22.433083 21.851881 14.699994 13.888344 11.902603 18.010636 6.076447 10.374084 9.458275 10.974213 23.736156 7.011360 24.964157 11.845227 6.056635 15.287617 13.526821 5.513879 8.522414 16.011543 15.212502 14.742513 5.805749 20.730214 9.996147 24.245301 20.047833 10.032287 5.863446 17.066774 22.320249 9.754193 11.068711 13.753572 17.435532 10.379468 5.450897 17.777226 12.413139 13.634421 12.444582 6.870168 21.308488 9.538929 24.767536 5.276573 19.089849 6.540771 21.034139 20.190199 8.994410 24.744263 16.428161 12.398929 9.562505 6.942041 16.965631 10.342932 11.537178 11.456118 24.087091 21.715946 14.826299 8.566545 8.430601 5.777950 8.538548 22.157261 5.675260 14.470429 6.760894 12.479441 8.197197 7.144248 23.951089 17.968116 9.434523 18.844007 24.928796 20.866003 6.722028 10.125376 23.759699 14.476251 11.711835 15.934123 17.163608 7.375084 21.683282 13.739356 14.659417 13.349500 16.593326 22.834257 14.610192 15.922839 10.779147 24.750105 24.075241 15.704392 18.198212 6.486179 14.069850 15.465971 15.859388 16.717245 11.861102 24.255620 16.790602 12.510221 15.425993 7.956602 18.063058 21.253559 16.844406 13.262076 9.005112 11.431989 20.984742 23.706881 23.434983 13.486994 18.439666 19.609226 5.071632 6.931836 10.273025 15.264283 24.021060 21.079079 6.989725 19.450134 23.439403 14.919888 12.431528 20.660552 18.814414 20.671663 8.537735 21.843973 18.872323 9.813393 24.151095 15.632195 13.944373 20.386735 19.477514 7.700719 9.443531 12.468757 8.392342 21.150755 14.263721 13.550413 20.499623 22.677256 19.125676 8.217372 16.880005 6.385825 23.005562 12.886537 19.676688 7.615533 19.121120 6.434693 21.772162 19.310139 9.879529 15.713677 12.215624 8.363350 14.952116 11.529872 6.003171 10.409497 6.497524 12.337896 21.029188 22.052103 13.577933 16.402130 23.880966 8.853155 15.863568 18.824520 19.882666 6.460917 10.658136 10.355942 6.542652 22.700897 24.236884 16.974878 19.794370 23.302174 11.441671 15.201469 16.711563 10.377391 17.679613 20.059329 14.913537 14.993544 13.243766 14.529943 12.741468 20.625986 12.530239 15.041734 5.649796 9.090293 16.141708 19.863879 19.420919 20.341833 15.511947 21.640077 24.794346 11.016014 9.454460 20.568984 6.717370 6.534387 24.193145
46
191
0 23 6.377306
0 26 4.482093
0 34 2.165561
0 42 8.410265
1 5 2.980935
1 6 9.702221
1 7 6.401302
1 11 6.087060
1 18 7.717140
1 32 2.560421
1 45 5.436180
2 8 6.699149
2 17 6.914968
2 21 3.853011
2 25 9.222715
2 30 5.772204
2 36 8.192508
2 37 6.797259
2 42 5.703808
2 44 5.719962
2 45 6.085771
3 5 5.951174
3 8 7.718962
3 9 9.473792
3 23 2.198097
3 28 1.502931
3 29 8.709799
3 37 5.852814
4 14 3.998904
4 21 1.184822
4 23 3.099818
4 26 6.890847
4 29 6.719268
4 30 8.688383
4 34 8.836346
4 41 8.519169
5 10 6.385861
5 22 7.783447
5 25 1.007918
5 29 7.188000
5 37 6.403827
6 7 5.205097
6 8 7.340325
6 13 3.257075
6 21 3.632511
6 22 5.882090
6 27 3.795111
6 33 2.447243
6 39 8.735610
6 43 8.265309
7 10 1.063147
7 12 4.714688
7 13 9.458988
7 16 4.125961
7 22 3.798829
7 32 4.659979
7 35 3.755798
7 42 6.813190
8 31 4.495375
8 37 1.812856
8 38 4.683156
8 45 4.614507
9 10 4.683012
9 13 7.055437
9 15 9.678946
9 21 8.105462
9 25 6.562069
9 29 1.582868
9 36 9.785091
9 40 4.535890
9 44 9.635367
10 16 1.297043
10 17 7.188421
10 19 3.130650
10 24 5.740638
10 25 5.419244
10 36 2.028192
10 37 7.166839
10 40 9.883193
10 44 9.321892
11 16 3.001721
11 22 3.818877
11 26 1.441282
11 29 5.697431
11 33 9.565158
11 36 3.678467
11 38 8.659735
11 40 8.975070
12 18 3.037446
12 19 7.516349
12 26 9.170373
12 27 7.084087
12 43 3.174491
12 45 4.534916
13 22 3.431689
13 23 7.377252
13 27 2.779806
13 28 5.941535
13 30 5.211596
13 32 4.175786
13 35 2.281225
13 42 8.751831
13 44 2.598364
14 15 8.740091
14 26 6.287057
14 35 7.716955
14 39 1.697908
15 20 4.334568
15 23 6.511493
15 27 9.182132
15 29 6.917097
15 35 3.045014
15 36 4.858057
15 38 5.914996
15 41 8.563515
15 45 2.357865
16 17 8.705348
16 21 4.944233
16 31 3.132806
16 32 2.565738
16 36 6.615708
16 37 2.944469
17 18 6.482522
17 20 4.624411
17 23 4.877469
17 31 3.882873
17 33 3.390323
18 22 8.621417
18 23 8.661137
18 31 2.664171
19 20 5.155929
19 34 5.388591
19 39 1.137562
19 43 1.883209
20 21 2.150689
20 34 8.227668
20 43 8.069121
20 44 3.971447
21 28 5.645837
21 29 8.867274
21 34 1.342436
21 39 5.536177
21 42 8.944666
21 45 9.747341
22 27 1.393610
22 33 8.826668
22 40 4.480776
22 42 5.415846
23 45 8.539813
24 28 4.110578
24 30 9.272677
24 33 9.428247
24 36 4.480504
24 43 5.137493
25 27 5.593910
25 44 1.009181
26 32 4.232477
26 35 1.967159
26 40 7.441359
27 30 3.072770
27 33 7.021304
27 36 4.390345
27 40 6.466009
27 43 4.123778
28 31 7.649112
28 34 8.453443
28 35 9.971244
28 43 4.079371
29 32 9.748089
29 39 4.359735
29 40 6.614000
30 33 1.118672
30 35 4.295634
31 38 4.225914
31 39 2.038999
31 40 6.602478
31 42 1.469079
32 44 3.820061
33 38 7.850450
33 43 8.385350
33 45 2.039331
34 42 5.340094
34 43 1.777500
35 39 7.071514
36 41 9.391970
36 45 4.625527
37 38 9.689597
38 40 3.073753
39 44 9.613791
40 44 3.113316
42 44 8.504334
451.193236 461.861428 442.649784 300.585636 391.315038 441.320861 443.385624 460.102144 475.817148 330.629848 433.121340 510.728161 274.204840 465.860906 290.850349 467.473260 469.776502 269.480787 478.329724 489.822686 340.739256 382.462140 259.799131 419.951735 506.314187 465.244177 385.689557 427.612429 350.592529 470.605116 277.651125 347.455940 475.171092 308.041987 361.133175 510.901217 256.223830 279.030814 452.975602 431.716115 317.009357 482.651683 359.498722 336.200523 239.896185 287.018582
