700
1397
0 1 5.517814
0 2 13.506329
0 3 5.771480
0 4 13.678898
0 5 5.001363
0 10 16.193936
0 14 13.702015
0 18 17.610062
0 23 14.502210
0 24 18.912427
0 26 16.556639
0 29 6.964745
0 33 8.151424
0 70 15.624993
0 73 10.722177
0 94 19.453430
0 103 8.778929
0 107 6.348798
0 157 14.993882
0 173 17.024187
0 189 2.995624
0 200 4.426500
0 209 4.886260
0 219 6.525160
0 230 14.245934
0 280 13.985183
0 469 5.385309
0 482 14.768463
0 513 19.806762
0 517 5.350356
0 608 17.655896
0 646 4.329179
0 658 17.531192
1 2 17.244066
1 3 17.883709
1 6 8.144108
1 8 2.346304
1 9 11.009116
1 15 17.799925
1 16 8.039097
1 19 2.196385
1 22 4.224120
1 28 17.487071
1 37 14.454815
1 101 7.884750
1 120 7.248832
1 121 2.686654
1 125 7.665505
1 126 5.873022
1 147 12.577010
1 148 3.349244
1 170 10.021636
1 176 8.392236
1 192 10.604767
1 204 1.760859
1 210 14.017073
1 246 13.181625
1 247 4.158941
1 261 7.337243
1 337 15.585990
1 394 12.080450
1 398 19.421320
1 420 7.942677
1 434 7.580008
1 437 12.972533
1 454 17.014562
1 463 8.894608
1 475 8.294775
1 480 10.855121
1 523 18.540201
1 574 1.751088
1 634 15.540128
2 5 7.796754
2 7 2.366099
2 9 2.720773
2 10 6.049158
2 17 19.278484
2 33 17.908035
2 69 9.727137
2 78 1.803469
2 88 14.928199
2 90 9.025984
2 148 12.574477
2 158 16.455244
2 215 2.708266
2 308 2.534941
2 322 7.434210
2 363 16.686153
2 364 16.344161
2 410 19.321291
2 482 5.177894
2 484 18.466580
2 548 14.726408
2 648 10.970248
2 652 19.009268
3 4 14.647445
3 16 11.904975
3 21 16.286978
3 26 5.864017
3 114 14.445208
3 234 19.905103
3 319 11.653506
3 458 6.635154
3 571 13.274704
4 6 17.473946
4 12 17.686214
4 20 18.046249
4 27 9.710965
4 46 19.964511
4 68 13.008402
4 73 13.623893
4 76 4.938449
4 89 2.745270
4 95 10.933911
4 100 4.217137
4 116 15.478678
4 118 3.654612
4 152 7.153890
4 173 5.458321
4 196 14.180742
4 226 12.728256
4 240 9.914970
4 285 6.386592
4 317 6.771312
4 330 16.000524
4 368 12.389983
4 389 6.665914
4 409 7.609540
4 418 4.584249
4 441 6.572219
4 444 6.482843
4 456 10.954230
4 466 16.270546
4 486 19.123575
4 507 15.637249
4 555 9.560489
4 563 3.702249
4 597 16.197097
4 651 1.646831
4 670 1.398893
5 18 7.559361
5 21 13.171823
5 22 12.900846
5 32 12.269341
5 47 5.582817
5 54 14.844483
5 55 4.807499
5 71 11.077050
5 78 17.105196
5 95 6.999027
5 96 8.681762
5 109 8.992281
5 112 17.563804
5 114 3.728219
5 135 3.166757
5 161 7.204398
5 181 13.080411
5 225 18.690471
5 226 7.139444
5 242 10.160075
5 275 9.608914
5 276 10.580824
5 328 5.132793
5 355 3.624938
5 361 7.492742
5 460 3.853409
5 558 7.977230
5 602 9.827778
5 677 6.762466
6 7 1.409847
6 8 4.067323
6 13 8.537167
6 27 4.322299
6 86 7.833602
6 238 3.448520
6 241 12.337575
6 290 13.007172
6 351 19.774314
6 394 8.872919
6 610 14.463580
6 618 1.302467
7 17 15.659023
7 19 6.162931
7 20 17.408790
7 30 1.895642
7 34 1.695770
7 49 10.312913
7 50 2.246246
7 53 18.381128
7 57 15.468451
7 71 2.122824
7 75 12.072654
7 86 18.229736
7 111 19.241054
7 140 19.401907
7 211 11.648460
7 233 2.678401
7 249 8.601226
7 299 1.123583
7 347 9.187937
7 402 16.731124
7 547 16.530080
7 551 1.267690
7 582 13.113107
7 617 2.579977
7 629 17.392336
7 682 19.592045
8 11 3.871922
8 133 17.134618
8 211 15.295064
8 290 2.884800
8 327 13.206777
9 23 3.779713
9 24 5.818574
9 25 18.735477
9 41 17.892272
9 42 17.593482
9 48 16.354370
9 57 9.876453
9 84 17.026737
9 90 9.358461
9 125 14.758328
9 130 19.042659
9 147 8.784396
9 215 13.806517
9 267 16.609173
9 268 7.357919
9 334 16.080148
9 385 15.876779
9 459 15.599419
9 532 7.435120
9 542 7.582505
9 582 15.154341
9 583 15.069649
9 596 5.789186
9 614 11.960600
9 689 7.154139
10 11 12.251324
10 15 13.878786
10 52 11.939648
10 135 5.370414
10 175 5.097572
10 252 7.184351
10 441 6.348412
11 12 9.010654
11 13 12.759426
11 28 17.408774
11 30 11.971039
11 36 2.410989
11 37 17.315407
11 69 7.633296
11 117 19.090732
11 179 12.783745
11 253 1.891538
11 257 2.458261
11 337 12.879808
11 338 4.687212
11 430 16.989506
12 35 11.843816
12 42 5.520653
12 183 11.271123
12 190 8.470715
12 397 7.066663
12 491 18.697563
12 498 5.039059
13 14 7.314154
13 168 4.467658
13 256 19.379973
13 315 9.628252
13 501 10.057879
14 34 14.190168
14 44 19.151963
14 96 10.583334
14 137 13.398154
14 169 19.729600
14 283 15.077174
14 458 19.365891
14 587 4.184673
14 627 9.854761
14 675 1.294559
15 85 16.124731
15 89 10.609953
15 119 1.121361
15 129 19.138667
15 145 9.498299
15 204 13.128830
15 323 19.647431
15 535 11.686231
15 565 17.893876
16 45 18.588478
16 58 9.071588
16 61 11.357487
16 594 7.068363
17 97 3.960861
17 152 15.835258
17 162 18.159570
17 182 16.926276
17 191 19.265755
17 263 12.896963
17 284 13.460541
17 542 16.122805
17 688 11.143283
18 62 1.361859
18 119 18.385958
18 263 12.680228
18 269 11.074611
18 300 13.235339
18 350 2.719327
18 385 6.942825
18 419 4.298472
18 449 9.674338
18 462 15.061012
18 597 1.706893
18 623 13.182200
18 663 2.649899
19 25 19.025906
19 31 6.957584
19 39 11.868773
19 41 4.164093
19 56 5.826755
19 68 10.614802
19 174 14.005597
19 195 1.953486
19 214 13.444832
19 237 1.843981
19 351 19.126990
19 381 8.753378
19 421 3.254747
19 426 8.361878
19 452 19.196383
19 500 12.007663
19 556 13.091455
19 574 7.882860
19 685 2.131552
20 39 5.366481
20 83 6.046718
20 87 2.440282
20 141 12.244601
20 142 8.743176
20 348 9.329328
20 432 10.186142
20 446 4.143736
20 499 16.540010
20 541 16.574239
20 640 6.415898
20 643 8.224618
20 653 9.175942
20 672 14.157726
21 29 17.962034
21 31 9.809048
21 40 10.927688
21 43 12.694044
21 64 7.312414
21 92 3.873958
21 121 18.558994
21 126 15.364220
21 382 7.088912
21 414 19.240470
22 346 19.358263
23 65 17.792837
23 94 17.089720
23 124 13.868184
23 127 8.970937
23 507 8.891259
23 534 19.615011
24 32 10.286575
24 48 10.473807
24 72 6.259174
24 87 3.150842
24 93 18.351025
24 144 10.553868
24 145 13.900985
24 199 1.222267
24 219 13.248045
24 221 14.774127
24 229 3.425023
24 271 9.674092
24 274 9.910999
24 314 4.297214
24 332 13.993305
24 432 14.236106
24 586 16.037052
25 45 5.088219
25 46 18.536993
25 66 13.012940
25 79 17.690119
25 257 3.213518
25 527 4.421851
26 36 11.773862
26 50 1.542576
26 150 15.659969
26 198 4.946772
26 228 17.200171
26 243 7.439075
26 303 16.273608
26 448 5.175800
26 594 14.323753
26 600 1.869980
26 689 7.287004
26 699 8.573745
27 64 17.313492
27 177 12.789372
27 188 1.723677
27 369 10.798907
27 470 9.271895
27 525 3.233728
27 616 6.293615
27 624 7.767607
28 35 7.878373
28 58 4.827777
28 62 14.193476
28 158 2.146715
28 191 3.504749
28 286 18.451956
28 489 6.844442
28 535 14.107659
28 561 16.715465
28 690 14.475046
29 40 5.893802
29 106 12.960568
29 109 11.862133
29 141 18.849886
29 144 1.504050
29 197 8.935189
29 198 18.898239
29 212 9.766068
29 239 19.773130
29 341 14.429445
29 411 6.867340
29 416 19.784146
29 514 11.577474
30 38 1.283243
30 51 18.248836
30 80 7.970888
30 110 14.022188
30 115 12.129421
30 130 14.647265
30 139 15.735746
30 213 19.991512
30 251 14.737019
30 269 19.739918
30 306 1.549115
30 412 16.248418
30 524 18.775431
30 569 8.292193
30 590 10.222451
30 650 1.720202
31 136 5.278676
32 44 5.698129
32 51 15.973358
32 54 15.972336
32 102 2.357320
32 133 18.420653
32 181 19.646916
32 238 18.879613
32 244 13.040807
32 266 17.945800
32 268 11.749850
32 345 15.540548
32 396 2.836445
32 453 19.780820
32 505 5.989001
32 630 17.106916
32 677 3.024067
33 38 14.429914
33 63 1.543813
33 67 10.004444
33 74 2.286386
33 111 9.445736
33 140 4.755338
33 150 3.420877
33 192 8.099668
33 287 16.399572
33 293 12.715325
33 616 16.616550
33 632 14.237031
33 661 3.473647
34 43 19.167845
34 72 13.424479
34 107 16.235840
34 113 11.991035
34 241 4.048788
34 245 16.852951
34 566 7.908303
34 609 14.511919
34 635 9.127847
35 55 8.856207
35 77 10.743485
35 91 1.462221
35 100 16.346924
35 155 4.771314
35 172 14.351220
35 184 16.849269
35 264 14.377484
35 329 14.464189
35 340 19.266092
35 391 16.726622
35 528 7.910783
35 692 10.150462
36 59 1.086531
36 210 2.000701
36 305 11.222341
37 123 14.963431
37 235 12.745858
37 277 10.775598
37 429 16.544709
37 552 7.498582
37 664 5.177148
38 60 2.709016
38 79 15.899972
38 81 18.944031
38 105 4.495172
38 169 13.770563
38 559 5.233530
39 97 6.021674
39 164 6.767392
39 353 10.398142
39 356 2.808842
39 428 17.108014
40 63 7.275417
40 98 16.467533
41 47 18.701294
41 128 12.375008
41 207 15.649706
41 589 3.850614
42 118 8.763494
42 448 2.597879
42 611 5.046559
42 624 15.842561
43 122 6.195940
43 168 12.003255
43 174 19.904912
43 286 18.939498
43 309 7.229081
44 80 18.501111
44 127 15.930683
44 128 8.226827
44 149 16.786362
44 209 7.852289
44 306 12.934094
44 393 2.900185
44 443 13.587609
44 512 2.069733
44 521 11.996886
45 202 18.844993
45 321 1.569391
46 52 14.857953
46 106 12.005798
46 167 9.810959
46 232 12.649842
46 310 17.029401
46 539 13.495233
46 694 9.464177
47 193 4.832747
47 258 8.940832
47 325 7.466640
47 375 6.175386
47 429 3.737133
47 690 18.569428
48 49 12.040197
48 206 6.014126
48 303 6.970621
48 377 10.914860
48 620 7.646811
49 60 15.878407
49 92 15.560403
49 102 8.312146
49 131 5.868571
49 399 17.476317
49 576 14.446479
49 678 13.076829
49 686 4.270424
50 53 1.422574
50 56 13.103976
50 166 17.340250
50 281 13.933441
50 347 7.239489
50 354 8.459128
50 379 5.400201
50 699 1.102055
51 59 15.522492
51 266 5.327918
51 479 15.219021
52 495 16.421264
53 70 1.478962
53 76 8.757155
53 110 18.289552
53 131 9.353970
53 155 5.727248
53 205 2.909450
53 295 19.654749
53 326 13.249744
53 409 19.977545
53 412 16.332282
54 77 9.035970
54 108 16.688952
54 143 14.236272
54 170 15.224293
54 221 17.987946
54 242 17.986449
54 308 5.672820
54 362 7.072235
54 506 4.135116
54 645 7.089360
54 654 17.344325
54 691 3.538016
55 371 13.175097
56 61 18.772497
56 65 13.764766
56 105 4.056871
56 132 14.236430
56 401 18.298384
57 248 5.031686
57 297 8.737771
57 307 2.657918
58 136 6.276584
58 156 5.831487
58 159 18.184961
58 214 8.395445
58 264 4.493888
58 357 4.135730
58 374 12.201607
58 431 6.282130
58 434 12.331957
59 66 8.000204
59 206 19.587305
59 223 13.392335
59 254 10.441804
59 519 13.372115
59 526 5.416735
59 533 13.279961
60 82 11.942553
60 85 14.743652
60 231 5.593525
60 333 6.717512
61 81 2.657650
61 103 11.856071
61 104 6.110796
61 167 4.341947
61 261 15.908821
61 301 8.513472
61 359 9.985952
61 418 5.568955
61 423 8.346630
61 584 16.894830
62 67 17.044028
62 91 6.775011
62 93 18.732818
62 120 15.551066
62 401 2.333509
62 413 6.997612
63 134 18.399306
63 163 5.630986
63 250 8.059626
63 363 16.443357
63 526 9.185992
63 614 16.646040
63 672 17.016598
63 692 19.265506
64 172 9.653005
64 346 11.674502
65 216 6.159830
65 532 15.250693
65 571 16.158551
65 655 5.125643
65 660 2.118385
66 84 14.066056
67 75 5.092661
67 178 12.086439
67 392 6.241335
68 160 9.948474
68 217 11.094463
69 74 10.357023
69 373 11.077609
70 113 8.094271
70 171 3.740053
70 228 17.042371
70 331 17.250014
70 377 19.931834
70 457 2.145116
70 546 16.485134
71 186 4.759169
71 217 10.940875
71 244 1.137905
71 251 3.843054
71 265 5.634288
71 298 3.989254
71 335 12.539217
71 365 5.963324
71 390 4.370671
71 427 3.161266
71 683 12.589823
72 176 9.112955
72 318 11.269064
72 637 5.478415
73 237 16.691631
73 343 4.776046
73 386 12.672849
73 419 18.634573
73 431 14.992513
74 99 17.627982
74 187 17.002516
74 224 4.877274
74 270 1.063732
74 293 8.930856
74 305 14.367122
74 319 3.731517
74 534 7.804133
74 673 6.548383
75 159 3.037220
75 222 1.221625
75 489 18.372850
76 101 19.334414
76 116 18.176002
76 132 19.158762
76 166 17.368210
76 194 1.331315
76 220 7.513606
76 343 6.234830
77 138 18.601601
77 139 10.672072
77 187 13.336782
77 245 7.814324
77 376 18.662005
77 471 19.455214
78 82 12.330643
78 408 6.625288
79 340 5.639598
80 104 6.026168
80 112 18.812282
80 146 5.381668
80 188 17.568745
80 225 4.218048
80 248 12.185418
80 281 10.971183
80 376 11.305273
80 496 12.808657
80 503 17.527241
81 83 10.947672
81 639 13.057285
82 88 10.213043
82 325 17.641826
83 576 9.820406
84 307 17.287915
84 477 13.648465
84 647 8.980432
86 156 9.954375
86 553 1.670137
86 579 7.108831
86 638 9.055274
86 675 12.285960
87 98 1.045774
87 115 15.916431
87 124 7.119762
87 239 2.901725
87 283 11.334347
87 378 3.787969
87 438 14.569338
87 615 5.546978
87 622 14.112024
88 565 19.946929
89 164 10.456050
89 668 1.222211
90 207 4.152564
90 555 7.208375
91 267 10.836285
91 302 15.349181
91 379 11.105167
91 423 15.983682
92 554 4.658221
92 680 5.717221
93 142 5.824314
93 213 8.085241
93 444 11.913181
93 468 5.984754
93 484 17.051472
93 557 2.050032
94 123 5.243121
94 404 13.804814
94 440 2.562724
94 483 11.902580
94 513 17.468478
95 99 9.223670
95 149 7.943055
95 177 13.722294
95 224 17.536998
95 272 1.270878
95 295 6.438547
95 621 1.487191
96 296 3.625332
97 143 10.440424
97 253 13.892350
97 316 5.606511
98 129 18.980730
98 162 11.675336
98 165 5.221626
98 342 17.366089
98 382 11.326965
98 629 11.721646
98 648 3.745747
100 117 18.267182
100 184 18.375922
100 279 18.306611
100 292 11.435888
100 374 16.578936
100 464 3.725121
101 356 3.756527
102 282 13.894028
102 354 15.852482
102 495 19.038515
103 235 8.777571
103 595 2.406133
103 661 8.498738
104 108 5.244749
104 153 13.552372
104 364 13.296053
105 180 1.490025
106 154 13.585984
106 230 15.163674
106 417 14.033962
106 524 19.975288
107 160 9.827211
109 247 16.618035
110 397 8.295640
111 485 15.846155
112 275 15.979609
114 178 15.286890
114 189 8.109818
114 537 6.617809
115 233 7.654886
115 304 2.248808
115 336 13.128327
116 122 6.263737
116 297 15.132783
116 472 14.367745
116 477 1.138604
116 509 16.581812
116 600 18.869829
116 603 6.313343
116 669 16.221720
117 360 8.153935
119 134 16.995875
119 146 7.960880
119 179 12.796136
119 212 5.085004
119 259 4.462905
119 372 10.726036
119 696 17.265628
120 165 8.189591
120 195 19.789954
120 387 3.720484
120 687 17.003101
121 324 1.917850
121 569 2.538951
122 138 1.970795
122 298 8.518085
122 318 9.721433
122 427 11.480806
122 428 1.797161
122 491 16.446329
122 656 9.075946
123 694 18.643422
124 151 19.629132
124 220 17.721015
124 254 7.365579
124 439 2.223734
124 506 3.365847
125 196 15.353835
125 384 12.755052
125 496 18.143609
125 511 7.963991
127 252 9.767006
127 433 3.806402
127 437 19.218821
128 218 18.935971
128 236 16.665617
128 456 11.670398
129 433 2.542926
130 151 1.351666
130 653 1.347542
131 154 3.157579
131 193 9.484091
131 517 8.961842
132 190 17.993461
133 186 12.981839
133 229 9.208171
133 258 3.130648
133 345 1.244140
133 406 19.636641
133 422 9.689432
133 459 9.979061
133 478 19.379393
133 547 18.113785
133 651 17.171994
133 674 2.341143
133 698 14.348503
134 137 6.767779
134 194 8.134192
134 557 7.428760
135 222 1.449243
135 288 11.781847
135 296 15.692358
135 521 9.588446
135 581 8.697369
137 161 16.617272
137 175 6.868653
137 185 15.183437
137 282 7.595705
137 469 5.398609
137 492 11.997860
137 493 19.258660
137 592 11.589534
137 644 19.480918
138 568 10.327123
138 625 7.667747
139 301 8.655863
140 163 13.194300
140 396 3.055207
141 323 2.037941
142 302 4.094219
142 570 17.321949
143 270 16.625630
145 232 10.119830
146 182 11.351027
146 370 12.613131
146 384 9.649343
146 426 4.847079
146 538 15.292921
147 202 16.547228
147 234 17.411697
147 529 1.517629
148 326 19.023510
148 564 3.214816
148 645 14.448645
149 153 19.436292
149 157 17.550327
149 171 11.106619
149 278 2.259304
149 280 10.228724
149 299 7.941895
150 201 4.024563
150 331 7.804343
150 417 3.383817
150 682 3.078503
151 355 9.423567
153 180 18.692176
153 262 2.172969
153 463 6.062393
154 330 18.424203
154 407 6.890977
155 388 13.136183
155 527 16.418776
155 541 1.906037
156 183 4.983841
156 208 14.264519
156 316 3.978373
156 349 7.707751
156 370 19.537690
156 465 2.543417
157 284 17.550740
157 407 5.003843
157 414 3.563491
157 577 18.189890
158 199 9.442358
158 203 11.087226
158 650 2.847528
159 324 6.225774
160 227 9.505803
161 436 17.140946
162 256 2.565267
162 455 4.838319
162 473 19.525355
163 500 19.109638
164 250 17.566467
164 348 10.479465
164 688 9.476976
165 265 5.008869
165 339 17.115395
166 200 10.681891
166 291 5.612264
167 185 15.324107
167 208 2.431574
167 260 16.741469
167 322 5.391265
168 246 13.970677
168 249 9.159631
168 501 9.302625
169 349 18.740903
169 375 9.824092
170 483 11.374244
171 203 8.334783
171 276 6.390147
171 515 7.587152
172 240 15.052358
172 317 13.368708
174 608 2.192225
175 435 18.137165
177 313 2.888614
177 551 5.081805
177 578 12.960618
177 580 8.531690
177 613 4.415781
178 227 11.498143
179 698 7.480320
180 273 16.798649
180 311 19.334064
182 451 1.229221
184 255 4.698184
184 274 1.398577
184 304 18.566488
185 360 16.706165
185 443 12.908579
185 446 17.745852
185 471 7.983556
185 502 15.113183
185 516 9.997304
185 522 8.929056
187 393 9.969899
188 695 11.375312
189 243 4.600435
189 353 2.459973
191 197 4.806414
191 236 17.358081
191 292 14.695658
191 373 9.735673
191 445 11.705425
192 589 8.758776
193 201 4.167151
193 667 4.623720
194 453 12.662928
194 545 7.453713
196 425 18.105801
197 205 13.378489
197 289 15.197515
197 392 18.658811
197 452 3.536586
199 272 2.305480
199 540 12.986709
200 350 17.261682
200 531 16.496782
201 329 13.689612
201 338 5.014372
201 400 11.968772
201 440 15.365216
202 216 1.202913
202 309 14.081697
202 366 7.777477
202 474 6.570662
203 231 16.401428
203 273 6.010103
203 312 1.634175
204 344 5.955930
204 352 7.931404
205 285 11.643314
206 218 4.862060
206 460 11.324136
206 605 8.842809
207 361 4.324098
208 413 16.111028
208 556 9.684491
208 587 16.020483
209 334 15.856175
209 388 18.916189
209 593 18.406272
210 352 18.199807
210 529 10.512076
211 223 12.699028
211 399 8.908805
213 320 1.822348
213 336 8.479393
214 277 15.135311
214 478 9.271557
215 566 5.051569
217 490 18.579889
217 680 2.646726
219 262 17.942459
219 425 6.401797
219 520 7.699938
219 662 1.199520
220 579 1.920222
220 618 18.413939
220 652 3.180292
221 294 6.943548
221 470 14.471156
223 416 7.201302
224 259 7.797713
224 390 7.687114
226 372 12.785772
227 300 11.624260
228 311 14.671435
229 289 18.393570
231 310 13.140039
231 464 7.525284
231 465 8.737572
233 341 11.441801
233 362 18.554286
233 598 10.114008
234 327 2.992466
234 512 10.574803
234 598 2.423605
235 320 15.971893
235 671 2.530502
236 564 14.710630
236 613 1.782002
237 386 10.216188
237 487 4.608071
238 402 17.016313
239 536 18.006131
239 649 2.819586
240 430 10.290877
240 510 12.023089
240 636 3.691836
241 445 1.731440
241 480 8.030918
242 278 13.058210
242 389 2.680339
243 332 9.197379
243 383 1.539798
243 666 12.178137
245 291 2.559139
246 411 15.267000
247 422 14.356327
247 486 8.099354
247 619 10.073461
248 520 15.782221
249 485 9.459069
249 676 7.051492
250 369 11.896239
250 387 4.613849
250 543 3.439999
251 255 11.596870
251 442 9.229962
253 528 1.306369
253 627 5.126761
254 335 10.977908
255 287 17.857454
255 313 16.993010
255 683 6.910425
256 271 4.704862
256 279 12.763245
256 288 18.853433
256 315 1.735864
258 260 5.315214
258 367 5.623742
260 510 19.022979
262 487 15.605281
262 632 15.839291
263 622 9.756549
264 339 11.546916
264 625 1.221832
265 424 10.416081
266 523 17.895243
268 492 1.109098
273 294 1.511971
275 328 6.822261
275 494 14.821469
275 695 18.911727
276 544 10.344304
278 467 5.421364
279 366 15.257842
279 400 7.006818
279 642 4.445026
280 560 1.201762
282 378 8.670906
283 586 5.787397
284 591 1.976307
285 333 19.047524
285 475 6.842813
285 633 18.833492
287 473 2.339273
288 681 9.535631
289 461 2.805425
289 497 10.691852
289 530 9.719711
291 380 8.730624
291 395 4.341363
291 561 15.080217
292 467 16.369154
293 461 18.383571
294 312 1.567373
294 546 7.300579
294 619 12.377745
298 502 17.030999
298 519 4.984877
298 581 9.826710
298 604 8.354703
299 371 14.749589
299 567 13.300165
300 522 13.692025
301 457 12.194907
301 583 5.585840
302 403 2.864565
303 607 12.785521
303 686 14.527859
305 381 3.711673
305 472 8.238314
307 543 10.380953
307 572 15.281456
310 447 13.595721
310 681 18.912609
312 314 9.012620
313 321 3.081351
313 450 10.700636
314 494 18.812987
315 359 6.683741
317 344 12.969113
317 638 19.376770
318 626 15.059308
318 697 3.659700
321 562 10.097055
321 609 17.486962
321 641 8.227326
322 679 19.777217
323 404 5.120011
325 405 1.203548
326 358 4.058059
326 455 12.112226
326 640 8.116356
328 342 10.010866
328 383 9.825252
328 575 16.535930
329 357 10.090455
329 504 12.486842
329 631 8.637502
331 511 3.714117
333 621 2.685142
335 398 4.013276
335 438 15.162772
336 365 10.560569
336 599 3.321106
337 649 16.824645
338 673 16.775129
339 549 8.567829
339 554 17.172836
341 606 7.827539
342 588 14.719426
344 628 19.876484
346 454 7.949032
346 476 2.690390
346 539 8.164274
346 559 3.031738
347 380 9.323960
347 424 19.477341
347 435 10.318072
347 560 7.772706
347 580 18.344707
347 687 1.891111
348 403 19.724967
349 493 11.004212
349 603 7.534021
351 406 17.062578
353 415 16.638785
354 358 3.303746
354 606 7.990215
354 617 14.059092
355 508 5.774334
356 405 7.551262
356 634 2.326802
357 367 18.446972
357 628 1.280684
357 676 10.099104
359 468 1.819009
359 585 7.226748
360 368 4.994261
360 466 18.667308
361 442 4.164299
363 395 11.741320
363 525 17.138106
363 568 9.280839
363 657 3.010064
367 462 11.358680
367 630 9.787261
368 439 9.373056
368 549 3.014866
368 585 5.746105
368 599 5.006338
369 567 11.511953
373 548 9.533719
374 498 6.347163
376 391 9.390126
376 415 1.443704
381 408 12.806186
381 450 9.621567
384 449 2.706238
385 488 14.460461
387 531 4.441689
388 679 18.745996
393 601 17.309130
394 670 2.094238
395 488 14.215415
396 447 15.322883
396 503 6.770042
397 474 2.946302
399 410 17.042024
399 545 10.949273
400 490 7.480208
401 420 4.616290
401 515 3.543036
405 664 16.137644
406 436 15.075996
409 596 9.824659
412 641 1.972561
415 620 12.134386
417 509 8.476885
418 421 14.448535
418 476 15.887906
418 508 4.318332
419 633 3.357086
420 552 19.787428
422 451 14.319105
427 536 1.631464
427 570 14.690819
429 518 13.712992
431 481 12.179263
431 612 11.121948
433 505 17.931140
433 518 8.980071
435 610 14.962758
438 479 2.230647
438 514 17.095530
441 678 17.194954
442 504 18.271391
453 544 1.212582
455 595 11.266928
456 558 4.552308
456 631 13.841344
456 642 4.447077
458 668 17.320233
464 538 9.281756
467 550 6.925679
467 578 12.858329
467 612 17.986385
467 669 13.221347
470 481 6.408475
470 684 11.122985
473 654 15.791609
474 636 7.909990
476 499 18.982064
478 658 3.652331
478 659 4.823667
482 639 7.679699
488 635 1.729698
495 497 14.948418
497 550 16.577668
497 588 3.195089
500 530 18.342854
501 540 8.246673
502 573 19.288433
502 696 5.771902
503 671 4.275047
504 577 14.428208
504 584 1.937779
505 533 7.654282
507 537 4.087342
509 605 18.588618
513 516 6.916178
518 562 13.517898
518 656 4.396441
520 593 10.751882
520 662 3.306862
520 691 4.196394
521 611 1.648443
525 607 10.314934
528 553 13.345055
528 659 18.593944
531 591 19.863652
531 697 14.230552
532 601 13.299969
533 575 2.293150
534 604 19.663791
535 602 5.529283
536 693 7.612404
540 590 12.720490
546 563 10.984772
546 573 5.458391
550 665 9.298718
557 572 16.048718
566 637 10.267192
582 643 9.809051
589 592 18.858365
592 685 7.591730
594 660 13.241379
595 626 9.306688
598 663 11.127550
604 615 1.881852
609 667 15.115896
610 623 1.576413
625 646 1.885738
625 674 7.016160
626 644 16.521907
640 647 14.579760
640 657 2.660645
642 655 3.604385
648 666 2.108860
653 684 1.088228
662 665 2.993245
674 693 4.156743
15.883091 10.359593 19.861184 14.905987 9.881482 19.265865 7.883255 20.505423 6.919871 17.319904 13.070846 6.802620 9.436363 21.846632 17.455363 5.302572 5.069621 21.900208 5.595607 17.826786 10.964254 15.803015 10.119113 8.504213 8.810764 8.585464 22.091744 9.564495 11.947883 22.416733 23.064467 10.513437 7.388131 22.914827 11.253971 19.150821 19.864363 6.022957 6.780019 24.954157 23.447861 23.691457 16.114434 14.843765 5.817336 6.874038 6.208599 5.964340 7.152885 8.787824 20.858285 13.383618 17.901465 20.460245 15.096888 11.026995 6.193585 18.567743 21.602780 6.797417 16.428186 12.283470 24.062636 15.041110 22.067210 11.626029 23.497889 22.716520 23.694749 11.565201 11.085793 13.637895 17.487233 19.389513 23.605340 17.883971 15.387649 17.710941 10.756268 22.671556 20.416902 22.997967 19.680762 18.427085 16.357722 18.346061 22.519990 13.773589 15.575674 10.178903 22.103141 11.465355 23.701421 6.233362 13.313095 7.610112 21.510523 7.948687 10.678712 18.549692 9.080353 16.995958 20.387406 7.777868 23.859265 22.391411 24.631762 9.138061 16.639939 9.034051 7.681471 13.587278 24.068748 18.191561 11.102056 7.743143 22.273610 19.401465 22.318935 17.640303 12.243295 7.976100 9.729697 6.940628 11.087342 8.975777 6.947413 22.928854 24.076885 11.563568 21.111572 15.437131 21.218407 20.184404 10.727214 15.586416 6.341985 12.875896 17.262493 11.530194 15.463702 10.114078 22.977274 12.248169 20.183006 5.239334 16.528253 12.857085 15.951121 5.651543 17.503798 24.428872 17.122883 14.068996 8.363783 21.424498 21.969106 16.307862 8.712414 22.887055 16.087868 14.692193 24.346182 20.093602 17.354055 6.306385 17.772173 5.490144 7.576671 5.639144 9.726858 13.962300 21.097568 9.281375 24.882885 11.845097 8.630226 24.413986 14.609625 10.477938 17.904584 17.404861 15.947329 15.097544 18.469928 14.533151 22.520091 16.723553 12.514098 9.018530 11.841786 9.256472 10.951210 13.966069 13.119439 7.900971 12.992498 11.257584 12.659268 21.600890 13.975787 22.738030 14.494700 22.599663 22.493421 5.966070 7.798084 5.462212 13.710617 11.282136 5.040418 14.693205 23.935247 14.426530 10.633554 20.456834 12.113269 11.833103 13.576499 24.464811 9.122913 8.318921 23.990908 9.157483 5.124775 16.701388 12.370513 17.079885 24.955433 7.021175 16.994255 15.447201 12.116584 6.366245 14.185845 6.593708 6.193098 11.605443 21.093555 21.706136 10.237609 24.381845 11.055825 21.047204 19.742260 17.650449 13.999668 16.279989 8.185917 6.991160 10.916734 21.981098 23.153343 12.499269 21.352274 15.539796 8.007887 10.865492 13.975912 8.749347 17.598132 24.481629 15.845257 16.340710 8.842462 22.204532 9.940948 18.748525 7.015595 22.533474 13.583237 7.376248 11.278735 22.627579 22.495057 21.327335 19.908465 10.134295 12.374279 23.148955 22.423609 12.961650 17.973687 12.195820 5.361622 23.356721 6.770080 16.340303 15.043615 7.204824 6.098573 5.975678 13.404959 13.050207 16.453615 8.645096 14.501826 19.243688 11.507658 12.292979 21.059471 8.737020 18.143237 6.907238 10.262914 21.653724 18.522399 8.703283 12.807030 24.401931 23.293940 20.208238 22.259363 5.993978 16.897919 7.273486 7.320495 13.084104 12.012323 6.952485 7.316327 19.282787 22.654414 15.248658 9.737990 15.545789 21.913879 23.899480 6.218898 12.983174 7.203568 13.546921 15.385743 21.118779 8.211896 15.175668 14.517380 21.050642 24.624893 10.514298 10.600568 11.073132 11.986854 11.902094 10.334740 11.089308 20.540284 12.447889 7.790053 7.722913 8.277362 21.297647 8.625506 19.293151 14.774688 7.022581 17.410184 14.918538 18.005120 13.778455 23.505088 23.802832 19.962120 16.908838 11.693193 20.980370 9.345499 8.932609 10.602573 9.800511 12.866935 7.239709 15.371203 21.629582 9.547720 11.976697 24.693953 16.392255 14.732296 13.268066 14.558805 23.506208 8.729265 16.759684 19.503744 19.011612 8.259207 19.615212 24.255274 14.836458 12.913874 24.736540 20.002293 20.702021 8.102196 9.128675 22.656847 11.627507 13.146329 7.876361 12.944311 12.610567 5.414670 15.679398 23.746756 12.750804 16.361948 17.810287 9.905374 5.113534 21.343228 19.791027 17.735201 23.404940 20.244567 11.190915 9.983022 16.428895 5.110021 9.661467 6.666185 19.504053 23.905375 9.566817 19.294708 10.732281 8.716177 11.800014 5.513844 20.622019 17.464526 16.209894 21.752810 11.853676 20.857028 19.856588 15.701123 14.907277 16.173300 18.200814 6.059889 9.647016 22.176717 19.218499 23.588574 24.031060 6.382428 7.229935 15.403493 16.367113 11.559059 19.289118 17.002228 8.629150 8.635861 20.691076 23.834183 19.521619 10.890222 5.152576 16.545468 16.334356 19.240298 15.256009 24.592437 8.323902 18.160009 8.106407 5.193627 23.966822 9.886023 6.632838 22.229699 8.679695 18.161217 17.265003 11.877388 6.558335 24.871529 5.024883 19.362353 13.242362 18.103290 15.918120 20.594960 5.114782 12.281750 5.949384 11.016801 23.289864 23.338469 14.673380 14.277689 24.702968 12.449707 12.396941 21.058267 15.580088 7.186795 13.122862 6.719085 15.057519 5.435167 13.358963 7.333330 5.038828 19.138309 8.743763 8.397815 6.477871 20.200463 15.849853 20.172149 9.113292 6.160809 18.041567 18.051851 13.415166 5.889738 21.622063 18.390766 17.410296 12.218752 17.461595 16.310506 21.092145 12.571823 18.858546 5.307152 20.933104 9.420241 20.438654 15.358298 23.626740 21.784069 24.996296 15.134237 18.806736 10.651291 16.165306 10.825493 20.895995 21.493572 14.463856 5.935443 7.777312 24.523249 24.167115 22.424352 21.777697 24.781246 15.548442 20.003762 9.036781 15.289383 6.739370 7.717376 8.128081 8.583349 24.918176 7.312268 19.951512 13.667022 21.637478 15.630705 17.005020 20.178467 16.188539 21.281743 24.965617 19.959761 23.343771 12.174720 18.771309 19.716431 5.158076 20.902265 7.836226 18.520915 20.368866 20.085249 19.350770 12.332595 22.165628 10.821482 7.040745 23.217783 14.880196 11.799345 5.713464 6.480737 12.361945 8.882739 20.600273 16.107602 7.011381 15.983652 10.066911 12.260346 19.843897 9.600093 8.989246 13.991894 13.921460 24.691330 9.514532 7.620981 14.554661 9.189367 20.218376 11.850727 21.906648 6.804402 10.614577 16.115966 22.648013 23.205806 20.521246 17.694118 22.939025 15.512211 6.031078 18.137848 16.588431 12.475920 17.362986 5.968462 11.719252 9.714265 20.362959 5.344234 14.627135 14.333548 9.110320 22.013949 5.396485 12.973301 17.188385 6.878530 11.404428 18.095853 15.919780 13.345749 24.928774 5.813166 11.989078 22.155737 11.916783 22.164259 22.620975 18.879898 23.121835 16.712461 14.753329 13.661388 20.435497 19.706949 16.868509 22.357051 9.371726 20.097207 9.793495 17.325532 8.767832 21.213793 6.592344 15.389116 24.822136 22.965418 8.357091 10.537293 14.899262 6.421748 17.762286 12.502724 19.739671 24.815952 15.464504 10.977048 15.310030 20.973428 23.626248 16.838514 23.513069 22.671955 5.794595 7.041108 15.870550 5.831295 17.588776 10.005540 21.812062 24.321057 10.486935 12.002205 6.006178 21.369976 9.032433 7.963768 21.329511
46
192
0 10 5.731189
0 13 8.006004
0 15 6.615983
0 17 7.314968
0 19 4.926095
0 26 4.841417
0 27 7.772973
0 30 5.848656
0 33 5.592900
1 3 3.258377
1 8 9.777275
1 12 1.311151
1 16 9.615421
1 18 2.563287
1 20 1.955619
1 29 1.526871
1 36 6.350969
1 39 1.956102
1 40 6.618376
1 42 2.957299
2 3 3.180174
2 8 8.251839
2 16 3.752973
2 19 2.752202
2 24 9.258518
2 26 5.443826
2 29 6.125267
2 32 8.534043
2 42 2.326018
2 45 6.399887
3 6 3.834331
3 7 3.816518
3 20 8.654408
3 23 4.770524
3 31 6.750548
3 38 9.108676
3 42 1.395815
4 7 6.108870
4 9 2.642569
4 23 6.674781
4 28 1.460101
5 6 6.688469
5 13 3.625102
5 18 5.876769
5 19 5.802678
5 24 3.876267
5 30 9.134027
5 40 6.722010
5 44 8.419648
6 7 6.985741
6 8 3.291409
6 10 1.116799
6 15 8.679103
6 16 1.022733
6 30 5.456352
6 33 7.836527
7 15 7.273480
7 17 9.687270
7 18 5.274610
7 19 7.516767
7 34 5.661364
7 40 9.368004
8 28 4.048969
8 30 8.221166
8 36 3.915635
8 41 9.745492
9 21 1.870380
9 38 8.082747
9 40 4.710912
10 14 6.398659
10 16 1.986771
10 19 1.425212
10 22 7.516684
10 32 2.655224
10 41 6.789156
10 45 6.017008
11 18 3.481066
11 21 2.442593
11 22 6.556973
11 28 7.314362
11 37 5.010566
12 13 7.562414
12 15 7.057836
12 27 8.169137
12 34 6.085238
12 37 9.685481
13 17 1.203082
13 24 9.889032
13 25 1.974614
13 28 3.907633
13 32 6.316827
13 39 4.300681
13 40 2.855330
13 43 5.850844
14 22 5.608589
14 29 9.982315
14 30 3.188745
14 40 5.882491
14 43 7.827918
14 45 8.635291
15 16 7.785858
15 20 5.490105
15 22 4.495252
15 25 4.542797
15 38 5.199398
15 43 9.495403
15 44 9.796993
16 21 5.202179
16 26 6.250618
16 27 3.745290
16 29 1.094161
16 36 4.116586
16 41 8.858289
17 20 1.776994
17 37 6.222993
17 40 1.867514
17 43 5.664351
18 20 6.125874
18 23 9.165315
18 28 7.230364
18 32 8.754464
18 34 7.080683
18 42 3.734125
19 20 6.122817
19 22 1.994989
19 24 6.562335
19 28 9.126698
19 29 8.895135
19 42 1.335202
19 43 1.024654
20 24 9.723404
20 31 7.392252
20 40 1.105266
20 41 1.571966
20 43 6.375812
20 44 3.299100
21 25 4.321461
21 31 5.385472
21 35 8.460655
21 41 4.286123
22 34 9.779867
22 39 9.543263
22 41 5.441709
23 33 9.224034
23 38 1.166295
23 40 4.839605
23 45 9.995719
24 25 6.950917
24 30 1.001131
24 31 3.590368
24 36 4.646271
24 39 3.622619
24 40 6.708622
24 43 7.705056
25 29 2.223483
25 36 7.453118
25 38 9.870760
25 43 8.307930
26 29 1.721842
26 33 9.913316
26 43 8.715895
27 43 8.691133
27 44 5.405680
28 39 4.678355
28 40 9.413287
29 32 5.591387
29 35 3.094771
29 41 4.709487
29 44 9.399591
30 32 7.458745
30 37 2.258264
30 42 8.811895
31 33 3.534009
31 37 5.715965
31 39 3.907386
31 42 3.295379
32 36 8.110690
33 45 3.129691
34 37 8.060028
34 38 8.154201
34 45 3.860868
35 37 3.197659
35 45 9.899251
36 40 5.985496
36 41 8.626046
36 42 9.123698
36 45 3.271325
38 40 8.202287
40 45 9.378441
42 43 2.374806
42 44 5.090701
44 45 8.354772
265.114441 397.826517 409.733012 391.221300 394.721152 436.689183 495.190894 315.658918 308.050801 396.259616 283.467184 237.337724 449.527548 226.433923 390.927902 468.437163 328.157112 436.994140 426.074224 493.059856 234.947841 367.178220 366.176710 224.732007 220.487071 463.393642 490.362021 302.410409 304.275657 427.711974 428.566579 277.514737 265.607524 264.021442 354.785039 460.507601 503.253428 427.911532 374.387124 490.838198 264.902572 249.971565 449.909846 281.856801 386.360936 425.599224
