700
1397
0 1 9.455305
0 2 2.199226
0 5 19.406294
0 6 6.902430
0 10 4.597906
0 15 6.434899
0 27 19.323091
0 35 2.791435
0 43 17.478758
0 68 14.449034
0 75 16.770364
0 102 19.542053
0 119 17.000938
0 197 18.924265
0 211 3.411770
0 267 16.119983
0 297 11.367838
0 323 11.326416
0 370 18.079510
0 371 19.464273
0 382 14.391928
0 387 10.175829
0 405 9.671673
0 498 8.340488
0 550 7.870382
0 578 8.438630
0 610 2.705311
0 656 2.471286
0 661 15.817527
1 2 9.475385
1 3 18.683005
1 9 12.632199
1 16 1.668344
1 19 3.992943
1 38 4.910576
1 63 19.538984
1 82 5.155380
1 88 10.799358
1 113 18.787362
1 134 19.566662
1 259 5.490848
1 341 1.933235
1 398 3.918435
1 405 2.203241
1 412 4.707361
1 420 11.802825
2 3 18.336527
2 4 11.207159
2 7 12.893802
2 14 4.835478
2 19 16.211089
2 20 12.737989
2 26 17.418600
2 30 19.028019
2 31 7.610115
2 43 2.721002
2 49 5.292650
2 50 9.318990
2 55 18.968179
2 62 8.187887
2 65 15.644691
2 70 11.269057
2 129 4.473367
2 135 7.093948
2 136 13.410646
2 140 13.784214
2 143 9.260435
2 145 5.344266
2 207 14.716229
2 210 4.208588
2 211 18.796724
2 217 4.570168
2 225 3.038935
2 242 10.455306
2 277 10.871442
2 294 10.655665
2 309 9.296682
2 316 19.901483
2 324 10.239332
2 361 10.080985
2 383 9.013555
2 397 2.269689
2 435 12.266176
2 485 5.331388
2 522 13.114571
2 534 1.965836
2 602 19.646355
2 658 9.911097
2 677 18.038352
3 4 10.035662
3 9 2.146286
3 12 16.622057
3 26 13.315491
3 42 15.853384
3 45 9.135227
3 46 13.120798
3 64 17.268351
3 77 12.990243
3 80 7.605799
3 94 13.588062
3 214 13.765230
3 224 19.251152
3 256 8.047334
3 317 9.076554
3 321 16.430336
3 362 10.609484
3 379 14.994889
3 381 9.734480
3 451 5.094408
3 509 15.158873
3 580 3.491948
4 5 4.773090
4 6 12.909675
4 8 15.198126
4 10 17.999070
4 18 6.179143
4 23 3.103761
4 25 19.164887
4 36 3.934039
4 37 4.755673
4 56 6.535260
4 58 11.058436
4 66 17.773686
4 76 15.450374
4 96 14.454994
4 102 4.328431
4 103 7.795970
4 104 10.089694
4 108 3.801093
4 109 6.195164
4 115 6.858331
4 119 3.418248
4 128 11.454554
4 134 14.395536
4 144 2.328701
4 146 10.141339
4 168 15.862013
4 169 15.211812
4 174 16.486389
4 181 9.516572
4 206 16.590585
4 227 5.574308
4 255 7.855401
4 273 4.350756
4 283 9.882206
4 340 8.449140
4 363 5.577615
4 365 15.283833
4 367 6.963089
4 410 6.183282
4 493 3.486916
4 569 9.337612
4 578 6.756328
4 602 8.016184
4 630 5.483948
4 657 15.499954
4 681 18.670064
4 690 10.460705
4 692 13.216970
4 694 17.476273
5 11 19.977763
5 15 12.656813
5 34 17.905810
5 38 18.263557
5 87 16.037578
5 97 9.757696
5 131 2.541926
5 150 1.300306
5 180 10.066812
5 181 10.391976
5 201 8.739885
5 204 11.795180
5 280 11.491091
5 313 16.895648
5 331 3.064485
5 396 5.278376
5 458 16.067095
5 500 17.108900
5 614 19.901660
5 621 17.585328
5 654 17.908081
6 7 6.972611
6 8 8.631571
6 20 6.093617
6 21 12.519689
6 24 18.837302
6 39 7.548177
6 52 11.583034
6 54 6.629693
6 98 4.226200
6 130 4.708525
6 133 2.100962
6 154 19.036577
6 167 8.654713
6 170 16.848297
6 194 13.945260
6 195 4.646502
6 218 4.333783
6 236 16.427776
6 291 6.029523
6 557 18.352418
6 577 3.661053
6 609 13.876464
6 696 16.475004
7 12 5.469871
7 18 6.247940
7 48 19.325859
7 81 6.027355
7 99 9.169184
7 106 9.217796
7 132 5.807660
7 135 15.740031
7 187 15.665138
7 254 8.188042
7 262 16.867390
7 317 5.048424
7 358 1.081810
7 422 11.852180
8 11 19.887478
8 29 1.734242
8 57 4.951963
8 140 10.859378
8 208 16.388874
8 236 2.691798
8 303 8.509458
8 362 15.194440
9 14 8.059321
9 16 4.587892
9 36 4.714421
9 73 8.790927
9 103 10.108924
9 175 17.374474
9 187 13.202796
9 220 14.117637
9 230 19.676756
9 234 8.825025
9 309 8.663734
9 366 18.543592
9 370 5.671636
9 384 14.866490
9 432 15.336890
9 434 2.857972
9 446 9.896397
9 460 4.810687
9 469 4.522130
9 520 9.812734
9 591 6.499164
10 13 16.125149
10 17 18.244493
10 21 16.251692
10 32 6.054587
10 35 6.208553
10 41 5.839839
10 47 3.565724
10 49 18.932169
10 64 8.638908
10 78 5.269100
10 86 17.086750
10 95 8.584711
10 96 1.667219
10 121 4.076890
10 261 13.145756
10 272 15.875200
10 453 5.007753
10 566 18.430516
10 584 17.168945
10 687 17.119234
11 85 5.325562
11 165 1.960184
11 226 17.481047
11 275 6.810204
11 335 12.759411
11 339 15.439371
11 402 3.437572
11 576 15.835929
12 13 18.831718
12 22 14.839124
12 30 9.383232
12 44 17.656885
12 47 11.021695
12 67 15.150648
12 73 16.589613
12 84 15.237704
12 126 6.469243
12 127 3.239034
12 141 5.528432
12 156 10.554624
12 227 10.600262
12 257 12.070243
12 268 8.506935
12 269 15.950936
12 381 18.349921
12 407 5.687776
12 468 14.993941
12 486 13.881465
12 617 10.938719
12 625 4.582074
12 648 16.109413
13 25 19.251899
13 32 14.714890
13 34 18.439340
13 92 19.699520
13 112 7.688963
13 141 13.126248
13 209 10.004722
13 221 19.745946
13 443 2.782349
13 481 8.835123
13 560 17.635242
13 638 6.396975
13 670 15.968064
13 685 8.272880
14 28 19.619592
14 45 17.787067
14 54 6.725087
14 56 15.633669
14 60 7.400274
14 62 12.520894
14 100 13.511135
14 110 16.762313
14 217 1.464566
14 276 5.183000
14 293 14.526438
14 351 11.706942
14 380 10.416496
14 402 2.048989
14 458 7.617242
14 481 17.436904
14 501 1.586964
14 519 8.532288
14 553 18.957817
14 625 1.966734
15 40 15.244409
15 83 5.894640
15 133 17.465568
15 154 15.175292
15 424 17.828398
15 525 5.102571
15 590 11.094562
15 626 15.806129
16 17 5.668295
16 22 5.384180
16 23 1.516461
16 24 19.211791
16 28 14.490321
16 31 13.075647
16 33 15.135900
16 173 11.100645
16 388 10.046543
17 27 9.541113
17 74 13.168345
17 93 4.829165
17 131 17.873115
17 240 16.423295
17 294 7.641709
17 526 11.993577
17 627 3.679519
17 674 19.474579
18 29 18.154961
18 39 18.516053
18 63 7.311098
18 138 4.213559
18 207 5.023671
18 213 2.710026
18 243 3.282102
18 267 2.354786
18 331 19.806638
18 398 2.407096
18 696 3.518300
19 41 16.717837
19 69 12.024564
19 72 15.713927
19 159 12.987328
19 164 17.761326
19 185 13.130883
19 403 10.920377
19 444 14.542244
19 463 9.500462
19 492 7.575213
19 501 9.885397
19 552 4.224568
19 558 16.134863
19 594 5.953372
19 637 3.917099
20 33 5.680693
20 48 16.999333
20 71 7.273825
20 88 14.034948
20 357 17.271783
20 462 2.477149
20 476 15.535464
20 619 6.845644
21 57 5.115825
21 575 14.089128
22 110 18.286136
22 483 6.605365
23 157 11.807842
23 340 6.506848
23 383 11.531426
23 425 12.815379
23 582 12.596372
24 46 12.847381
24 61 3.566516
24 74 14.177269
24 124 13.820257
24 161 13.969174
24 222 2.407341
24 277 9.489938
24 555 8.771668
25 44 2.647518
25 203 5.224991
25 576 9.378290
25 683 15.115220
26 40 5.504179
26 65 16.765248
26 67 11.370167
26 143 15.448012
26 186 9.978564
26 198 10.484690
26 280 12.774668
26 368 18.631442
26 449 10.344439
26 471 11.044493
27 51 12.437942
27 60 15.012788
27 68 2.365156
27 72 10.798061
27 77 10.150240
27 86 18.512015
27 123 10.376625
27 137 9.898090
27 156 19.281800
27 157 9.560953
27 200 4.436804
27 237 5.121406
27 321 2.808563
27 425 1.010794
27 507 9.206968
27 549 15.615609
28 37 14.935862
28 115 1.610833
28 184 11.829675
28 326 3.931379
28 442 18.880449
28 489 4.179935
28 581 12.906145
29 42 7.198529
29 53 13.189665
29 61 8.832913
29 82 15.433218
29 91 5.382903
29 101 18.210045
29 124 10.503983
29 153 15.365770
29 158 17.144874
29 231 19.977744
29 256 5.254968
29 346 6.450956
29 395 5.758229
29 434 5.994555
29 448 12.066450
29 561 19.876928
29 664 19.815284
29 697 11.008691
30 142 13.141517
30 237 17.339440
30 427 18.725736
30 591 4.873352
30 592 11.042293
30 612 16.823904
30 648 6.760839
31 377 9.356372
31 633 19.726801
31 679 19.715887
32 105 18.216029
32 111 16.170519
32 118 6.113480
32 350 7.096151
32 467 11.398374
33 59 11.654770
33 126 10.604554
33 186 13.096735
33 241 8.758137
33 619 15.234309
34 53 7.337449
34 155 7.282863
34 246 3.417293
34 278 4.585532
34 297 17.159897
34 413 9.479364
34 484 5.329488
34 523 15.427481
35 363 11.525641
35 376 1.401964
35 385 7.010868
35 554 4.363027
36 253 13.461584
36 496 6.225590
36 528 2.233989
37 59 2.043765
37 258 12.052819
37 264 1.412746
37 597 17.127050
38 79 3.952545
38 189 12.524760
38 192 9.449073
39 78 9.414179
39 307 2.364146
39 330 16.252293
40 390 17.967997
42 98 1.209317
42 375 4.393479
42 616 18.174180
42 638 11.440379
42 668 3.850752
43 51 4.853019
43 106 13.539739
43 114 14.771520
43 121 12.389109
43 152 19.109819
43 182 10.387208
43 257 6.705166
43 296 10.067425
43 414 7.833660
43 446 5.263902
43 684 1.873302
44 138 7.692037
45 58 14.516778
45 345 1.350318
45 589 9.344392
46 50 13.236179
46 55 12.597678
46 70 15.756320
46 79 16.399875
46 155 14.522411
46 160 2.953156
46 328 10.025426
46 334 12.464713
46 352 5.665755
46 472 1.808485
46 548 5.248216
46 618 9.642994
46 623 8.864676
47 93 4.356673
47 249 16.663895
47 454 18.588047
47 476 4.825618
48 188 18.661885
48 285 1.339358
48 462 18.574287
48 475 19.086647
48 610 1.228985
49 52 15.497367
49 116 19.433830
49 144 18.212142
49 409 19.443493
49 450 11.456147
49 589 2.484967
49 615 17.145995
49 617 12.662737
50 151 12.679998
50 177 8.927819
50 262 11.864998
50 289 3.918016
50 293 15.055631
50 349 2.425329
50 485 14.865835
50 598 17.130590
50 650 9.976905
51 80 10.686777
52 260 6.932071
53 199 19.419713
53 368 14.929365
53 524 8.010783
54 75 4.321340
54 470 5.172012
54 545 9.814523
55 104 18.908800
55 114 14.948781
55 122 5.089631
55 123 17.331662
55 129 8.185810
55 151 17.182721
55 197 5.592292
55 235 12.754552
55 284 18.606739
55 308 5.899986
55 411 14.165605
55 448 19.758940
55 540 3.861367
55 683 2.679644
56 90 13.809709
56 142 7.454983
56 161 2.353645
56 179 10.030807
56 199 15.321643
56 239 6.417326
56 240 7.365891
56 266 17.068289
56 346 10.881366
56 350 17.011907
56 365 9.481400
56 531 19.106528
57 66 13.365097
57 111 3.202078
57 136 17.816767
57 163 10.296039
57 191 3.691140
57 242 3.901113
57 332 14.063145
58 105 1.900078
58 273 6.445282
58 327 3.655964
58 375 9.380471
58 546 8.872722
59 84 10.915652
59 94 6.313090
59 238 1.608828
59 342 12.673336
59 393 8.100642
59 396 13.375365
59 400 3.064672
59 454 1.261770
60 499 5.717591
61 83 9.674399
61 92 8.487368
61 107 16.395749
61 177 8.178915
61 373 11.078382
61 378 12.276796
61 465 1.414796
61 526 10.787534
61 586 7.551794
62 125 9.004322
62 248 2.905461
63 76 15.873591
63 228 18.905681
63 316 1.423108
63 459 12.426082
64 69 15.513037
64 71 6.411344
64 291 15.963556
64 559 13.014746
64 604 18.654090
65 108 19.639091
65 527 1.804576
66 100 9.453817
66 339 11.392768
66 438 3.788121
69 81 7.389431
69 176 19.765302
69 622 1.308379
70 651 9.597651
71 176 17.010438
71 235 7.154124
71 274 10.116172
71 397 19.582869
72 97 10.022660
72 149 3.487505
72 190 1.982708
72 218 18.962915
72 243 6.050379
72 512 10.577214
72 546 2.723334
72 607 9.049447
73 89 18.672005
73 137 10.545847
73 153 19.451568
73 171 5.917877
73 174 10.586360
73 272 17.331085
74 90 9.516795
74 107 6.310260
74 167 17.254032
74 312 8.407900
74 325 11.083743
74 329 19.554014
74 337 4.543183
74 392 6.726612
74 487 1.590322
76 91 8.444916
76 445 4.803485
76 503 13.920664
77 164 4.445108
77 179 13.821442
77 664 6.006033
78 85 7.749139
78 87 7.628352
78 127 14.618283
78 175 9.863676
78 234 7.864679
78 334 17.199832
78 366 11.867062
78 599 5.062786
79 99 18.101734
79 118 7.510356
79 162 1.740608
79 275 10.397404
79 295 3.354823
79 304 5.530862
79 474 15.195107
80 254 3.484284
80 369 16.331940
81 117 18.801238
81 196 12.524110
81 532 14.496825
82 120 14.558146
82 251 19.863351
83 343 7.489227
83 522 4.094274
83 537 10.864177
84 158 11.131746
84 249 4.380337
84 493 12.649079
84 494 1.268370
85 95 18.625700
86 278 6.026911
86 676 1.751644
87 89 3.056739
87 252 5.564730
87 279 6.204217
87 286 1.623390
87 429 6.307741
87 507 4.665893
87 567 8.193798
88 120 8.318187
88 436 7.441147
89 369 7.230554
90 300 2.704894
90 311 1.478894
90 442 4.840172
90 518 15.376339
90 539 19.825386
90 572 18.641997
91 128 10.580168
91 166 11.104653
91 182 6.977050
91 416 15.704849
91 465 15.530377
91 608 17.041175
92 550 18.014587
93 423 9.252636
94 195 15.570636
94 212 16.321576
94 230 6.860733
94 247 18.655603
94 268 2.792489
94 287 19.891114
94 290 15.631724
94 341 2.772147
94 354 13.468363
94 360 1.649409
94 373 15.633552
94 395 16.185236
94 620 12.445795
95 130 17.280347
95 183 2.859782
95 438 6.242553
95 676 8.869373
96 101 1.806701
96 109 9.516106
96 122 6.039056
96 232 8.461965
96 244 9.076950
96 421 17.708823
96 443 6.136478
96 637 17.981119
96 693 9.093448
97 310 7.228347
97 513 10.547729
97 631 8.937122
98 125 5.890074
98 244 10.550907
98 646 3.884233
99 113 7.686669
99 149 11.750014
99 150 8.854757
99 165 16.654335
99 168 5.877713
99 419 19.425660
100 223 15.909718
100 364 19.384267
100 440 16.924595
101 205 3.699975
101 241 11.002742
102 148 4.229592
102 224 16.546320
102 284 12.099081
102 290 6.005537
102 570 18.662380
102 643 3.188535
103 112 11.713386
103 219 14.699771
103 270 2.118122
103 466 12.359265
104 117 16.502123
105 139 2.283019
105 196 10.732616
105 205 5.912586
105 210 13.595565
105 354 3.254870
105 379 18.803977
105 391 17.999843
105 488 4.533514
105 502 7.142052
105 662 12.165065
106 145 14.643184
106 238 9.410464
107 338 3.969535
108 471 2.978878
109 116 19.995541
109 147 9.651690
109 229 17.578103
109 323 10.165144
110 139 18.524795
111 193 2.667428
111 376 3.166365
111 647 18.663012
112 163 19.002368
112 189 6.979632
112 261 7.748133
112 588 9.596554
112 622 8.907072
113 178 4.610859
113 239 18.069132
113 514 5.812844
114 132 14.400176
114 172 2.275958
114 233 1.736275
114 248 13.420879
114 279 7.441301
114 305 13.453728
114 372 2.786403
114 621 19.047176
115 533 15.221775
116 534 17.649077
116 553 3.592941
116 640 7.083058
116 684 7.998539
117 152 11.206280
117 171 6.640501
117 172 2.151984
117 185 8.008689
117 288 5.836437
117 518 8.332505
118 183 4.742231
118 245 5.976031
118 314 12.912094
119 216 8.374923
119 360 7.562284
119 480 11.144207
120 246 15.665350
120 347 8.198491
120 372 12.162870
120 427 19.357850
121 517 10.917622
122 178 18.286154
122 364 16.079780
123 147 2.115655
123 162 9.152879
124 344 14.268050
124 441 19.747526
124 472 9.709150
124 547 2.762924
124 585 11.678174
124 606 3.404712
125 191 15.278872
125 296 10.645863
125 497 14.745196
125 595 17.517875
126 222 12.950012
126 266 12.636347
126 450 15.336836
126 635 17.006645
127 146 17.512022
128 166 1.692174
128 226 11.567616
128 232 5.109117
128 593 17.346572
128 647 13.319556
128 663 8.984227
128 673 4.573980
129 404 7.441449
130 669 14.371776
131 281 4.882831
133 201 2.778076
133 221 17.872546
133 451 15.519997
133 519 4.796104
133 555 6.553919
134 299 19.469333
134 572 14.455505
134 680 12.599918
135 219 6.844941
135 245 6.683378
135 292 1.750949
135 335 14.841155
135 352 1.820329
135 509 1.092289
135 562 14.860407
135 643 19.028601
135 649 15.373558
136 282 9.961164
136 488 10.234860
136 500 9.286592
136 568 7.168230
136 630 10.912570
136 636 9.191868
136 655 12.365190
137 208 18.064282
138 160 19.905179
138 298 2.496123
138 329 8.308986
138 358 4.433418
138 419 7.690289
138 491 6.461987
138 504 4.316206
138 536 15.517445
141 215 10.429486
141 453 18.465666
141 604 1.619256
142 265 2.272582
142 421 8.662198
143 148 2.525269
143 429 5.991862
143 482 19.734565
143 640 4.970233
144 198 4.764237
144 282 11.899173
144 337 10.461968
144 408 12.028328
144 506 8.157970
145 159 16.708485
145 579 3.633030
146 348 9.139460
146 479 14.105475
146 618 17.496492
147 212 8.021861
147 322 11.787166
147 544 2.313659
148 194 4.236063
148 265 2.313625
148 699 14.829737
149 214 6.473139
149 250 14.751161
149 385 2.261567
150 305 17.388408
150 686 16.875074
151 169 2.689646
151 203 1.451374
152 449 2.069487
154 184 17.218973
154 229 5.459366
155 415 11.417193
157 173 9.098640
157 258 16.114985
157 568 10.289068
157 595 10.512556
157 641 19.792747
157 674 3.852462
158 170 16.783375
159 180 1.983245
160 386 10.075327
160 478 17.840362
161 216 13.639065
162 342 14.019078
162 544 6.003028
162 673 8.952921
163 202 7.965040
163 213 10.907421
163 417 9.782331
165 247 7.211069
165 298 6.804132
165 538 5.766205
165 588 7.935898
166 318 3.848888
166 406 17.569982
166 475 12.440268
167 461 3.541942
167 479 14.183327
168 188 17.105663
168 220 5.513178
168 516 3.861411
168 689 1.163728
169 190 1.897756
169 326 15.482776
169 391 19.756540
169 394 1.852726
169 401 15.213348
169 431 2.365381
169 644 12.250524
169 690 15.365430
170 480 7.824884
170 489 1.207760
171 264 12.308598
171 274 19.833648
171 324 5.894731
171 459 4.600334
172 206 3.354592
172 410 11.549857
173 200 12.332457
173 252 16.053146
173 301 15.308392
173 349 17.958288
173 384 16.309681
173 388 5.698075
173 413 11.561671
173 613 6.650827
174 574 7.265922
176 645 18.706943
177 193 13.956022
177 439 19.517218
177 511 8.921338
177 563 11.211314
177 613 10.255193
178 359 3.038454
179 209 5.497338
179 283 11.025091
180 304 2.280112
180 484 18.697777
180 603 3.353030
182 318 4.761634
182 415 15.541103
183 225 2.841756
183 286 18.105284
183 307 14.788318
183 660 2.303796
184 409 14.145094
185 355 13.000942
187 192 15.389639
187 253 16.735759
187 336 14.648661
187 565 12.137350
187 587 7.126803
187 678 14.248200
187 682 19.182460
188 259 12.162914
188 440 13.622553
188 464 9.305433
189 215 15.366295
189 300 19.955680
189 529 4.047397
190 255 4.845700
190 308 11.249317
191 332 10.146133
191 439 11.859826
194 320 1.932407
194 538 8.681253
194 634 12.076587
196 515 12.118636
198 634 13.489345
198 671 14.684105
199 269 13.189397
200 260 16.014620
200 302 12.870452
200 377 11.212646
201 202 12.517732
201 271 2.922674
202 367 6.189974
203 204 11.020596
203 310 17.586757
203 577 13.901980
204 250 2.717753
204 660 12.253224
206 461 5.213022
206 607 14.946315
206 665 16.721376
207 411 12.275669
208 319 12.235890
209 583 7.433237
210 231 9.478750
210 233 17.418059
210 281 14.743086
210 562 10.875320
212 348 7.996415
212 487 1.957215
213 313 3.717141
214 285 4.667479
214 344 8.094287
214 380 18.938729
214 505 10.597915
215 223 5.461963
215 629 3.009253
216 416 7.427805
217 314 16.498882
218 251 8.283513
218 287 15.677610
218 403 16.251395
219 289 3.105595
220 228 12.564535
220 320 19.222825
220 452 8.640623
222 423 1.967938
222 600 18.542751
223 399 17.789659
223 495 10.920687
225 547 11.492809
227 315 5.023081
229 678 16.569564
233 682 10.473401
234 276 1.643678
234 333 13.977284
234 399 19.059429
234 502 16.753859
234 530 6.266765
234 600 2.013177
234 606 18.866677
235 353 18.804192
236 535 11.115891
236 608 13.204031
237 444 9.789401
237 498 8.975542
237 666 3.269520
239 303 2.838305
240 353 5.421911
241 357 16.896174
241 400 3.770814
243 646 5.307274
244 263 11.423667
244 417 5.087493
244 531 4.100927
244 691 11.703009
245 288 7.993772
248 374 12.897026
248 698 18.331901
250 322 3.868869
251 650 18.355240
252 292 18.147309
252 319 16.752664
252 327 12.994432
252 328 12.782786
252 389 13.145041
252 517 14.119415
252 539 1.313162
252 556 19.203759
252 644 12.126471
253 356 15.847851
253 437 8.168355
253 505 1.235547
253 615 10.684959
253 632 10.636612
253 658 9.302796
254 301 7.454624
254 428 5.746696
254 430 11.023353
256 512 8.130285
256 663 19.428706
258 521 4.285619
259 671 7.073646
260 295 6.585249
261 263 11.322874
261 430 10.486325
261 603 13.231069
261 636 19.050034
263 418 6.419201
263 521 14.162660
264 545 1.475764
264 656 5.985381
265 270 9.810675
265 639 1.588901
266 271 12.735720
266 435 13.887902
266 508 15.187903
266 520 10.814916
268 473 12.474949
268 525 8.525240
270 330 1.783808
271 325 2.899085
271 394 13.444923
271 699 19.915551
274 527 1.300262
274 623 11.594086
277 315 15.269166
277 653 16.708722
279 393 11.358893
279 447 12.778404
279 464 14.237774
279 564 17.320359
281 351 3.323501
281 374 18.597462
281 668 1.494331
283 302 16.887795
283 626 2.458068
284 560 4.697936
285 533 1.073989
287 420 9.459877
287 431 7.352825
287 580 4.153865
288 345 9.570713
289 299 8.645047
290 306 15.585560
290 371 17.969476
290 455 13.398778
292 338 3.363797
293 386 6.612425
293 529 18.353048
293 672 2.685955
294 594 8.730261
295 466 18.907588
295 569 19.062632
296 347 8.812860
296 387 13.680541
296 504 9.678166
296 611 15.315750
297 433 1.600045
297 598 3.738986
298 306 12.669777
298 491 5.418493
298 515 13.654994
298 641 7.673236
299 389 17.846266
300 312 16.565928
300 356 10.363918
300 563 15.685007
303 311 6.151620
303 467 10.390936
304 412 4.752159
304 681 17.356837
307 495 16.638285
311 514 18.140844
315 478 17.672063
316 510 19.232329
320 343 5.338388
320 609 18.704662
323 645 11.853051
324 689 9.027407
327 616 11.647104
330 401 7.509445
330 408 6.482507
331 414 5.584972
331 426 2.566132
332 333 10.434733
332 382 17.867472
333 359 12.972887
333 542 10.898537
334 336 9.143265
334 378 9.823631
335 566 4.976270
335 653 16.635782
337 361 4.769276
337 390 14.615832
337 494 15.439715
337 688 11.922512
338 407 17.395601
338 496 6.529957
339 433 17.750727
343 601 14.858799
344 428 16.176247
344 523 13.627014
346 422 17.080517
346 543 19.868878
346 657 8.983094
348 460 16.464398
348 543 15.147015
348 680 9.604533
351 355 18.612031
351 490 8.494093
355 463 11.743852
355 573 3.012905
355 585 5.289729
356 470 16.973227
358 437 8.534502
361 447 8.487598
361 552 5.673639
361 599 10.340596
362 473 16.310522
365 426 18.008118
365 432 2.332174
365 455 11.921594
365 587 9.878194
366 586 12.671355
366 679 9.498238
368 590 8.574252
380 474 9.965734
380 551 12.057983
380 558 10.518681
380 649 9.970745
381 579 16.538871
382 392 15.167312
384 456 7.486191
384 605 16.210965
385 508 17.219363
385 570 3.916352
389 693 12.070967
392 469 6.420928
392 477 15.044274
392 548 5.536921
394 628 13.756667
395 441 5.847368
397 424 10.711732
398 404 19.024283
399 573 8.244843
401 406 17.639031
404 659 19.751947
406 418 17.622166
409 524 4.151455
409 541 16.573506
409 651 1.610839
411 445 8.472736
413 551 17.543934
413 571 14.086292
414 537 11.122068
415 561 8.369416
420 436 16.433642
421 452 14.481610
421 457 9.899701
421 486 17.957202
421 581 5.369012
421 584 4.237439
422 510 13.213272
422 571 19.467893
422 583 5.697875
423 468 5.743737
428 592 3.650478
429 492 17.350708
429 535 5.301553
429 549 10.560392
430 477 19.826577
435 497 1.230677
435 665 11.573236
439 503 10.733492
439 516 16.341500
439 601 7.750349
440 605 8.796486
441 632 4.190822
443 457 15.075489
443 661 15.909469
444 456 3.596603
444 482 8.475684
445 483 17.965195
450 528 1.051438
450 628 6.676422
453 582 11.545803
456 559 7.347783
460 675 6.168859
464 506 9.740712
464 540 4.448939
464 575 11.062880
469 513 14.427223
473 670 11.930604
474 541 2.769077
474 652 17.043764
476 574 4.324579
476 596 15.531428
476 597 7.850737
480 490 15.872466
480 536 4.919185
480 627 4.546580
480 686 10.443491
481 620 1.625784
489 530 5.280649
493 499 14.756233
495 556 16.910286
503 612 2.534922
503 639 17.759476
503 675 16.152827
504 511 17.524002
504 659 14.270143
506 611 13.808908
510 532 10.976771
511 624 13.402957
513 667 18.463084
516 697 2.909918
517 695 6.999525
522 542 2.376644
534 662 18.951298
539 557 9.460044
539 669 13.831545
542 677 16.981281
545 567 19.829005
547 688 4.073867
549 614 16.190740
552 554 17.861035
552 624 1.928632
556 564 15.327721
564 565 7.739781
565 642 13.323339
572 596 10.766916
572 642 5.935103
574 655 3.569206
575 652 3.221997
577 631 2.963134
583 593 13.118011
585 694 7.676806
595 654 5.116035
603 698 14.145817
604 635 14.050142
610 633 11.244198
623 695 18.764199
625 629 8.322870
625 685 16.881396
626 667 2.427649
627 666 15.056791
645 692 19.780501
652 672 17.085366
657 687 12.013630
683 691 12.908555
12.065791 18.589704 20.407908 24.964570 14.849258 6.226081 16.917159 7.380483 9.895301 11.575598 19.620597 8.676162 8.315059 5.899285 22.464799 18.870108 5.798929 5.565846 16.173486 10.650688 16.934527 13.692084 23.466251 10.756180 18.582907 6.081086 24.117211 24.615149 19.781493 14.304249 9.399869 21.250327 19.727082 9.439081 14.024306 14.255979 21.528211 18.676894 17.863351 17.996548 10.409402 12.434225 5.913246 20.738823 13.659964 13.764767 9.907125 9.188546 16.756439 9.651060 6.284177 20.350148 12.529389 12.604712 13.626366 21.300896 11.416738 20.160724 23.790897 18.217364 13.633622 19.955794 14.157947 13.288545 15.505663 11.354447 7.085004 13.297040 7.477138 13.208829 16.138674 23.614224 5.724447 17.429168 14.154704 5.405223 9.990964 7.369705 9.335883 10.491405 13.026127 15.580788 5.019800 8.237387 6.871328 15.993468 11.581497 15.967955 9.436466 5.484587 23.827338 7.166162 7.537175 7.930937 24.625530 17.353205 17.205799 24.733964 6.768775 24.490018 9.080263 17.461430 13.401671 12.679036 23.624867 7.984555 24.941380 12.582501 17.975498 24.358135 6.152021 23.457287 16.356228 19.087938 7.983684 15.667749 18.470274 14.124946 8.099704 9.882382 22.087856 5.689420 19.177242 24.987801 5.149660 8.220914 18.482886 6.199817 16.795800 18.680002 16.762927 12.303694 18.945646 16.885889 9.152743 16.262711 22.638144 18.336666 14.435830 11.431682 6.717724 9.892543 5.223735 24.732518 9.449645 21.297519 8.372898 10.672023 13.365546 11.488113 20.967016 24.153868 22.505890 8.071557 20.533774 7.958938 23.267622 15.357572 11.727622 8.140510 5.236182 9.958940 23.280401 20.945244 24.395874 7.015230 16.843575 10.143009 15.858834 11.409098 10.669311 16.476906 8.666363 14.382669 18.016245 7.563641 23.611885 15.114494 21.390559 18.078109 19.200019 19.322619 22.501998 17.272109 10.564343 6.990193 17.125012 6.327056 9.825869 6.214144 15.977752 8.206762 17.208146 20.817303 21.437614 11.190870 15.979091 16.260215 14.457744 18.102278 9.201742 24.584865 6.961597 21.584423 16.881920 9.897095 19.913500 6.689618 20.488357 16.799704 7.215006 6.590111 20.016727 10.858718 22.786037 20.241460 18.963805 10.572121 19.178890 23.962954 6.831197 11.523253 9.693445 12.865003 19.846653 14.484852 16.414612 11.283098 7.825785 10.338673 22.193606 17.048339 12.559773 20.798120 6.289149 10.077822 9.602063 24.707291 19.121972 17.355719 5.099699 8.686200 17.710826 12.594387 23.485608 20.294484 13.947681 19.990300 24.508086 14.219616 17.850518 23.373292 9.973493 22.731158 6.950894 17.968963 20.656763 17.292124 14.910696 17.346942 8.033274 9.311414 10.397987 16.955587 13.838021 9.889517 22.656187 12.478437 13.920634 13.194022 8.638859 19.632540 13.969165 5.325142 24.280274 21.315272 19.471187 22.381837 23.136145 11.749794 17.219174 17.176156 10.345993 9.439045 7.278145 18.186284 20.618380 20.219060 11.325508 9.105197 14.072284 15.936269 23.381743 22.496463 23.321167 22.005248 24.291624 14.310000 5.949470 6.671241 12.805523 10.153742 8.398812 24.064075 8.908392 24.187585 20.216777 17.818913 18.520379 11.629486 17.928541 8.733842 23.754109 11.035867 10.103730 19.223256 18.128974 14.025978 17.648925 8.189861 18.466566 10.412214 10.456720 8.243599 11.647543 11.625021 14.083580 8.808390 8.860151 15.834771 7.577548 18.777940 23.878943 13.535912 23.022106 6.966332 5.859153 19.427378 20.220431 21.861165 6.136354 20.538141 12.530775 11.066753 8.460478 24.920315 6.273272 21.540160 17.789889 19.701609 19.234342 22.168690 8.675841 5.016492 16.970570 12.077173 7.475747 8.722775 11.634986 6.404667 6.138264 23.320525 11.242055 24.644614 24.287340 7.851426 19.298486 17.016098 18.812941 6.923820 8.771202 6.532773 17.082684 24.731822 18.439691 19.215231 24.691701 18.560231 5.803631 22.340112 12.293566 5.087272 15.144684 23.740300 10.146614 14.830263 8.475538 6.153853 6.610899 19.540218 22.281489 7.865977 10.766371 8.900589 5.537116 16.068627 18.998443 17.957550 12.761071 16.100205 6.881986 8.086074 23.635892 20.230155 23.454782 23.333606 17.987852 23.564773 13.334082 5.072325 6.251422 7.189747 6.907069 12.034048 19.025416 20.812976 16.804265 7.928723 19.958032 12.096038 5.259867 10.611772 11.612011 10.484911 21.237403 20.198528 18.911041 7.780102 21.156678 18.543519 8.896754 17.961879 14.670233 13.787001 7.242463 15.366086 6.998636 8.285068 7.650926 24.082166 10.697294 12.104086 11.441612 22.965009 16.259318 23.383198 10.998498 7.296693 16.124369 11.910740 21.038137 22.588468 14.451470 24.427180 16.060260 10.418408 14.779510 5.746206 21.080023 7.028701 11.174970 16.306331 5.859503 6.586338 18.922327 6.435542 14.541657 11.773913 9.561588 8.775578 20.268226 24.030844 7.803595 24.193624 16.895250 17.833208 19.198528 19.082378 21.396222 14.669373 15.667172 11.476540 7.105152 18.292804 5.672199 10.512701 6.884597 8.814543 17.774618 17.569533 13.421098 6.803440 13.667478 12.054897 19.409183 16.580532 14.831315 14.739642 24.325938 20.125884 14.939591 14.584452 5.529582 23.850185 11.383479 10.118782 24.988179 19.373793 5.947275 6.237710 5.510031 16.992378 6.431290 23.667767 23.738131 15.921081 17.332779 10.837888 6.279451 19.749209 7.035720 6.711153 11.224462 5.249313 13.680712 19.153618 21.026979 17.086146 21.937484 13.130044 21.975442 15.129466 9.460723 23.882913 10.499417 5.524030 9.853481 12.333751 12.026994 15.493350 22.662538 10.846765 15.415412 11.802779 21.435461 8.152030 7.070205 15.059905 18.437752 20.910504 16.792497 20.476995 12.854201 5.657353 7.321986 5.774452 11.578873 14.909827 12.126350 16.211990 14.612183 18.558856 18.339243 11.361283 11.924289 16.702956 16.928649 11.293998 11.606358 18.880900 17.948216 7.701016 13.820838 22.854122 5.726114 22.103279 8.263563 15.144973 13.486729 5.202587 23.307939 14.098505 24.085366 10.734878 22.325515 23.447791 16.136648 9.053556 18.704949 15.979561 23.890593 13.785441 10.370273 7.765740 18.972671 24.482192 5.566875 19.808907 23.538607 6.495631 7.203401 18.839142 17.959268 6.376548 21.688455 15.468477 23.143947 22.559818 21.250155 15.317978 10.034213 15.119510 7.016228 18.176923 7.679544 15.223459 6.087639 10.990250 9.641609 17.400631 20.735734 6.146059 22.005674 22.215354 11.845381 18.180081 13.052261 8.083818 15.573248 6.727193 22.569443 23.485795 21.432263 16.250562 16.151972 24.692148 9.958034 6.518967 16.238818 11.575712 11.446775 5.141707 16.924788 10.280674 8.757171 5.808639 12.287232 22.579377 11.733416 18.581484 20.130939 11.562016 21.432815 18.837593 16.184845 5.019849 5.701815 24.817317 20.645678 23.751305 23.046064 5.408860 20.836946 14.022915 20.791164 5.134316 10.763986 20.026476 20.860416 17.394292 11.025124 11.207252 24.335279 13.784244 13.942511 16.046655 13.190047 16.053431 13.646708 21.534298 23.181020 23.642205 16.285924 13.842971 19.104801 21.766472 16.259645 18.999620 19.994587 18.527876 19.922671 9.172907 14.967491 16.765371 5.049559 22.119250 17.200490 7.582727 21.327141 19.341139
46
189
0 1 3.702877
0 2 4.880935
0 6 3.686880
0 7 7.868684
0 24 3.207393
0 32 1.762973
1 4 4.724198
1 12 7.960414
1 20 8.655057
1 27 7.600104
1 28 6.020980
1 35 7.517725
1 39 7.132506
1 40 3.109300
1 42 5.956830
2 10 7.935484
2 23 3.854086
2 28 6.885758
2 34 5.333324
2 37 5.528430
3 6 1.810495
3 9 6.995954
3 11 8.791183
3 17 2.272882
3 20 4.294951
3 32 1.438007
3 38 1.266687
3 43 9.906926
3 45 5.441244
4 9 4.199671
4 10 3.473894
4 12 9.820114
4 17 3.270257
4 22 7.531376
5 6 3.553823
5 16 1.634406
5 20 7.149490
5 26 1.014678
5 38 7.081737
5 40 3.253389
6 14 7.714938
6 15 7.927752
6 18 7.516965
6 25 1.220351
6 30 7.333630
6 38 9.911311
6 42 3.183628
7 11 3.468147
7 13 8.321739
7 18 2.443571
7 24 6.945253
7 28 7.795237
7 39 1.334446
8 14 5.983859
8 25 6.182895
8 27 3.730986
8 38 8.887102
8 39 2.464747
8 42 4.277752
8 43 8.638018
8 45 2.715785
9 15 8.392367
9 17 1.711623
9 22 5.403062
9 30 1.677976
9 32 7.101132
10 25 8.115413
10 28 8.648727
10 31 9.831360
10 37 7.048142
10 38 7.921557
10 45 5.551825
11 18 9.214632
11 22 6.793825
11 25 8.951963
11 29 3.119068
11 33 5.470640
11 35 7.568370
11 36 2.824496
11 38 2.902058
11 40 9.802385
11 42 4.911493
11 43 2.636339
12 13 3.983175
12 18 4.576385
12 25 6.607767
12 28 9.307132
12 29 9.879311
12 30 6.865289
13 15 7.299301
13 19 3.896463
13 21 8.714427
13 37 2.960185
13 41 1.957426
14 15 9.759304
14 30 8.777248
14 38 3.732806
15 18 7.076536
15 32 5.203165
15 34 3.908154
16 20 3.580968
16 34 2.224247
17 23 5.943863
17 24 5.019370
17 31 5.609678
17 35 2.938215
17 44 9.447496
18 19 6.747321
18 28 9.096406
18 35 1.983440
18 44 6.605659
19 23 8.645156
19 24 3.978287
19 25 2.756289
19 26 3.385192
19 28 3.456404
19 34 5.024791
19 37 3.933672
19 40 3.441467
19 45 6.836611
20 26 1.477291
20 30 4.063274
20 34 7.207768
20 38 2.582648
20 45 2.988351
21 24 2.806000
21 25 1.008335
21 36 5.263910
21 39 1.350629
21 43 3.456458
22 24 9.953231
22 25 9.265566
22 26 2.935682
22 45 3.790022
23 28 5.173341
23 31 8.599722
23 38 8.223813
23 39 2.136173
23 40 2.120040
23 41 4.750590
24 27 8.830859
24 33 8.938765
24 34 1.966293
24 43 6.168676
25 27 2.401077
25 33 7.175164
25 36 9.247899
25 40 5.092924
25 42 1.747745
25 45 6.213288
26 27 4.676650
26 28 8.298089
26 31 4.063100
26 32 8.874075
26 33 3.463304
26 43 2.417659
26 45 3.758323
27 39 1.314242
27 42 3.531214
27 45 6.941059
28 36 2.280547
29 39 2.002285
29 44 2.191468
30 38 1.697965
30 41 8.871719
30 45 9.497036
31 32 1.419050
31 37 7.840646
31 42 7.634366
31 44 9.972185
31 45 4.130836
32 43 3.569581
33 35 5.077739
33 40 8.709177
33 42 7.557343
33 44 5.244614
34 38 3.201066
34 40 7.543142
34 45 8.690742
35 40 4.599561
36 38 7.017269
37 39 4.601908
37 45 5.306441
38 44 5.724193
39 45 7.981532
40 44 9.797554
43 44 4.999295
43 45 4.080835
44 45 4.362319
253.193871 299.900159 239.604003 337.412939 262.780983 314.070485 442.164565 285.287811 390.120642 472.988105 377.240098 270.353502 313.600542 383.954594 359.961731 257.413564 342.827522 370.404583 291.419384 390.278448 234.938431 311.263315 445.229364 289.114025 388.196308 332.295561 305.492150 477.270675 313.169578 282.637607 475.314085 428.519772 410.145260 229.030264 252.424997 397.696026 274.833712 279.475748 438.028384 296.745211 235.347259 225.276855 341.791028 391.619932 463.736722 246.581166
