700
1397
0 1 13.541293
0 2 6.241169
0 3 19.217149
0 4 4.451522
0 5 4.232282
0 10 16.233917
0 13 19.459222
0 40 8.038245
0 82 16.009802
0 85 2.572010
0 91 10.299328
0 108 15.527304
0 129 13.026075
0 137 12.925435
0 205 17.181306
0 244 1.996341
0 245 2.950306
0 290 14.733878
0 294 7.430126
0 320 1.416959
0 330 7.090450
0 344 12.017571
0 383 15.256117
0 524 6.873932
0 585 5.494032
0 685 18.207484
1 2 2.325828
1 3 16.800498
1 6 1.731819
1 12 19.145161
1 14 19.335733
1 17 14.128199
1 21 19.484378
1 39 3.761845
1 42 10.217819
1 45 17.796163
1 80 18.313881
1 84 2.211264
1 106 18.114263
1 137 16.631590
1 168 12.632376
1 194 8.550422
1 202 16.022844
1 257 5.139430
1 295 15.924368
1 369 2.820628
1 398 1.913040
1 423 14.072441
1 477 15.947681
1 497 19.350894
1 501 6.702464
1 510 18.008136
1 531 1.845579
1 532 14.188423
1 699 15.718799
2 8 8.313887
2 19 8.841023
2 37 11.153049
2 63 2.375545
2 99 17.794414
2 123 3.713773
2 176 15.610888
2 179 16.959195
2 221 12.701717
2 227 19.901299
2 253 13.502895
2 286 18.405204
2 293 15.392164
2 310 17.209329
2 314 8.973698
2 369 13.061827
2 427 8.033818
2 438 14.367225
2 453 1.823910
2 489 6.225458
2 492 18.887020
2 644 15.586424
2 647 8.786218
2 697 3.457233
3 4 11.185640
3 6 18.766683
3 7 13.337510
3 14 2.874377
3 15 8.888117
3 17 6.723584
3 19 3.795525
3 24 18.692367
3 31 15.633476
3 52 17.098996
3 56 10.708047
3 57 7.349085
3 62 15.013911
3 79 18.494687
3 109 14.669621
3 134 7.934958
3 150 8.484721
3 165 15.507219
3 191 18.931105
3 203 19.614970
3 211 7.768853
3 213 10.510918
3 222 2.166917
3 231 5.945689
3 236 18.249833
3 250 2.931933
3 257 9.824997
3 261 3.373439
3 267 11.649682
3 348 14.838169
3 359 6.449405
3 367 18.058544
3 440 10.291004
3 496 14.511368
3 519 6.962335
3 535 11.556123
3 619 8.875970
3 624 10.812627
4 5 7.566585
4 11 16.598830
4 22 11.229510
4 26 3.171851
4 30 5.207750
4 34 19.708774
4 39 1.346166
4 47 14.859559
4 54 4.933275
4 55 11.734542
4 68 11.086220
4 78 7.125422
4 112 2.724645
4 127 14.849346
4 128 13.003498
4 154 2.261113
4 210 15.171065
4 264 16.511575
4 270 17.396754
4 307 10.941027
4 435 13.184540
4 436 15.548655
4 439 19.861572
4 509 8.796485
4 535 19.882572
4 553 5.295163
4 616 10.598185
4 635 7.730366
4 663 9.386394
4 666 8.444089
5 9 3.152373
5 28 14.818417
5 44 14.071564
5 62 2.672429
5 66 7.643742
5 68 19.782720
5 71 19.553834
5 74 19.898693
5 87 10.810120
5 105 9.619140
5 116 17.778117
5 120 14.181265
5 127 9.589165
5 141 8.215130
5 144 16.931836
5 147 5.787467
5 155 17.789416
5 236 19.058259
5 280 2.281990
5 285 8.325082
5 329 19.483016
5 366 17.404535
5 380 18.230717
5 394 17.656999
5 463 5.290671
5 472 3.171712
5 474 15.034022
5 548 19.048099
5 692 6.946818
6 7 2.913738
6 13 8.429026
6 18 8.432997
6 31 19.467664
6 38 7.043106
6 63 6.190189
6 83 3.482807
6 92 2.596130
6 94 16.673865
6 97 5.275787
6 145 5.764869
6 152 1.262770
6 153 15.082315
6 169 1.833866
6 186 9.329124
6 300 13.664303
6 306 8.325199
6 315 10.086267
6 342 8.728083
6 374 18.998828
6 376 15.107353
6 405 11.750903
6 441 16.255260
6 472 8.843866
6 500 1.002179
6 527 16.735822
6 547 1.684869
6 565 1.000863
6 675 12.521032
7 8 19.999424
7 10 18.148797
7 29 13.975381
7 37 3.947838
7 50 19.748906
7 52 17.736848
7 97 15.407136
7 102 15.698976
7 130 10.495656
7 206 16.630028
7 281 10.362219
7 371 1.892015
7 396 4.285524
8 9 11.192158
8 21 13.299446
8 27 8.315737
8 32 6.750379
8 90 15.828397
8 110 16.463259
8 146 11.190273
8 249 5.493197
8 282 12.634370
8 354 16.879239
8 391 16.270405
8 414 13.142121
8 446 16.860429
8 605 5.380610
9 11 14.996775
9 12 2.366387
9 16 17.060411
9 20 6.614378
9 33 3.216915
9 36 16.207134
9 55 13.015227
9 60 2.901357
9 73 18.129924
9 92 17.577143
9 118 12.026846
9 166 10.074713
9 196 3.883610
9 221 3.667891
9 223 11.037397
9 225 4.228457
9 235 8.053854
9 245 18.022570
9 309 3.987955
9 334 2.485710
9 339 2.291141
9 341 4.008079
9 361 13.730702
9 407 12.482459
9 438 14.950471
9 530 12.134561
9 638 14.031767
9 659 8.748843
9 662 14.154906
9 669 2.058241
10 16 7.341115
10 25 1.436907
10 35 17.798247
10 165 7.883813
10 254 11.252992
10 356 6.016148
10 522 11.180066
11 18 16.753828
11 46 19.825365
11 86 6.646093
11 124 19.032883
11 125 13.048856
11 143 12.670945
11 346 17.845225
11 651 15.846006
11 682 12.159624
12 167 12.466870
12 213 10.290088
12 266 15.747207
12 504 19.075372
12 545 15.180119
12 575 6.785980
12 584 2.504598
13 424 15.518989
13 477 10.825799
14 15 11.852302
14 46 15.130042
14 48 19.426152
14 67 7.360651
14 72 15.273021
14 76 9.699451
14 111 19.577076
14 114 9.390732
14 118 18.230538
14 121 10.890396
14 122 12.894274
14 163 15.220307
14 188 14.634889
14 250 13.935393
14 270 14.747214
14 294 9.836700
14 302 5.851272
14 376 6.510970
14 417 17.694767
14 439 13.634464
14 444 9.188046
14 463 18.111342
14 474 5.497512
14 498 12.250399
14 686 3.511410
14 690 14.157635
15 58 13.561771
15 105 18.961519
15 175 11.073801
15 177 11.957556
15 182 4.215734
15 326 5.672710
15 400 17.604885
15 432 14.214907
15 586 13.195205
16 23 1.193492
16 26 5.908724
16 27 12.702999
16 28 1.570670
16 29 8.269256
16 36 19.183820
16 43 6.273438
16 77 16.789213
16 133 5.942067
16 135 12.421761
16 157 18.344889
16 162 16.633482
16 237 5.918158
16 239 1.739148
16 259 1.747870
16 278 13.135208
16 357 3.108562
16 371 8.021916
16 462 19.126785
16 543 10.707261
16 664 7.350106
17 38 12.457777
17 136 3.302474
17 140 10.022591
17 179 7.905899
17 183 15.595908
17 283 2.637517
17 295 8.742658
17 306 16.201468
17 317 9.430577
17 515 15.988146
17 523 4.176093
17 557 14.928759
17 568 10.783914
17 587 18.742060
17 597 10.873140
18 56 13.237409
18 318 16.918614
18 506 10.148559
19 20 16.761820
19 22 11.790146
19 23 9.401279
19 32 13.266394
19 33 9.162925
19 61 12.372501
19 102 12.949851
19 104 4.265649
19 131 7.313523
19 170 5.885251
19 171 1.943224
19 174 8.267535
19 204 13.054452
19 266 6.993568
19 330 12.160092
19 424 17.535685
19 593 12.370725
20 486 5.572117
21 25 4.631076
21 41 7.253005
21 49 13.257223
21 101 2.933529
21 117 1.179805
21 151 16.351095
21 242 11.491994
21 274 7.080498
21 286 10.010013
21 324 19.434610
21 350 2.458597
21 370 6.686458
21 390 13.575432
21 411 2.940952
21 468 3.304807
21 545 2.148056
21 550 9.641633
21 653 6.152464
22 35 15.818424
22 42 18.458248
22 78 2.333845
22 82 11.556528
22 115 9.119198
22 139 18.255548
22 148 10.092587
22 150 16.173752
22 156 3.707241
22 238 1.949965
22 254 3.763551
22 272 6.659079
22 302 14.194931
22 335 16.702527
22 346 8.822450
22 349 16.357159
22 389 15.238915
22 433 13.657051
22 475 17.951422
22 652 11.490974
22 663 15.558877
22 691 15.924260
23 24 19.000146
23 30 18.329003
23 43 4.977315
23 51 10.816192
23 61 12.960018
23 72 18.011344
23 83 8.665369
23 128 11.486459
23 206 16.347893
23 209 7.148995
23 316 2.879970
23 357 4.044263
23 360 18.932256
23 461 1.403527
23 591 19.335664
23 620 8.838715
23 635 3.960942
23 641 16.645194
23 650 11.374348
24 57 9.651805
24 119 12.083526
24 185 18.737235
24 247 14.902437
24 268 17.554511
24 387 10.312445
24 451 4.912988
24 534 5.356776
24 537 18.281884
24 660 11.563091
25 40 16.338185
25 94 19.971968
25 119 1.271432
25 419 7.589817
25 518 3.095479
26 47 12.890594
26 59 19.843570
26 139 3.419214
26 147 6.328722
26 365 5.782231
26 514 14.594161
27 67 16.797585
27 138 1.902223
28 96 2.717158
28 217 17.125656
28 337 16.396259
28 630 13.387722
29 396 18.580642
29 455 4.805058
30 111 16.919277
30 540 7.538217
30 698 12.104214
31 41 14.655402
31 54 1.146484
31 86 5.544468
31 101 6.201673
31 114 12.128272
31 126 11.988038
31 249 11.293526
31 263 1.256906
31 341 11.722169
31 402 16.055387
31 514 12.117188
31 546 14.618666
31 596 19.866059
31 678 19.043896
32 122 14.331091
32 233 4.889800
32 269 14.014864
32 468 11.953825
32 538 15.197733
33 34 7.188704
33 45 8.761646
33 48 19.396317
33 53 7.328411
33 69 13.618890
33 75 4.403894
33 89 17.374733
33 91 2.138190
33 98 16.812005
33 120 17.055818
33 124 13.905963
33 153 15.506763
33 197 18.036103
33 235 18.470850
33 283 2.686958
33 284 1.632980
33 457 2.781014
33 502 6.992159
33 503 4.281016
33 633 8.146858
34 75 17.785081
34 76 11.254515
34 303 12.005137
34 393 3.194009
35 51 13.466856
35 160 11.390945
35 193 11.181361
35 216 11.957794
35 434 5.496006
35 496 10.604050
36 133 15.974936
36 351 13.655853
36 567 12.723562
37 131 3.291748
37 174 8.443415
37 184 18.829687
37 591 6.891250
38 207 19.179341
39 50 15.680169
39 278 16.170347
39 451 10.694003
39 671 15.193164
40 53 6.299362
40 70 10.176032
40 79 5.899052
40 198 19.708621
40 224 3.919225
40 239 18.254574
40 241 11.658365
40 375 15.064351
40 400 4.004033
40 574 19.773693
40 581 15.997568
40 613 11.139253
41 44 5.879350
41 49 14.129191
41 58 15.989656
41 104 14.983269
41 152 12.094953
41 229 11.026224
41 322 13.216744
41 380 14.209867
41 507 15.989539
41 570 1.854314
42 162 7.836771
42 170 16.437008
42 199 10.512553
43 59 6.892488
43 60 14.876065
43 81 11.563449
43 291 16.616501
43 299 9.598477
43 446 17.260310
43 459 7.801551
44 95 18.727543
44 155 8.934614
44 521 4.176513
44 603 16.732354
45 310 18.465913
45 456 18.805969
46 65 6.345624
46 161 13.769962
46 181 7.709539
46 288 9.047916
46 321 11.301015
46 434 18.969813
46 615 6.237894
47 85 4.330521
47 98 14.381098
47 107 9.121992
47 177 16.249787
47 218 18.187201
47 503 2.424701
48 163 12.189524
48 193 19.289078
48 212 2.520466
48 274 6.235818
48 356 9.206378
48 360 5.550985
48 494 19.775388
49 65 15.139521
49 80 5.657678
49 126 9.539491
49 173 8.603711
49 200 4.862870
49 215 6.340273
49 311 17.137117
49 323 9.995789
49 352 5.189815
49 407 8.302362
49 413 7.126527
49 495 12.405701
49 561 19.765484
49 579 9.510785
49 656 10.887994
49 683 18.512504
50 108 3.403243
50 149 13.503978
50 168 12.340163
50 464 8.691661
51 93 19.887016
51 100 8.693959
51 109 2.685224
51 200 17.825595
51 313 1.609736
51 460 14.220839
51 595 6.421041
52 187 6.792322
52 192 2.462489
52 256 11.764788
52 544 9.413671
52 562 16.518791
53 185 13.048766
53 196 6.215484
53 210 15.375023
53 358 8.624870
53 541 8.675331
54 64 13.125682
54 69 13.529351
54 224 18.127112
54 237 4.524053
54 293 11.936463
54 361 7.788373
54 368 7.471563
54 409 10.021089
54 436 9.380471
54 440 11.892693
54 536 4.709434
54 582 15.625741
55 397 7.238702
55 556 9.091329
56 88 1.995600
56 90 10.912819
56 132 17.756899
57 66 19.446599
57 70 7.635713
57 74 8.411086
57 87 12.435480
57 159 10.665751
57 164 4.184817
57 225 13.751775
57 272 14.936883
57 301 2.494158
57 399 9.937034
57 485 15.082053
57 670 15.008638
58 113 14.561915
58 365 6.179484
58 373 11.648840
58 388 4.828729
59 64 10.130690
59 81 10.941292
59 84 3.419960
59 106 14.397975
59 183 3.286570
59 222 18.299900
59 327 3.045759
59 381 12.763205
59 687 18.420675
60 243 18.175262
60 264 15.579838
60 318 2.621029
60 367 1.905346
60 510 19.215962
60 513 17.415458
60 640 13.654140
61 115 6.890526
61 116 11.662258
61 148 11.756651
61 186 18.433863
61 273 18.289821
61 289 11.763867
61 445 1.986120
61 533 9.621036
61 586 12.009219
62 230 15.629918
63 145 7.464544
63 158 17.869644
63 211 10.883985
63 490 7.253610
64 110 8.696724
64 480 6.004143
64 616 2.079982
65 73 18.578677
65 378 6.533853
65 626 2.604110
66 88 18.635921
66 107 6.217794
66 296 11.575842
66 313 6.866616
66 539 11.394242
66 677 2.065010
67 167 1.142652
67 201 19.601401
67 397 13.099599
67 570 18.856512
68 327 19.329805
69 77 10.352473
69 268 13.293030
69 525 1.897809
70 71 12.089092
70 95 4.890446
70 100 2.504430
70 125 19.681581
70 146 13.376996
70 311 2.299222
71 255 8.406606
71 309 19.824469
72 140 17.191736
72 160 8.666606
72 277 18.263752
72 417 7.865121
72 458 17.606564
72 523 6.089147
73 220 9.208535
73 680 1.043735
74 112 9.993372
74 198 19.087445
74 374 12.494113
75 192 14.535769
75 212 13.109608
75 531 7.578448
75 631 10.689673
76 93 2.053019
76 96 19.842129
76 113 5.050787
76 182 18.676318
76 233 4.679211
76 317 5.249107
76 319 15.005005
76 392 19.928077
76 482 11.748999
76 495 12.281147
76 599 8.330070
76 650 12.066374
76 666 9.662601
77 279 11.682251
77 499 13.083555
78 348 3.182598
79 134 2.097840
79 203 18.171073
79 398 16.104404
79 452 11.618021
80 512 2.576502
80 578 3.513345
80 637 5.576989
81 103 18.951252
81 493 14.899103
81 534 1.229386
81 637 5.435419
82 426 5.570195
82 537 16.659816
83 173 2.592171
83 202 11.179137
83 265 1.874678
83 287 2.429768
83 297 6.526738
83 431 8.555272
83 583 6.741274
84 331 16.007960
85 89 11.613014
85 123 2.647282
85 130 14.174071
85 276 15.013980
85 408 5.873325
85 448 3.255134
85 563 17.330081
85 693 17.005115
86 129 12.427216
86 151 4.371704
86 405 5.272192
86 646 4.133148
87 117 18.571785
87 171 19.325132
87 172 16.037386
87 217 5.802238
87 219 14.205956
87 437 13.767889
87 466 14.447120
87 558 3.955693
88 132 3.816534
88 143 1.831506
88 275 15.120920
88 465 4.567098
88 572 9.869585
88 665 14.829099
89 103 10.149970
89 180 2.564407
89 352 3.076105
90 176 16.364064
90 471 10.621049
90 476 16.595329
90 676 16.417395
91 99 13.197100
91 227 3.119710
91 410 1.240429
91 491 4.705326
91 497 2.226198
91 528 19.835268
91 661 3.947612
92 263 10.939761
93 228 6.582305
93 375 8.719451
94 172 19.546304
95 135 3.921036
95 267 13.957154
95 427 10.123018
96 136 9.518153
96 142 11.957640
96 226 6.916023
96 260 3.497804
96 441 9.615783
96 469 13.693843
96 541 15.121100
96 653 10.994407
99 333 14.236454
99 532 16.141869
100 166 15.396446
100 219 5.592419
100 325 10.222493
100 350 10.288936
100 557 18.916966
100 651 3.430429
102 138 18.707281
102 149 2.346935
102 255 19.110909
102 504 13.056376
102 555 2.176788
104 187 2.234657
104 345 18.897991
104 652 4.359939
105 465 4.567956
105 555 10.360649
106 214 11.530655
106 234 5.536461
106 285 15.164837
106 296 8.885796
107 144 19.678924
107 527 5.443825
108 169 8.566102
108 190 2.765209
108 344 14.908111
108 445 18.204997
109 486 10.402573
111 141 7.752025
111 232 13.049640
111 429 10.395347
111 539 2.701407
111 588 19.728836
111 658 6.468228
112 189 16.213512
112 260 15.108746
112 404 8.181093
112 480 13.660343
112 630 2.328970
113 232 1.575436
114 421 12.916092
116 447 6.336389
116 597 16.120684
117 156 12.508729
117 473 2.982390
117 478 2.863519
117 516 16.755923
117 672 5.201976
118 157 5.245077
118 190 2.411860
118 328 18.495098
118 345 15.988815
118 395 4.133335
118 452 2.510463
118 559 5.063802
118 576 12.139136
119 121 6.584561
119 154 4.192367
119 284 8.229645
119 422 17.091303
119 449 6.324801
119 487 3.375304
119 662 9.543468
120 258 11.294684
121 566 17.937134
123 373 15.827123
123 642 6.071357
126 188 18.882662
126 390 9.591652
126 470 14.622919
127 164 17.067824
127 289 8.836727
127 607 14.838475
128 158 7.736490
128 253 18.388736
128 399 8.388228
129 384 16.026529
131 229 14.926213
131 279 10.368958
131 362 12.070088
131 425 9.723294
131 602 11.932919
132 181 3.703502
132 223 19.271990
133 305 4.830751
134 419 11.381538
134 469 5.165853
134 571 10.619992
134 588 9.449739
135 208 13.431436
135 215 19.714263
135 420 3.384693
135 462 18.588569
135 488 13.283713
136 189 18.236216
136 218 8.444115
137 241 6.191294
137 669 14.183750
138 216 3.379538
138 429 15.703060
139 454 5.952323
140 142 17.140154
140 248 10.448790
140 594 14.676302
140 617 10.414418
140 645 11.776984
141 191 19.207364
141 340 16.011158
142 197 12.909656
143 385 9.357116
144 449 17.757254
144 587 15.802900
145 287 16.573707
146 220 10.097685
146 382 3.174511
146 385 5.979986
146 533 4.179990
146 566 12.387791
147 184 3.969847
147 391 1.252635
148 175 11.338130
150 207 13.638689
150 363 1.011181
150 560 10.608635
150 585 17.929532
151 159 18.976547
151 228 17.646902
151 280 19.050945
151 319 5.703662
151 338 6.069385
151 403 12.852738
151 483 2.756966
154 161 4.919682
154 583 13.401279
154 593 7.188615
155 277 18.595688
155 368 14.265590
158 195 5.320735
159 364 7.396157
159 404 11.578516
160 298 17.395711
160 490 11.465615
161 178 19.265052
161 580 16.480590
164 209 2.412764
164 231 19.384959
164 300 17.239565
165 178 6.462207
165 520 2.463338
166 409 12.064619
169 240 5.090471
169 466 1.889059
169 590 9.802562
170 238 14.494056
170 320 1.852611
171 180 4.749422
171 347 17.948436
171 488 19.494707
171 676 4.132793
172 291 5.766249
172 483 3.628752
173 199 6.451986
173 684 7.824358
174 194 15.989362
174 269 11.384510
174 276 15.849414
174 299 4.470059
174 437 19.492209
174 442 11.842005
175 226 1.736528
175 633 4.472976
176 251 3.697591
176 271 7.706491
177 201 5.896473
177 456 1.514362
177 481 2.685615
177 654 12.148098
178 208 2.957198
179 307 5.710329
180 343 13.615430
181 214 2.254579
181 273 18.170964
181 410 19.835512
181 426 11.324951
181 596 16.761199
182 258 15.381790
184 204 3.350591
186 475 12.436610
187 338 14.027324
188 601 11.478879
189 353 10.382339
189 476 2.818318
189 526 4.444026
190 333 16.861566
190 443 11.062964
190 455 7.906603
190 605 6.580222
190 606 11.428689
191 247 14.927945
191 331 2.217508
191 567 15.609720
192 195 14.293315
192 246 2.757984
192 288 11.504376
192 323 3.403186
192 332 13.362488
192 479 14.911993
193 251 3.331011
193 343 12.708549
193 347 4.387675
194 240 13.807798
196 234 19.408173
196 321 4.708697
197 392 9.473539
197 604 10.523496
197 620 4.873349
198 262 17.944751
198 328 2.737635
198 354 1.259861
198 447 17.592424
198 590 10.865444
198 647 2.084068
198 697 5.471320
199 205 1.707741
199 304 11.382439
200 569 13.091294
203 252 4.271123
203 342 11.032735
203 403 3.930278
203 406 8.999617
203 554 10.016287
204 432 18.510175
204 530 3.382773
206 244 4.529093
206 298 2.013821
207 271 5.482412
207 308 15.363707
207 326 7.984480
207 552 7.042237
209 282 14.112992
210 246 14.376073
210 529 15.985254
211 301 10.842618
211 308 17.451368
211 322 12.244144
211 339 13.752562
211 355 19.782927
211 364 1.422460
211 418 13.454777
211 547 11.161162
211 600 3.947446
211 621 3.622656
211 627 6.437070
213 315 19.986130
213 381 6.714317
213 412 10.297174
214 336 17.301175
214 522 2.959695
215 621 1.130306
217 511 2.669217
217 628 12.042890
217 668 11.628532
218 577 14.495313
218 602 7.175105
219 389 18.686163
220 259 13.137546
220 304 12.421829
221 265 7.080699
221 359 12.420937
221 414 8.310085
221 418 6.264159
222 242 17.974301
222 425 19.457457
222 467 13.093722
222 665 1.970401
223 230 5.639472
225 386 3.545819
225 658 17.379129
226 623 8.557307
227 261 5.026214
227 696 9.658925
228 256 11.691039
228 686 6.406324
229 560 16.749906
230 243 11.392990
234 248 4.562581
234 292 19.051822
234 334 14.395168
234 574 18.190625
236 394 8.860279
236 506 12.302172
236 661 9.403638
236 677 1.309952
237 431 7.414383
237 499 7.989733
237 648 9.719538
238 388 11.505033
238 443 18.380676
241 275 15.240362
241 297 17.559799
241 401 7.364341
241 561 11.196845
241 695 10.151765
242 378 10.082406
242 386 13.047385
243 428 6.933754
244 312 4.868555
244 314 3.770492
244 598 1.659108
244 601 12.305404
245 592 11.700198
246 611 13.049281
247 252 12.744481
247 281 14.261513
248 292 12.759897
248 408 4.514488
249 565 3.309464
251 316 13.137385
252 262 12.014220
252 435 14.031962
252 501 5.733484
252 558 5.660886
253 550 17.083856
255 618 2.171995
256 340 10.551318
256 484 13.813066
256 684 10.070624
258 377 17.011765
258 454 16.775234
258 479 8.707058
258 517 17.246863
259 458 8.559970
259 505 13.820654
259 612 14.282129
260 395 10.021203
261 401 14.332589
262 387 17.673467
264 290 14.504936
265 325 19.723719
265 420 2.955950
265 509 15.507516
266 528 15.806410
268 649 11.181826
269 572 6.568536
270 303 15.406240
270 349 8.958217
270 584 3.564782
271 422 4.370861
272 305 8.180010
273 353 3.235147
274 464 19.407324
275 636 10.374090
276 421 19.427628
277 337 14.751586
277 494 14.073354
277 562 10.284215
277 592 19.577370
277 611 2.200786
277 627 9.231290
277 641 12.537545
277 691 2.857153
280 336 16.787048
280 577 3.628921
280 639 18.119649
281 615 15.974343
282 379 5.855547
282 498 17.236001
283 646 15.532322
286 667 9.432943
290 695 2.713768
291 329 7.179661
291 536 11.895667
291 618 2.144286
292 659 8.594549
293 502 8.721390
293 674 13.799272
295 372 1.731325
298 485 18.879841
298 487 15.288638
300 377 7.596096
300 521 3.844528
301 416 14.853966
301 575 2.156963
303 379 12.882834
303 416 6.174750
303 444 8.816085
303 571 6.170798
303 643 2.380440
305 657 18.757549
306 312 6.298597
306 324 6.302576
306 332 3.033557
310 335 18.158012
310 402 7.258269
312 694 11.266657
314 358 3.456242
314 362 1.340720
314 363 8.884881
314 406 8.568096
314 515 19.616640
314 542 7.098590
314 556 16.732701
314 582 14.554097
314 636 12.545449
315 552 1.655339
316 351 7.237491
316 690 1.363974
319 512 14.249845
319 543 10.265418
321 471 12.150896
321 484 18.303892
323 470 4.365625
324 372 2.566864
324 382 12.796591
326 393 14.407233
332 640 19.252021
333 549 17.241363
334 625 1.942282
334 634 15.364813
335 610 6.386789
336 453 3.767809
336 492 9.485998
337 355 9.680685
337 366 17.195972
337 460 16.920057
337 654 8.206657
337 688 4.281266
340 415 2.631071
340 481 5.091750
340 520 17.717647
340 674 13.348568
343 430 14.205567
346 598 1.575642
351 491 2.910643
351 505 2.150003
351 548 17.102048
353 413 15.738813
354 383 5.298827
358 384 1.527873
358 643 16.945268
359 467 15.894665
360 579 9.352485
361 489 16.391864
362 370 11.914213
362 542 2.079495
363 594 14.140680
365 459 13.581766
367 511 7.598465
367 655 14.069169
368 603 4.269161
371 595 3.445789
373 559 6.609343
373 581 17.766867
374 433 12.845245
374 525 15.644737
377 473 17.687672
377 500 19.503067
378 540 18.529811
379 673 6.667960
382 519 1.345947
383 608 4.287359
383 642 6.179218
384 450 13.285271
384 508 3.314729
384 517 5.331930
393 412 15.535201
395 411 4.760697
396 507 7.024927
396 563 10.767468
396 589 4.191754
397 569 13.038385
398 415 17.110534
398 682 10.763624
399 457 12.529805
399 622 15.105794
404 423 13.656937
406 478 2.583655
406 625 17.279667
407 450 4.011755
407 629 14.192063
408 493 19.129677
413 448 9.558943
413 589 4.001831
414 442 19.810811
414 578 18.230718
417 610 5.011267
417 679 4.662322
421 461 1.970549
423 428 19.508714
426 430 5.986520
427 546 14.087923
427 632 1.294832
427 656 19.160663
427 688 8.059861
428 551 8.498862
428 612 15.162261
429 513 18.383152
429 667 16.423047
435 681 3.006088
436 529 2.786903
440 681 15.896001
441 526 12.878186
443 482 15.283615
447 606 3.109816
449 551 5.352369
455 568 17.137573
456 538 19.314799
461 619 17.913218
461 649 15.506301
471 622 5.042374
473 623 2.723172
476 549 5.898531
477 632 7.838564
480 626 8.853538
483 660 7.785486
485 524 4.511977
485 564 15.508605
485 599 10.216066
486 638 15.769080
489 508 13.767768
493 648 11.142433
494 617 8.908188
494 624 18.588598
497 657 8.747807
499 609 12.402113
507 518 14.662547
507 573 4.388946
507 576 3.138706
509 516 7.980240
509 554 19.447380
509 678 9.685945
511 609 1.345565
512 600 11.008046
514 573 6.163900
514 683 14.731470
516 580 15.095736
517 553 14.852699
520 613 15.950247
520 614 17.640895
523 687 7.997691
526 693 16.666174
531 689 8.752614
541 544 18.365727
541 664 19.693315
544 634 8.877776
545 631 17.173117
546 564 17.512525
547 699 16.806662
551 672 18.420425
552 671 2.765555
552 698 19.170119
568 639 6.936463
569 608 4.131004
575 607 6.828537
576 694 10.280159
582 655 2.796597
583 614 11.990974
592 675 6.503842
592 679 14.717162
594 629 13.128283
597 604 1.834969
615 645 17.864864
619 628 14.355043
628 692 2.043405
629 673 12.528041
632 689 12.371099
638 644 3.437811
640 685 14.115989
642 680 9.923128
649 670 9.088794
657 668 4.452608
670 696 3.124983
14.518426 19.858765 22.184303 14.475143 13.334274 9.044814 16.508763 15.857597 23.162328 8.159122 19.767068 23.328911 19.069341 16.149476 10.604767 24.919125 6.840765 14.161101 14.728122 8.593726 17.549617 17.060166 7.320088 11.889470 9.989186 13.327489 15.621594 24.576779 14.636456 24.934729 21.043863 22.364327 21.484069 18.311892 24.173694 12.873193 13.061259 22.167720 5.694985 13.198812 21.866927 12.250227 5.229990 14.461469 18.942509 16.258943 23.823810 5.830415 13.826091 17.300706 6.938558 20.409080 15.122793 14.202329 8.862019 23.241014 18.591685 8.821366 17.421693 22.593380 17.398898 9.438187 23.318209 12.562453 8.184491 17.258953 21.604625 9.085419 5.329508 22.072828 8.103569 16.148387 5.044398 8.392632 11.922342 24.231249 13.516558 21.314394 21.486630 16.928970 23.903447 23.964249 5.795489 14.640480 19.123941 17.876235 12.552221 8.367434 22.583206 7.864062 17.574580 7.763401 20.232803 24.963570 21.554446 7.744620 23.039295 8.169242 24.391379 6.531019 10.719011 5.177909 13.270102 19.038142 16.914360 21.779368 24.122404 14.243723 10.936794 12.039326 17.336175 10.590141 11.427939 16.488870 21.865648 10.339089 20.215890 8.437310 9.306406 21.254286 8.300306 23.994897 20.176499 14.175978 19.885701 12.985005 12.542101 6.086385 9.620577 24.320307 18.970100 7.698974 15.916661 10.510580 9.807000 10.961134 9.185876 15.933765 15.257619 21.428222 21.300081 10.576504 14.845742 19.029885 19.305479 22.231029 11.065657 23.734568 12.638965 15.642719 6.217263 19.205220 17.968670 6.837820 23.212720 17.412644 19.391057 24.592028 21.870080 20.416666 5.158591 13.832911 14.130658 5.224211 8.797346 18.159198 5.865590 19.938768 13.953540 9.044477 14.526212 18.282067 23.706698 19.869255 14.832883 16.411223 9.124394 14.863862 10.942418 10.088429 7.909889 20.775927 23.904092 12.738387 19.479348 23.649050 20.882193 15.657193 19.706097 9.750516 11.982009 21.634943 22.844267 6.863228 19.866220 21.011142 7.919569 22.561647 20.693179 18.295439 18.796646 24.703926 15.686700 16.628867 5.348716 20.424848 21.460430 9.142770 20.351674 15.938745 14.437240 13.113245 5.594270 14.911655 18.023318 23.462131 12.157796 15.425882 11.245622 12.171949 13.157772 17.890827 19.303882 8.265206 14.489380 14.217789 14.523097 7.903204 18.698393 18.722391 24.103896 24.650842 9.765815 8.297257 7.490192 12.825220 24.869638 10.444605 18.010397 17.239573 6.751874 5.352225 17.655517 10.409612 5.192325 7.196093 12.029668 17.299412 5.422140 14.380213 6.310920 19.755404 8.105305 23.605676 19.629540 24.024557 12.167550 19.771074 19.614814 15.233346 10.441937 11.861665 15.650899 19.346642 20.241280 14.955896 8.732252 20.129795 8.151724 17.506376 24.609169 19.770086 20.154436 23.355591 22.289169 16.661262 19.199213 21.047012 11.815977 20.998240 12.497096 13.055097 11.680731 12.530853 8.422214 24.462196 20.560883 18.258933 22.403399 18.124123 24.265854 24.525896 8.582310 12.309232 22.526498 5.827838 22.619425 12.053529 16.795127 16.165101 19.875689 5.745609 11.500922 22.339245 9.013211 18.806043 21.267508 10.850587 24.265072 6.978860 11.142141 18.312862 16.881182 8.062150 21.588192 20.823869 16.628357 15.579662 17.901717 7.697108 14.669759 23.360795 14.578156 19.496492 13.711619 5.546321 14.027436 19.382569 11.853760 13.257290 19.515113 7.537108 20.720371 19.164575 21.247979 6.808670 11.072359 19.243177 10.901540 5.425318 11.377841 16.785353 16.519083 24.491030 15.099389 19.519748 21.850080 11.496892 15.297843 6.160012 19.386978 19.780150 15.970078 17.110792 19.386306 23.613972 13.560268 24.255416 15.626995 13.744060 13.508570 17.892729 23.491185 23.169887 18.848340 7.484241 20.691432 19.803372 21.012274 15.232406 16.346239 20.538632 17.776207 20.775431 5.537654 14.421934 18.503466 18.561435 18.569767 22.520999 12.480821 24.091541 21.813257 17.110652 16.174108 17.660065 22.497724 14.352770 11.103379 18.163318 24.677138 13.932189 14.841584 21.187008 11.458661 12.175846 13.084864 13.285952 9.866595 13.371370 22.499419 16.614973 15.512285 10.074083 15.051759 6.140072 13.729884 11.785957 24.146728 20.151883 5.392543 20.220063 20.924797 24.124180 15.003212 21.003412 8.974624 16.515903 8.391840 12.600206 10.295392 21.968901 9.382896 22.946004 19.084627 10.229393 12.594003 17.899432 14.781084 12.277963 5.165572 20.626664 18.151163 12.231053 22.482556 19.236433 13.961398 13.264626 6.813211 20.215362 7.282650 7.759750 12.640640 20.808036 24.849318 22.961675 18.181273 23.883896 21.574619 14.227297 10.672936 16.463479 15.545763 5.866253 7.314375 7.427117 15.910007 21.501497 9.085431 23.979681 19.363234 6.724927 14.357284 15.638128 11.008585 22.083083 5.396718 13.074660 20.180963 10.012227 7.426331 15.448305 6.249440 21.527241 15.660998 21.619578 12.321868 10.484059 24.899758 22.482587 15.621906 20.369563 22.681766 17.310273 8.480861 6.887818 19.863139 9.457156 22.661438 9.973685 16.417375 19.544323 14.259979 13.623464 20.051624 23.662649 11.590502 21.644713 7.037154 10.004594 5.255865 19.753875 10.853867 16.975708 7.106780 16.578192 7.913846 15.613074 24.441417 18.921423 9.906672 18.200438 13.981266 10.357365 16.539489 14.893501 7.900941 14.163108 19.351264 20.039359 21.539869 23.200677 10.642769 18.617156 19.290123 12.737905 22.349909 22.194958 14.219386 6.671195 6.386022 23.242048 6.660056 16.584643 11.010634 15.214088 5.085787 6.006016 22.420293 9.407618 5.764978 7.338816 24.980916 24.343060 16.977021 8.701726 9.855000 10.190618 7.330699 8.675997 13.815484 11.856364 23.204988 7.033800 17.570893 23.257308 19.205126 14.950394 21.828629 17.825465 5.993089 17.650001 21.466152 23.352273 14.676619 6.744625 23.994737 21.576848 8.654543 12.309209 11.931219 8.025392 22.822583 17.057763 22.577421 14.613703 7.787841 5.423193 22.862439 17.714102 7.790755 15.983648 11.511739 15.154762 18.582564 16.188156 22.671021 20.003671 12.272757 8.060598 16.719806 8.500192 12.102950 15.954522 24.370558 10.402712 17.648968 8.584018 24.660876 21.279682 24.604334 9.218603 16.740543 19.009752 8.057236 15.078084 14.988315 22.907751 23.003802 24.915603 10.055458 14.277942 13.879593 14.477199 23.683827 20.708601 5.766540 5.562628 24.987214 20.981189 12.039642 8.025514 22.039728 13.161581 24.755141 12.567777 11.412457 15.488883 19.042416 11.990524 14.229885 14.014495 7.807646 14.185201 11.823801 24.904826 21.275663 8.956440 5.975513 7.505065 23.983485 9.300951 16.275052 24.060055 9.194899 16.975375 8.382815 5.762629 8.894106 18.307803 19.330576 19.957072 21.394180 13.367373 7.799565 21.966427 21.517466 7.561409 22.502186 11.668770 22.289208 20.674106 9.287236 16.303107 23.220916 19.290320 15.982935 20.593250 13.790450 17.941729 11.583690 9.072944 7.079569 21.067655 6.353557 5.297573 21.508595 19.239238 16.120256 22.889188 19.468442 18.251855 18.449659 13.711210 8.123720 19.831708 14.870100 16.228569 16.984024 17.163306 18.662470 13.640098 8.317923 6.135292 21.736203 11.991648 24.212958 13.312980 19.954726 10.749966
46
170
0 2 8.121786
0 3 6.170775
0 5 4.212308
0 18 2.080578
0 24 4.929229
0 26 9.535417
0 44 2.418925
1 3 2.019686
1 6 8.365661
1 13 3.182315
1 18 6.271603
1 20 5.809107
1 23 2.832042
1 27 2.512323
1 33 8.234516
1 42 3.135483
1 44 5.788604
2 6 4.058510
2 10 1.732386
2 15 9.691001
2 20 4.649211
2 21 6.765000
2 26 5.295572
2 31 9.457499
2 42 1.189733
2 44 1.344295
3 12 1.333797
3 13 8.599089
3 14 5.766938
3 17 7.922976
3 35 1.302454
3 44 7.484454
3 45 7.899382
4 5 5.218880
4 12 3.541635
4 33 5.116257
4 35 7.883428
4 37 2.470147
5 13 4.308715
5 20 1.265129
5 32 6.419827
5 44 2.292807
6 15 5.498812
6 20 8.304510
6 30 4.146771
6 31 3.721403
6 32 7.086599
6 33 4.595359
6 34 3.945336
6 41 6.165856
7 12 5.916252
7 14 4.486757
7 26 5.718519
7 28 6.923276
7 30 4.972090
7 43 4.357199
7 44 3.382128
8 9 7.312288
8 11 6.621103
8 18 4.506561
8 20 3.148602
8 27 5.527847
8 31 8.607391
8 39 3.152034
8 45 4.070640
9 13 4.123105
9 16 7.980174
9 19 9.242168
9 20 8.376501
9 21 8.013158
9 36 4.817389
9 42 7.250312
10 15 2.765195
10 19 8.123867
10 23 5.165471
10 25 5.053991
10 38 8.539582
11 16 3.306991
11 17 5.972485
11 23 9.672701
11 25 5.687448
11 28 8.384527
11 32 1.327397
11 38 8.756832
11 39 5.006821
11 41 2.981950
11 43 8.211585
12 30 3.910363
12 34 2.362016
12 35 3.663429
12 39 6.555177
13 26 2.632393
13 28 6.204352
13 32 8.485674
13 33 4.558763
13 34 9.774117
13 39 8.183610
14 19 5.832418
14 30 5.930866
14 45 9.264078
15 25 4.185054
15 38 7.703846
15 44 6.031443
16 25 2.772998
16 27 5.042929
16 40 2.320928
16 44 3.126428
17 26 8.017298
17 33 6.037010
17 45 4.982057
18 21 1.836197
18 23 3.717318
18 27 1.177903
18 44 2.882940
19 21 1.955701
19 22 1.690622
19 31 8.328573
19 36 9.189828
19 42 3.909669
20 24 8.951207
20 26 2.058280
20 43 6.167683
21 22 9.928445
21 25 3.282189
21 31 2.142666
21 33 5.806609
21 36 7.752115
22 23 8.455558
22 24 4.524276
22 35 8.574636
22 36 3.616576
24 25 4.744159
24 26 9.531381
24 30 7.153597
24 36 3.442968
24 40 9.675461
24 41 5.869889
25 36 2.336112
26 30 9.061047
27 28 3.794090
27 38 6.760626
27 45 2.867297
28 37 6.695097
28 40 2.280450
29 31 1.931827
29 40 8.375971
30 32 8.980179
30 39 7.700493
31 35 3.983359
31 36 9.504050
31 44 2.713970
32 36 1.797607
32 39 6.545385
32 41 5.726870
32 44 9.721961
33 35 5.990628
33 36 5.246097
33 40 6.492634
35 36 6.334744
35 38 9.482652
35 45 7.534633
36 42 7.438180
37 39 5.417933
37 41 7.194278
38 45 7.843797
39 41 8.869329
39 42 8.386049
39 43 2.960116
41 42 8.027647
42 43 5.460475
257.591491 365.098840 407.387064 281.657851 494.740469 330.922028 472.392203 367.900928 417.064286 231.445738 402.372506 345.431582 380.128748 330.145352 300.947813 326.354141 234.241243 290.756203 511.880972 412.451757 254.207878 266.927646 478.484792 477.297638 283.599585 400.332831 285.736668 335.873822 471.070951 384.731666 335.994339 298.574632 496.194613 435.697404 261.238796 512.505477 368.065765 342.416570 518.303229 272.962547 230.743250 255.081567 338.229484 260.904917 508.275051 500.664622
