700
1397
0 1 3.755847
0 2 10.221514
0 3 19.990077
0 4 18.451010
0 5 15.861843
0 7 2.460742
0 13 9.960371
0 14 2.827755
0 22 6.681074
0 24 4.816838
0 33 9.449707
0 36 5.313138
0 38 13.417626
0 39 18.371279
0 53 13.792444
0 81 13.177723
0 84 16.259715
0 100 19.647015
0 109 2.629696
0 119 7.033417
0 123 3.655842
0 125 2.300017
0 131 17.998643
0 164 17.581157
0 203 18.718284
0 249 15.011954
0 262 11.388183
0 283 14.340931
0 335 12.283840
0 366 1.808456
0 367 9.250735
0 369 9.473924
0 439 4.255403
0 462 9.842019
0 482 14.754077
0 509 9.980851
0 571 13.297678
0 630 12.698530
1 2 5.516572
1 5 16.098801
1 12 12.646599
1 25 17.683935
1 41 17.001709
1 89 19.745234
1 129 17.455670
1 185 19.597404
1 559 19.950095
1 634 18.253713
1 647 3.572975
1 686 18.951552
1 695 7.806237
2 3 18.640837
2 6 3.069574
2 10 14.780273
2 46 9.827690
2 72 11.640646
2 89 4.062242
2 90 18.846262
2 91 1.692006
2 117 18.470759
2 136 16.993409
2 163 12.490885
2 164 2.928007
2 174 13.635289
2 240 4.928289
2 261 19.602845
2 308 9.581632
2 323 19.131421
2 340 12.556072
2 364 2.045972
2 428 19.817063
2 472 14.059702
2 486 13.844800
2 513 11.023698
2 515 14.658967
2 534 19.788673
2 535 13.647925
2 546 18.783316
2 627 16.411269
2 693 13.730060
3 4 18.057661
3 8 9.623787
3 10 11.343254
3 17 8.839013
3 23 16.804881
3 29 11.855973
3 46 13.853421
3 54 18.707793
3 65 9.441585
3 87 7.035558
3 88 1.036595
3 109 12.890074
3 125 15.164556
3 130 2.162508
3 189 12.246712
3 191 11.735407
3 269 19.298012
3 282 11.417283
3 286 5.753104
3 387 18.838837
3 483 18.588698
3 601 12.176886
3 690 15.963828
4 6 15.350919
4 7 10.923317
4 9 18.441158
4 28 3.253325
4 47 14.671404
4 57 18.386769
4 83 15.432300
4 88 9.840125
4 90 5.033912
4 94 7.541595
4 107 1.775547
4 120 10.610790
4 146 18.560633
4 182 16.272957
4 186 3.975273
4 208 13.620719
4 215 11.692663
4 228 5.405437
4 265 6.488223
4 279 12.878430
4 321 3.361310
4 579 8.953205
5 8 12.316684
5 12 1.641110
5 13 15.177637
5 16 8.653856
5 17 15.713086
5 38 4.119016
5 58 13.264597
5 85 4.749796
5 126 3.685914
5 127 10.346671
5 133 13.852633
5 217 3.424097
5 274 8.541120
5 313 17.131466
5 352 14.004375
5 500 14.058969
5 504 7.300828
5 551 7.435780
5 630 3.293348
5 685 14.408228
5 699 10.647094
6 9 8.972753
6 11 2.968518
6 20 14.417478
6 29 1.171494
6 31 3.850925
6 36 4.683501
6 96 10.038989
6 101 8.369118
6 121 15.042943
6 122 7.729019
6 151 18.602503
6 288 17.287705
6 297 1.842348
6 324 19.128450
6 325 6.026705
6 365 19.014060
6 479 8.062319
6 592 11.867704
6 662 13.382579
6 665 5.153909
7 25 17.298581
7 45 5.230174
7 54 17.430474
7 60 18.171029
7 82 2.466467
7 115 5.802529
7 176 6.988631
7 185 1.965604
7 214 19.051626
7 274 17.073375
7 313 7.398690
7 406 12.044081
7 566 16.560014
7 600 8.643224
7 624 7.433078
8 15 17.743213
8 79 1.614694
8 93 2.753521
8 99 18.846481
8 187 4.645802
8 272 4.892891
8 320 10.518318
8 547 13.450261
8 550 16.461535
8 592 10.506260
8 691 14.907700
9 11 5.306885
9 14 2.770728
9 16 12.202931
9 26 9.701377
9 33 2.823707
9 35 12.257602
9 48 2.313359
9 64 2.155052
9 74 3.260054
9 113 1.711198
9 207 17.488376
9 210 7.769725
9 223 6.240499
9 231 18.960438
9 295 10.255686
9 349 14.915745
9 425 10.194728
9 499 8.354192
9 623 13.383507
9 671 13.429761
10 19 17.219534
10 20 13.537237
10 30 2.292767
10 31 13.718283
10 41 9.705728
10 154 6.143841
10 187 1.317679
10 424 10.617810
10 487 18.925208
10 504 6.579246
10 527 3.732505
10 533 2.688095
10 555 19.320933
10 594 17.093596
10 656 9.800374
11 23 9.180804
11 27 18.161933
11 28 9.720360
11 42 8.809882
11 50 8.858806
11 100 13.256799
11 104 13.287083
11 258 1.715148
11 306 4.678097
11 316 17.068679
11 341 17.000469
11 408 12.450773
11 413 1.918793
11 489 8.995088
11 555 6.788246
11 594 12.639050
12 37 3.488828
12 87 15.655839
12 97 9.325858
12 664 15.276980
13 15 13.157140
13 80 17.617621
13 117 18.874895
13 615 18.925814
14 45 13.448547
14 51 4.187636
14 80 5.740345
14 102 18.678250
14 131 3.189818
14 134 9.882500
14 201 13.153003
14 222 15.196087
14 305 19.555815
14 324 19.719188
14 440 1.816658
14 493 5.483442
14 678 14.447924
15 18 3.843687
15 19 14.184964
15 49 8.536686
15 112 12.234348
15 155 14.115031
15 275 10.501492
15 285 15.708332
15 293 12.354204
15 304 19.197425
15 389 2.439279
15 554 6.704097
15 583 6.234956
15 639 15.198906
15 683 13.306436
16 21 15.899417
16 27 2.838680
16 37 11.344208
16 128 11.933919
16 152 18.109367
16 169 11.042257
16 205 10.433705
16 206 18.213507
16 385 6.632781
16 462 16.283165
16 552 4.132100
17 18 19.677853
17 40 17.137958
17 56 13.113086
17 58 18.300770
17 61 6.039444
17 69 11.728916
17 111 5.578047
17 136 12.615415
17 144 14.620268
17 232 16.927509
17 338 9.119801
17 405 12.374747
17 461 1.780232
17 684 4.523664
18 24 13.182810
18 75 15.575710
18 85 10.609993
18 96 15.562769
18 151 2.801376
18 181 8.046997
18 227 4.476767
18 257 10.484079
18 327 10.417373
18 336 17.661166
18 443 7.528725
18 569 8.421987
19 21 19.969503
19 30 18.816098
19 34 15.561506
19 52 3.186454
19 93 2.273745
19 102 13.597176
19 407 15.426386
19 475 15.620008
19 599 12.398598
19 688 19.840876
20 22 8.811738
20 44 9.090998
20 338 8.288147
20 372 10.168086
20 386 19.569298
20 545 10.979963
21 86 9.501479
21 115 13.774928
21 171 19.216893
21 200 18.744131
21 463 18.809210
21 654 19.954048
22 40 17.554169
22 43 14.298143
22 62 18.477360
22 72 15.606173
22 127 15.205089
22 138 4.227861
22 204 14.232931
22 211 2.462760
22 270 9.465863
22 533 5.047490
22 593 5.189598
22 626 12.885174
23 26 7.457244
23 47 14.359655
23 48 15.373635
23 63 13.571133
23 84 3.760614
23 97 5.581145
23 98 1.005595
23 111 14.451454
23 122 7.402568
23 124 1.476511
23 180 16.785237
23 199 8.802015
23 215 11.523658
23 294 1.616232
23 315 6.604510
23 389 4.930221
23 441 19.678267
23 444 7.018221
23 451 12.822789
23 671 13.523468
24 70 1.799832
24 81 6.578783
24 176 10.474337
24 259 15.208224
25 130 8.142877
25 405 17.611787
25 490 9.344235
26 49 16.653695
26 311 11.671976
26 484 3.915341
27 68 1.145240
27 77 10.075028
27 107 16.766832
27 449 2.090218
28 39 10.460541
28 66 10.017978
28 68 8.792088
28 76 10.651987
28 101 17.994125
28 129 16.222675
28 153 3.331788
28 167 18.843554
28 181 13.263006
28 221 9.611108
28 264 12.681871
28 371 4.284397
28 409 18.141353
28 487 18.184927
28 508 14.333673
28 646 17.845126
28 659 16.578414
28 674 17.209776
29 32 12.258908
29 35 16.340443
29 44 16.997871
29 150 10.905166
29 153 6.799844
29 163 2.413514
29 188 19.311120
29 232 17.900794
29 234 16.116860
29 265 19.386869
29 300 7.107300
29 381 12.290361
29 461 11.725343
29 561 2.730966
29 564 1.752643
29 567 11.848801
29 659 5.858506
30 32 12.610901
30 34 15.769502
30 55 5.537189
30 67 2.072165
30 135 3.484691
30 179 3.445288
30 188 16.416643
30 266 7.240209
30 468 7.772187
30 540 19.806305
30 644 14.957256
31 62 11.811339
31 67 15.154359
31 128 13.975064
31 156 3.901795
31 159 7.258488
31 202 16.819539
31 225 17.244928
31 361 14.027007
31 433 12.366724
32 42 16.277089
32 137 10.211663
32 270 17.263305
32 329 15.575466
32 409 18.583887
32 690 10.961989
33 143 7.166588
33 197 2.060040
33 230 14.641871
33 320 8.782334
33 415 3.767995
34 95 19.130875
34 105 9.948700
34 106 12.348224
34 145 3.012687
34 278 11.261864
34 315 10.449877
34 354 15.494074
34 438 12.990996
35 82 5.325060
35 132 12.277340
35 233 11.449547
36 43 15.152862
36 92 7.719866
36 192 1.809529
36 200 7.355150
36 280 10.040625
36 302 6.532846
36 307 16.424116
36 340 4.391098
36 345 18.853535
36 390 15.375262
36 419 10.594772
36 491 6.493399
36 601 11.098398
37 76 13.977348
37 113 17.090976
37 162 1.877214
37 254 4.244814
37 257 19.430125
37 550 14.778925
38 73 3.136231
38 144 16.513080
38 152 16.150295
38 175 17.401028
38 290 4.521625
38 330 10.068119
38 347 8.835180
38 386 15.577073
38 575 18.745862
39 56 7.864831
39 66 7.928430
39 78 2.490685
39 86 2.361306
39 170 19.359824
39 194 17.378466
39 214 4.264808
39 239 14.041473
39 243 3.335189
39 319 11.421736
39 337 18.670474
39 360 16.140057
39 422 17.814182
39 440 18.477341
39 471 13.005638
39 484 11.739228
39 643 1.376581
40 140 3.972148
41 299 18.926134
42 52 7.456536
42 63 13.948878
42 78 9.060901
42 105 17.661494
42 112 12.705770
42 133 5.324216
42 182 10.659183
42 273 15.627905
42 307 2.615194
42 395 17.137204
42 475 7.413736
42 612 14.009950
43 441 13.728088
44 180 13.190792
44 266 17.218695
44 273 7.218867
45 57 1.646643
45 150 16.894577
45 172 3.637582
45 211 9.608981
45 219 6.791345
45 241 13.386843
45 650 3.915200
46 50 4.666549
46 149 2.049820
46 177 19.979753
46 193 1.060875
46 198 6.644558
47 51 11.217251
47 148 9.209713
47 302 18.801002
47 334 3.890694
47 384 18.998054
47 434 14.081516
48 370 19.109743
48 453 12.287304
49 59 14.576549
49 118 6.165313
49 226 10.403235
49 296 5.648860
49 332 9.548174
49 514 19.041894
50 53 15.882954
50 59 15.454304
50 61 1.194727
51 258 7.802971
52 79 4.379632
52 92 10.008100
52 655 5.477095
53 55 7.443308
53 69 10.478247
53 77 4.238382
53 99 3.047947
53 172 17.209142
53 252 11.521131
53 303 4.256696
53 457 14.376870
54 70 16.178881
54 108 5.860834
54 135 5.577228
54 243 14.362026
54 379 5.731819
54 574 16.195303
55 60 10.473033
55 98 19.734924
55 160 6.671810
55 184 11.445316
55 289 7.611496
55 416 17.952460
55 596 19.066940
56 74 1.313636
56 157 7.092583
56 173 6.463312
56 174 15.545797
56 212 18.968835
56 221 13.539887
56 244 8.950355
56 271 2.553803
56 423 19.979851
56 426 8.392685
56 439 16.891522
56 460 8.734418
56 494 7.734090
56 545 19.480962
56 577 14.715465
56 616 12.255837
57 191 13.318577
58 195 18.249656
58 207 19.397964
58 299 16.531575
58 467 6.523857
58 638 17.840899
59 64 13.017179
59 73 4.985764
59 137 3.112706
59 193 13.019030
59 203 10.744712
59 224 1.368827
59 277 19.589787
59 648 3.322218
60 65 2.873098
60 71 14.663044
60 134 16.011804
60 159 2.815316
60 287 10.354354
60 348 14.684459
60 357 12.883167
60 427 12.467915
60 486 2.825513
60 645 17.169456
60 696 15.647461
61 165 19.561659
61 306 7.565321
61 362 14.003336
62 103 17.253781
62 110 12.982595
62 310 18.285274
62 432 9.384631
62 448 4.562916
62 607 4.827268
63 114 2.272748
63 175 10.585686
63 471 13.867627
63 510 10.872332
63 682 16.788172
64 179 5.974327
64 318 13.991251
64 391 14.036381
65 83 2.404324
65 94 5.192094
65 305 19.939726
65 522 12.075756
65 650 14.302667
66 106 5.389713
66 201 13.174539
66 229 12.769574
67 71 14.508756
67 119 18.758735
67 178 5.638068
67 322 17.973714
67 353 5.136732
67 643 19.591292
67 681 19.455164
67 689 14.949122
68 75 8.439938
68 138 14.789714
68 256 18.871110
68 328 17.098355
68 452 6.261878
68 491 7.549060
68 649 2.230574
69 212 13.912661
69 657 17.331650
71 619 3.592907
73 240 13.135085
73 242 7.602159
73 280 1.161663
73 359 18.250818
74 183 10.958433
74 213 10.788748
74 247 14.739319
74 337 12.942494
74 608 7.059194
75 108 7.189076
75 110 4.718463
75 121 14.509279
75 132 12.039502
75 275 8.955684
76 104 15.038648
76 116 13.007068
76 124 4.373110
76 246 7.358795
76 341 11.678269
76 421 7.283991
76 503 9.655530
76 604 19.207353
76 635 3.148779
77 189 3.837456
77 195 16.928276
77 318 7.212429
77 477 5.440328
78 95 16.453249
78 177 10.943564
78 346 1.308425
78 396 4.657718
78 411 4.325041
79 194 15.136533
79 346 17.867793
79 422 7.076267
79 512 2.184118
79 633 16.446552
79 661 2.848198
79 666 1.386688
80 373 6.866778
80 382 15.842042
80 383 4.211342
80 430 4.008764
82 325 13.831778
82 658 13.108468
83 378 4.401443
84 262 17.383057
84 263 2.171751
84 406 17.968291
84 437 11.094116
84 447 7.466202
84 666 9.414075
85 149 16.000593
85 161 12.143904
85 226 12.371851
86 91 12.140782
86 357 3.574224
86 376 5.647290
86 410 11.676818
87 223 8.187624
87 260 2.573857
87 618 17.258395
88 234 11.660600
89 255 3.249838
90 126 9.481970
90 455 13.173683
92 114 1.529377
92 147 12.866131
92 167 4.106807
92 178 2.587333
92 235 3.351362
92 249 10.312334
92 277 11.161868
92 283 13.333238
92 348 3.778351
92 379 16.321791
92 595 5.121867
92 654 8.738907
92 687 16.045383
92 689 19.773254
94 459 6.084192
94 564 4.527230
94 636 7.047189
95 147 5.926846
95 400 1.425326
95 539 16.936995
96 116 9.915760
96 145 5.362715
96 158 16.039721
96 190 2.669183
96 209 17.251028
96 268 16.483730
96 271 15.309791
96 331 3.322309
96 430 13.418412
96 584 18.619848
97 298 5.904260
97 570 13.242587
97 675 13.877831
98 142 1.852968
98 294 8.342889
99 298 7.045359
100 168 12.713428
100 388 16.876274
101 103 7.146853
101 123 11.216126
101 199 10.250808
101 394 1.372734
101 637 14.911499
102 148 1.190233
102 206 19.378009
102 217 15.337052
102 368 3.426795
102 580 2.181397
102 661 9.341353
104 139 6.981463
104 140 2.589093
104 329 19.853477
104 479 13.414836
105 118 7.490932
105 142 3.587102
105 162 7.200890
105 168 11.090736
105 170 14.666683
105 186 3.541316
105 219 17.013908
105 264 15.289412
105 375 17.719867
106 497 17.703394
106 521 11.315302
108 120 18.829483
108 225 14.844175
108 528 13.069644
108 532 15.492763
108 547 17.958601
109 349 1.634608
110 146 8.925007
110 183 11.992344
110 236 6.403288
110 260 19.109129
110 292 9.220213
110 443 6.817232
110 597 8.833475
110 629 10.333771
110 681 8.271763
111 639 14.106177
112 157 10.757285
113 161 19.502398
113 381 10.174557
113 617 14.390409
113 657 17.335677
113 695 13.405833
114 192 5.324399
114 442 12.398241
114 505 11.813817
115 158 7.668960
115 213 18.107793
115 511 10.317192
116 431 14.237431
117 575 3.577577
119 435 18.386856
119 529 10.713143
120 238 2.263726
120 412 9.195867
121 202 17.556686
123 141 16.037809
123 204 10.835222
123 322 17.172351
123 599 17.220241
124 328 10.405392
124 431 13.338462
124 512 12.254431
127 282 3.847773
127 632 7.501539
128 139 1.449259
128 466 5.280688
129 239 17.310363
129 284 14.206014
129 384 11.404389
129 453 8.374368
130 336 3.340993
131 244 10.495566
131 518 15.906737
133 528 6.103306
134 224 18.160226
135 368 17.907944
135 496 9.092450
135 565 2.632224
136 141 4.423353
136 160 18.985333
136 360 17.387008
136 364 7.834599
137 553 6.758840
137 563 19.953218
138 143 19.427940
138 292 13.068383
138 535 4.174222
138 576 3.282990
139 166 1.803628
139 190 19.480812
139 196 8.631850
139 256 1.837253
139 398 4.075035
141 166 3.517704
141 205 7.113745
141 220 5.543829
141 250 12.221504
141 287 13.086160
141 304 5.992438
141 310 10.539086
141 501 14.458409
141 598 14.032270
141 668 15.848383
141 670 8.008489
142 218 2.819796
142 247 6.607526
142 330 17.581371
142 343 6.814917
142 698 17.851848
143 245 11.179147
143 276 5.041052
143 293 4.187493
143 392 16.309609
143 507 18.233431
143 683 11.039153
146 216 2.370171
147 269 11.154472
147 473 2.309535
147 647 1.447358
148 297 17.361404
148 521 15.116660
149 156 5.540550
149 417 12.973768
149 529 15.711907
150 196 10.203939
150 242 7.969950
150 510 1.345355
150 557 12.387070
151 154 19.684524
151 238 6.421101
153 645 16.611966
154 155 11.639198
155 229 1.599658
155 374 12.383278
155 427 11.507336
156 407 11.983521
156 667 12.833596
157 218 7.972446
157 253 13.027798
157 312 14.115871
157 527 13.652495
157 668 18.485587
158 342 16.695093
160 165 11.542398
160 171 9.108099
160 197 18.536506
160 237 8.897310
160 444 8.578300
161 169 18.600013
162 245 12.731805
162 291 14.481317
162 309 16.538292
162 311 8.467055
162 673 7.790012
163 445 5.485955
163 536 16.399385
164 228 17.713768
165 418 19.181085
165 420 18.557564
166 316 11.586731
166 382 12.342461
166 519 18.232849
166 653 19.003175
167 222 15.750075
167 331 2.022396
167 537 9.432367
167 589 9.850097
168 284 3.705114
169 173 11.234299
169 552 8.692655
170 286 11.979318
170 404 16.251021
170 581 2.380689
170 672 15.850921
171 198 2.989296
171 209 9.393060
171 281 2.676259
171 424 13.354763
172 435 9.196284
172 476 2.157428
172 518 3.018474
172 525 2.064578
172 624 14.117888
173 428 9.582548
173 498 3.748362
174 184 1.657349
174 253 11.392368
174 290 3.466586
174 502 1.318633
175 469 1.799275
175 473 12.818747
175 625 12.039534
177 395 17.536347
177 584 16.048548
177 609 5.366761
179 237 19.052162
180 289 6.730413
180 524 3.139025
180 554 7.776404
180 580 18.662138
181 210 5.865342
181 600 7.508327
181 677 12.365742
184 261 18.501235
184 276 11.650504
184 519 14.301342
184 603 3.192490
185 230 3.455641
185 626 8.570895
187 267 14.052863
189 553 1.375360
190 458 19.643230
191 664 15.506781
192 423 7.630319
192 458 15.719318
192 583 5.753021
193 544 7.623583
194 252 6.976906
194 629 4.119740
195 227 19.143909
195 231 2.571946
195 246 13.705890
195 291 2.048110
195 383 11.638249
195 478 1.408317
195 613 4.818811
197 236 8.028557
197 421 7.140270
198 390 12.933590
199 233 7.486893
199 375 12.073417
199 530 14.329207
199 578 15.259506
200 241 11.395995
200 447 18.251572
201 582 4.468014
201 655 2.739662
202 278 16.989592
202 355 6.313856
202 454 14.497777
203 208 3.010228
203 254 9.715642
203 413 18.583167
203 451 9.771307
204 301 13.467181
204 387 15.951384
204 414 3.429722
205 496 17.180432
205 572 3.243759
206 216 18.892257
207 606 3.841763
208 358 13.326706
208 403 16.279335
209 279 14.346550
209 288 7.261691
209 326 7.356631
209 372 5.659237
209 414 10.985556
209 568 11.368029
209 642 19.302715
209 669 8.272960
210 263 10.385797
210 314 17.282663
210 362 10.971799
210 396 18.594503
210 400 18.665306
210 448 16.218865
210 495 17.677933
210 520 12.041768
210 665 3.740296
211 495 8.563253
212 363 2.803190
212 464 6.368437
213 374 15.283980
213 697 17.191627
214 356 4.882602
214 481 9.683654
214 531 7.802033
215 248 19.497114
215 251 11.434745
215 656 4.135347
216 220 16.781717
216 235 3.530015
216 679 10.534217
218 308 4.387803
218 433 1.180824
218 653 13.045841
223 332 2.290167
223 470 8.804078
223 572 19.735023
223 677 9.236175
224 250 13.564539
224 365 15.117078
224 646 4.181019
225 417 13.871239
226 511 2.914566
226 620 14.755219
227 438 12.695776
227 493 11.071418
228 323 4.617243
228 500 15.795560
228 508 1.961434
230 281 4.073118
230 385 18.262586
230 621 6.874024
230 633 10.129330
231 255 2.665160
232 251 11.332713
233 314 10.298842
234 267 18.662902
234 388 7.492802
234 482 7.451784
235 356 14.942261
237 503 14.472817
237 541 1.457035
238 557 18.197443
241 272 4.121157
241 303 14.465449
241 326 2.735767
243 248 14.620284
243 556 18.119839
244 663 10.211879
245 452 19.420537
246 467 7.775830
246 489 18.767869
246 579 4.221465
248 259 13.593647
248 317 17.877994
248 429 9.951410
248 596 8.936312
250 367 15.173644
250 376 11.631712
254 399 17.405075
254 568 10.583440
255 401 19.177964
256 523 12.874405
256 597 11.701053
258 442 5.745643
259 333 13.605774
259 625 17.087557
262 342 3.277410
262 343 5.286352
262 380 7.912573
262 410 9.930051
262 456 2.944160
262 560 16.238321
262 660 10.266767
263 268 14.219712
263 295 13.682561
263 296 15.464077
263 321 15.993993
263 485 13.549781
264 333 7.310716
264 476 2.409936
267 350 7.258722
268 285 19.384298
268 464 12.790504
268 514 8.767735
268 663 8.473488
270 312 3.816323
270 351 4.330966
271 392 8.635045
274 549 6.191727
274 565 17.495965
275 465 19.725409
275 541 14.353392
276 478 3.999418
276 485 18.977433
276 627 14.005923
277 347 16.233592
277 513 12.418742
277 567 7.003031
278 339 8.251960
278 393 2.371936
279 361 5.681164
279 611 3.193208
280 300 19.718321
280 377 12.726745
280 401 8.219015
280 526 18.809907
281 359 7.290198
281 515 15.582248
282 397 15.379801
282 425 6.029536
282 573 8.876858
282 631 7.390099
284 363 10.701738
285 335 3.131648
285 408 9.370506
285 558 19.037810
286 344 15.745862
286 380 15.220638
286 587 2.254738
287 377 8.001838
288 327 1.213371
288 397 9.642786
288 399 12.934710
288 548 13.678022
288 598 2.265365
288 658 8.682706
289 309 14.296651
289 352 5.580594
289 459 8.481639
289 556 16.473166
291 698 13.380055
293 353 17.475257
295 398 16.377014
296 449 12.564708
297 334 7.439486
297 679 18.411489
298 602 4.393021
299 317 5.911309
300 301 13.613246
301 551 19.209983
303 394 3.406471
303 429 9.531363
303 672 16.240980
304 344 12.714781
304 350 11.402870
304 355 2.123871
304 468 17.551286
304 670 9.501647
305 465 13.791401
305 542 19.247032
306 418 19.672886
309 470 5.965701
309 501 6.397436
309 544 6.677129
310 339 4.229860
310 371 10.178083
310 391 16.256134
310 613 2.818868
312 561 17.525582
313 373 4.835094
313 480 5.776432
313 582 9.249294
314 319 4.583401
314 605 15.283804
315 402 16.497302
315 488 13.877458
317 571 2.599556
320 466 11.139804
321 492 19.163727
321 676 10.268829
322 403 18.378647
322 634 4.618928
323 678 8.174507
324 590 12.893313
325 680 13.411288
329 345 15.603195
329 432 12.648738
329 445 8.638542
329 457 6.953050
329 591 17.798340
329 686 15.034674
330 437 6.579019
330 569 15.032950
330 608 12.181985
331 570 9.680726
333 378 9.178300
333 581 19.880579
334 416 12.638782
334 474 15.956888
335 369 18.478831
335 586 13.654351
337 351 8.487844
338 354 5.956017
339 691 19.295115
340 606 11.413037
342 358 8.932903
342 497 17.561499
346 605 12.841951
349 370 1.224063
349 456 12.399675
352 516 10.937809
352 593 19.768818
353 450 13.999014
353 532 9.408669
353 632 18.334118
354 393 10.276434
354 404 13.388649
354 539 1.865013
354 607 14.087308
354 628 8.069759
356 460 8.915229
358 411 16.734406
358 494 2.264070
359 420 3.177647
362 469 4.667174
363 366 15.817693
367 587 3.455516
367 684 10.301350
369 402 3.495210
369 490 3.471653
371 483 3.150936
372 480 17.855108
372 498 12.276856
373 446 8.680298
373 492 11.909176
374 651 16.791905
376 506 12.026536
376 546 4.202867
377 660 16.386241
378 680 16.356172
379 415 16.891974
379 548 4.918541
379 602 9.368317
381 543 3.029742
384 559 8.944302
385 694 16.574075
387 540 10.693768
387 682 17.630309
388 434 15.389308
388 588 5.324648
388 604 11.705662
390 436 12.104683
391 642 12.492601
393 436 9.932685
396 446 15.987032
399 472 4.401878
400 522 5.272170
400 651 17.386656
402 563 18.595870
402 685 9.721132
403 537 14.559184
404 419 19.569732
404 614 4.423731
405 463 2.646812
405 526 12.488645
405 619 12.668896
405 673 18.894806
406 454 14.127782
406 516 15.859076
407 586 9.016729
407 636 13.109515
410 412 6.709036
410 455 18.669934
414 426 19.780897
414 531 18.970724
415 507 3.430202
415 560 17.882590
415 589 19.466196
418 450 7.041556
418 517 19.817647
418 591 10.426349
418 640 2.035856
422 644 19.307898
426 477 12.970638
435 499 7.752887
435 562 7.974407
436 603 9.200139
438 474 17.567587
439 481 3.489449
439 697 9.692382
441 638 18.681482
442 595 14.468083
445 524 17.559277
445 649 6.738015
447 610 7.495436
448 590 8.084268
450 566 16.569659
450 576 17.999831
451 517 12.984273
451 635 9.749379
457 505 14.681356
460 534 6.939804
462 506 12.196660
462 523 8.003076
464 536 7.910768
464 675 8.563070
464 692 15.965969
467 502 14.310496
468 578 5.517490
469 588 2.788986
470 694 10.502272
472 530 17.222497
478 488 3.124600
484 542 16.761067
488 520 2.421634
488 538 10.293549
494 509 8.110944
494 549 6.258917
500 538 8.062078
508 628 9.749501
510 585 1.861833
513 676 16.198202
516 525 7.459469
516 543 8.716923
517 585 16.672272
519 617 15.813040
526 622 13.156295
531 574 4.917299
531 662 19.748864
532 631 7.430264
534 622 13.946512
538 687 4.982131
541 610 10.931329
546 562 12.727048
546 669 5.102435
548 558 8.733368
550 699 5.150857
551 641 18.350111
553 615 9.809463
554 618 1.438541
557 573 5.859861
558 609 13.286682
558 640 11.216698
562 693 15.605870
566 577 15.327198
573 614 3.913561
580 621 18.138225
580 696 6.102527
583 667 7.342363
587 611 2.143924
589 620 15.456102
593 652 19.965819
601 612 8.096425
603 623 14.484021
610 648 13.119107
611 616 16.344481
613 641 1.458083
618 692 1.361789
625 652 14.230331
625 674 13.942555
634 637 16.871046
636 688 11.712137
12.020074 22.750727 14.341622 23.663572 15.105910 10.902224 13.716998 19.009961 22.438758 19.552115 17.550848 16.326304 14.598616 12.254714 18.197029 24.072354 12.138375 18.064309 13.670918 8.188886 12.496334 15.943650 23.991283 16.191627 20.837395 24.129429 12.718856 17.852449 24.676520 17.800869 7.195158 21.340964 11.273008 5.167148 13.945321 11.964465 6.556005 23.572336 18.613024 10.992437 8.411355 9.758985 24.024944 12.367477 7.081251 22.074932 12.898979 11.402754 20.500426 15.952847 15.058706 18.967096 13.516780 12.798349 20.255572 19.065929 15.807312 20.413066 12.102879 6.385636 11.271918 9.898985 6.725101 14.304082 14.411289 9.047189 12.343985 7.027851 8.109893 18.504307 21.757390 19.160076 17.685993 21.007455 15.014352 22.935300 22.197231 20.810476 20.766303 9.493946 24.864113 8.129365 23.539578 6.544658 13.219341 17.519273 10.808391 13.699894 23.846859 24.431759 16.966865 9.167293 18.583235 22.430870 11.262166 18.983382 12.428390 9.159386 16.913653 7.043185 21.359951 18.238640 8.674750 12.301928 20.082537 15.043149 8.438877 22.189802 12.848796 8.540261 23.370649 10.412092 15.304794 9.240887 16.068173 14.395441 18.825698 13.971510 15.076649 13.078308 10.711706 7.796925 24.200990 8.228655 6.397763 17.627064 23.247435 19.011489 24.672977 18.022947 12.330335 6.224876 16.804101 24.871695 21.751876 6.095927 6.480171 18.976874 20.665893 22.736555 12.717996 13.917683 19.068135 10.850480 19.386604 8.201032 21.873623 12.471536 14.590220 16.213761 10.521893 15.425318 21.190449 19.044254 18.163386 18.750787 12.763951 6.452834 17.967823 13.341899 20.589915 19.638100 18.645519 15.698108 17.773170 19.335827 15.459598 10.184825 17.031094 13.337342 16.362785 14.277111 16.348575 8.598083 17.221275 8.923662 21.782797 23.149175 12.467831 8.839488 7.683243 15.390732 18.204358 9.934108 7.090172 12.249373 8.276074 17.160042 20.796883 18.941219 6.984661 19.944185 15.362527 17.695219 5.178533 10.494159 15.423159 19.044859 9.732113 18.927476 20.542051 17.845437 10.284259 19.554967 5.589621 7.996573 18.711494 24.010348 20.553417 9.875570 6.092827 20.595102 16.376201 14.445804 9.399471 23.143459 24.521351 11.176506 24.053081 22.768957 7.365417 22.900382 10.265072 14.317488 23.391410 17.704284 14.221357 18.442212 5.340443 21.331293 12.433232 23.712818 17.982443 14.360699 15.144344 22.919673 7.760988 17.238401 13.092295 17.744998 16.301890 8.964868 18.160618 5.604657 18.335731 22.184459 22.138973 8.740894 24.018866 6.811164 22.379153 6.560776 14.475594 12.825232 9.503435 14.009823 17.903512 10.729892 15.685184 13.499384 24.108947 10.797329 11.934089 13.662762 19.792998 22.266610 18.201746 5.405150 12.080281 10.579686 10.837900 5.773714 5.354430 6.963510 10.600285 5.283118 14.952652 11.891337 7.175388 12.029934 10.724616 5.617003 14.763558 21.165553 17.216320 24.724650 13.772162 13.519128 24.548952 23.860909 18.391926 20.200136 6.628547 22.233099 23.659892 9.338729 7.708585 24.248659 23.951993 20.641376 10.062265 18.226420 13.682153 15.503726 9.138072 17.368704 20.878273 22.116283 5.838026 11.153322 12.967092 19.108756 6.737720 6.867014 22.905199 16.719652 23.974939 22.953298 13.078379 8.241460 20.222002 24.102444 21.700076 5.736552 9.015953 21.839647 8.973760 16.911369 17.751626 24.489278 21.766495 23.900923 12.474430 15.027470 18.376030 19.788369 8.132397 5.720451 17.949579 11.380634 5.033608 8.086253 9.646913 10.823335 17.859130 13.538280 17.596950 19.594753 17.888139 22.181910 7.793930 16.186739 20.052958 22.634772 19.249670 22.620515 9.747086 15.495451 14.802750 7.917442 7.600185 19.308725 18.503459 22.139301 23.018008 17.016051 14.834945 10.696666 17.202630 7.940294 21.994447 5.771662 14.798691 15.816414 19.390065 13.743786 23.792157 7.691543 9.192589 14.768119 5.522583 6.526261 13.058427 22.487998 15.821332 9.982063 12.659894 16.094914 24.276378 14.225942 24.095781 12.498601 17.751856 5.787513 18.454600 16.642776 24.967308 11.315710 22.736127 11.281223 20.206593 9.523595 7.771830 21.994423 11.128484 23.020999 13.130766 21.011505 12.948849 17.814205 14.717047 19.859696 24.994240 7.812073 8.977790 11.831457 12.335784 24.433658 18.928423 23.724203 8.635215 7.140871 11.584076 19.280437 9.714840 6.756862 18.558765 21.966520 6.733016 6.987870 15.040684 16.653076 20.327906 5.444670 5.388846 22.847369 9.460504 8.716561 8.551131 14.803784 10.415810 16.062468 16.800152 6.283327 11.951284 22.265396 14.459588 24.400743 8.131938 18.820624 6.189276 13.444938 21.116800 11.336622 13.969086 11.155061 7.658465 19.998142 7.162415 19.509502 19.743220 22.606678 18.926904 17.887976 20.073287 11.873901 21.759249 23.627042 18.283053 23.244199 22.340359 13.752038 14.567548 13.993983 19.451087 5.543510 20.742409 7.044811 23.355973 22.943382 16.483963 12.180865 17.318354 24.046342 11.264172 13.982892 24.891224 9.984982 6.068153 6.799155 14.354318 21.626988 15.943566 23.588908 6.775680 11.333058 14.967700 24.210818 8.466942 19.830903 24.793800 5.459862 8.861701 6.239279 18.243620 12.378236 17.766961 24.347237 24.179292 15.237958 5.350344 19.746150 16.276739 10.507057 10.700874 7.408631 15.467181 16.730470 15.238721 18.521308 7.045600 12.640983 8.417102 18.642799 9.469917 9.497884 20.005286 9.447325 23.978530 19.360144 13.982999 23.920118 18.870032 24.864355 12.208758 19.572228 22.529983 5.663055 9.346580 21.488773 13.147031 21.690322 17.357698 15.744250 15.102236 16.517739 20.894556 24.621072 14.377176 13.957304 19.401319 24.619129 17.915101 18.474416 24.432339 24.104294 14.715456 5.616626 18.436162 12.536517 12.100039 13.558795 22.781347 15.770869 20.549210 23.924574 16.873750 11.531156 8.880340 16.699723 17.057044 21.941556 12.691718 24.789948 20.131893 18.186302 21.853243 24.355892 17.265332 19.214813 7.168185 23.264268 16.151033 15.044685 7.700218 15.940322 20.751934 20.418263 14.136909 21.790774 5.473257 18.923005 14.307558 15.486729 18.690340 11.665141 24.873501 13.939147 6.750721 13.900307 11.766989 23.179814 10.924648 20.828274 15.803160 13.869746 15.646240 23.994905 23.971918 14.781245 18.917275 11.907051 13.150400 24.851091 14.077979 19.878035 22.635871 14.853281 5.093422 6.155021 22.523693 10.449849 24.583040 17.315365 14.409423 11.344830 11.411318 6.374534 21.554411 12.928068 14.689269 17.322776 9.192395 18.692031 9.073730 8.016113 8.758366 8.794631 7.414523 20.469159 9.418338 8.931908 14.336714 6.138254 21.434010 10.458319 18.896261 12.461072 22.876907 7.304190 17.274481 20.387100 20.248348 6.499957 16.144630 22.932795 20.536645 12.142562 13.788314 12.300954 5.247809 13.848741 21.790978 14.371310 8.293155 12.370655 16.386344 8.668161 15.386110 20.171256 12.965798 20.206522 22.486661 8.056532 24.509970 14.529371 19.974956 19.644481 6.149174 13.541500 18.061900 12.210741 14.690187 7.479587 15.766285 16.238169 24.607495 5.196481 9.433167 11.106664 11.757739 12.548352 19.071317 12.492617 20.145518 9.660644 14.932398 18.971175 10.144643 21.715461
46
188
0 4 7.253474
0 5 4.256815
0 16 8.379209
0 22 9.283754
0 28 5.812091
0 33 3.648800
0 45 6.509941
1 7 6.653585
1 15 2.720924
1 16 7.633595
1 18 3.137430
1 24 5.684303
1 25 6.320589
1 32 2.197211
1 37 4.147832
2 3 9.626735
2 7 4.918674
2 9 5.598229
2 10 2.722300
2 17 3.131033
2 19 2.178198
2 21 5.997565
2 23 1.283725
2 28 8.492204
2 30 4.291773
2 42 8.689461
3 6 1.688775
3 8 9.882962
3 11 2.406736
3 18 5.949586
3 19 4.831149
3 21 1.190727
3 23 8.443504
3 30 8.568520
3 39 3.218026
4 5 8.846691
4 14 7.828727
4 16 3.550877
4 27 3.033323
4 28 9.642560
4 30 1.363154
4 38 6.416878
4 40 7.930745
4 42 4.387346
4 43 6.463322
5 7 5.888689
5 12 7.325876
5 16 6.954353
5 30 7.061368
5 33 4.907603
5 42 2.891273
6 8 8.992500
6 9 3.521106
6 14 3.315014
6 19 7.420590
6 38 4.909843
6 39 8.934099
6 40 2.490562
7 9 5.586056
7 13 6.992293
7 15 9.288931
7 25 6.086690
7 28 2.398321
7 44 2.414463
8 12 8.289623
8 14 8.202614
8 18 5.290118
8 30 3.374601
9 11 2.727814
9 20 7.911908
9 29 2.884873
9 31 4.116968
9 32 7.582302
9 36 8.992372
9 40 1.348473
10 15 3.086780
10 20 1.148202
10 25 8.633281
10 26 5.417007
10 27 2.641363
10 34 4.299654
10 45 5.118498
11 23 9.170261
11 25 9.249126
11 40 6.204154
11 42 6.593558
11 44 9.850740
12 20 8.503817
12 22 2.643249
12 25 4.421376
12 36 6.179292
12 41 9.071147
13 25 4.559338
13 27 8.347543
13 32 6.108345
13 34 5.444310
13 36 2.885383
13 43 4.773443
14 17 8.901521
14 24 2.521670
14 32 6.849830
14 37 6.416388
15 20 5.708933
15 22 2.316164
15 23 5.443370
15 26 4.367928
15 29 6.923196
15 31 5.814218
15 33 8.044780
15 38 2.375450
16 17 3.551911
16 20 4.788656
16 24 1.067469
16 26 9.409141
16 28 9.457961
17 20 4.446198
17 22 3.236776
17 24 8.470020
17 25 3.529016
17 28 2.516528
17 29 6.299103
17 38 8.032637
18 27 4.687107
18 34 3.274361
18 40 6.644313
19 21 7.342276
19 29 8.822969
19 31 6.111396
19 34 3.226755
19 39 9.577611
20 23 3.231641
20 28 6.800453
20 29 7.463258
20 31 6.299269
20 42 2.419554
21 24 3.707391
21 35 8.544545
21 42 1.064384
22 26 9.414337
22 30 6.831868
22 39 8.794813
22 42 6.466192
22 43 9.006010
23 36 8.113746
24 29 9.027664
24 30 4.200246
24 34 5.153818
24 36 7.620894
24 38 9.831508
24 43 3.206792
24 44 8.510253
25 32 4.934245
25 33 8.672492
25 35 7.346489
25 44 4.887239
26 31 8.347412
26 35 9.033738
26 40 9.873096
26 45 6.683988
27 30 8.219886
27 41 1.700962
27 43 9.172955
28 32 2.272669
28 36 5.522031
29 35 3.522165
29 37 3.616873
29 38 5.612924
29 41 1.696080
30 31 2.777137
30 36 1.431755
30 40 4.532120
31 33 2.283658
31 36 5.259997
31 37 8.514281
31 44 4.106803
33 37 4.629533
33 42 6.942070
35 36 9.031780
35 38 8.490548
35 42 5.545276
36 43 2.356734
37 42 2.624273
38 39 7.553687
38 45 3.866817
39 40 3.014408
39 43 4.305890
40 42 5.012570
40 44 6.030379
434.726863 325.842365 388.865345 389.307997 392.229094 448.550969 362.312953 241.590111 521.422353 265.211280 472.720235 409.031312 391.189040 452.478757 415.687334 232.529562 473.505265 279.100918 258.322025 353.198912 336.279481 467.688176 382.928446 323.778491 269.178870 382.149729 473.620615 314.625393 268.242861 503.218996 396.997946 356.929384 302.944972 332.671700 401.336482 236.673949 253.318845 259.505238 400.836720 242.667170 511.709301 496.920705 460.240891 490.293961 358.024996 475.635967
