700
1397
0 1 14.155624
0 2 4.803021
0 5 3.181783
0 8 1.507612
0 9 13.780429
0 11 11.302320
0 13 4.562333
0 19 1.814034
0 22 5.095580
0 32 17.677994
0 39 2.908810
0 58 14.039868
0 74 3.972354
0 116 3.343926
0 154 11.944632
0 224 17.747245
0 270 1.842660
0 293 11.207090
0 296 11.046013
0 324 1.699314
0 377 15.358249
0 379 17.011160
0 406 3.135220
0 420 12.760860
0 423 2.492034
0 536 1.140243
0 565 17.847979
0 597 9.034639
1 2 5.229562
1 3 15.409441
1 4 3.761696
1 7 16.932330
1 17 6.533232
1 38 6.572931
1 39 1.075769
1 40 5.922180
1 42 4.589838
1 44 1.728054
1 49 14.968242
1 55 4.902447
1 64 2.664603
1 66 17.058632
1 71 6.981146
1 109 4.071259
1 112 18.706650
1 149 14.018659
1 160 14.630416
1 191 19.757524
1 212 12.589605
1 219 7.157983
1 303 5.731408
1 336 9.128292
1 370 10.534056
1 386 7.413817
1 387 4.617228
1 410 17.361003
1 445 19.349056
1 506 9.696196
1 522 2.239732
1 579 11.383789
1 632 4.011168
1 677 12.515908
1 678 5.686372
2 3 16.172316
2 6 14.706634
2 8 13.744855
2 13 3.439001
2 14 10.394025
2 19 9.162236
2 27 11.445489
2 53 8.042306
2 59 4.095670
2 60 1.857207
2 63 9.380292
2 70 7.985010
2 77 16.262556
2 88 4.560727
2 100 9.644626
2 102 7.234139
2 104 19.500237
2 126 12.948185
2 127 18.873442
2 131 16.886491
2 145 3.880567
2 150 14.504943
2 157 17.504949
2 168 11.840879
2 170 10.070935
2 201 14.516972
2 202 3.038201
2 203 7.529761
2 240 1.270581
2 262 15.107888
2 282 14.555577
2 306 6.941913
2 327 10.925947
2 376 16.166050
2 390 2.814437
2 396 16.635654
2 407 9.603845
2 428 12.232469
2 457 1.444171
2 471 10.380788
2 482 13.703588
2 598 19.460159
2 620 6.829321
2 652 15.213496
2 697 15.753016
3 4 5.382084
3 5 13.171678
3 6 19.754033
3 12 4.707246
3 15 12.168428
3 20 9.762542
3 29 15.357843
3 31 4.000992
3 33 1.846353
3 43 1.224976
3 48 2.832540
3 50 17.750816
3 55 2.881565
3 68 1.119805
3 71 19.585331
3 120 1.486563
3 125 18.412968
3 130 4.887229
3 137 9.805614
3 179 19.958104
3 233 18.457206
3 235 7.778677
3 260 1.940257
3 297 19.709900
3 298 9.854962
3 316 3.344839
3 333 6.596212
3 348 14.132819
3 361 15.657915
3 368 18.968352
3 395 1.847796
3 409 15.735349
3 416 16.660482
3 444 1.769070
3 456 6.687200
3 469 14.945453
3 584 18.870160
3 646 16.601024
3 659 13.833318
4 10 11.707499
4 14 10.773740
4 24 6.132115
4 47 3.749397
4 62 7.739569
4 67 15.548034
4 81 9.841690
4 88 14.460893
4 122 14.869411
4 136 7.413869
4 141 12.400436
4 164 7.665540
4 222 19.435467
4 291 7.338900
4 358 11.352162
4 359 13.647892
4 424 4.713943
4 507 1.683898
4 541 17.925434
4 698 2.005235
5 11 7.028908
5 16 12.393606
5 25 6.925100
5 58 12.930217
5 65 11.289470
5 76 12.615365
5 79 18.502496
5 95 16.957749
5 163 4.389646
5 198 2.636054
5 275 17.806276
5 323 17.223354
5 332 2.793680
5 484 10.370337
5 517 18.859661
5 584 13.005890
6 7 7.389270
6 21 13.259950
6 86 18.672464
6 124 16.073006
6 134 2.565834
6 153 3.662904
6 203 7.875379
6 340 6.428576
6 441 10.684816
6 447 17.774281
6 490 7.604850
6 542 11.094549
6 558 13.632706
7 12 13.740161
7 17 17.853561
7 24 3.014430
7 26 19.505363
7 27 18.469316
7 28 13.560275
7 34 2.305567
7 41 6.167421
7 48 11.793613
7 49 2.064278
7 64 12.192146
7 70 3.298542
7 84 8.584470
7 89 18.223513
7 97 10.463258
7 107 2.009157
7 108 1.320030
7 112 13.523464
7 121 10.347948
7 128 3.508884
7 159 9.176836
7 168 17.010711
7 211 19.389218
7 224 18.944754
7 254 8.734635
7 265 6.267776
7 290 5.701840
7 328 15.503495
7 417 11.685172
7 425 17.640809
7 438 3.827883
7 449 13.281792
7 478 5.012756
7 498 2.179599
7 540 8.654713
7 612 9.956135
7 675 10.094939
8 9 7.221778
8 10 8.465980
8 23 8.410847
8 35 8.835870
8 52 2.269348
8 53 12.650643
8 67 1.250453
8 72 6.312055
8 132 5.152465
8 146 16.877525
8 228 19.608937
8 233 4.125800
8 246 2.646068
8 304 9.407308
8 320 3.852140
8 347 18.605703
8 399 10.939467
8 514 4.051835
8 526 7.447835
8 533 5.676536
8 566 8.841229
8 581 16.905240
8 603 3.078265
8 614 16.638966
8 616 6.656333
8 658 18.111942
8 661 1.585550
8 675 13.238475
9 15 9.576935
9 18 18.585679
9 20 15.267644
9 29 17.809483
9 30 9.301169
9 37 9.899471
9 65 19.322455
9 93 10.140870
9 100 5.270451
9 105 5.239784
9 119 18.468258
9 150 17.418591
9 154 1.670707
9 188 4.468481
9 201 7.413665
9 228 15.060005
9 236 11.017151
9 267 6.634964
9 305 15.071974
9 311 2.513348
9 312 1.442261
9 369 18.730750
9 385 11.627083
9 451 8.255632
9 460 14.689126
9 490 7.038079
9 609 15.765685
9 657 16.738535
10 16 1.824752
10 18 1.044348
10 35 18.365698
10 36 15.918167
10 46 6.389524
10 72 8.185482
10 75 6.687029
10 158 11.426354
10 192 15.679787
10 315 4.352601
10 344 13.638898
10 376 11.976886
10 387 15.935367
10 624 6.183914
11 83 14.510111
11 110 11.418182
11 626 18.619856
11 671 18.570014
12 33 5.688745
12 43 14.902217
12 66 1.340313
12 189 18.717144
12 218 15.061824
12 430 6.966915
12 466 14.072352
12 474 7.412258
12 664 2.831002
12 670 15.321549
13 28 11.873280
13 92 3.346677
13 106 5.314410
13 204 10.619811
13 242 14.730692
13 365 2.244880
13 380 8.482297
13 668 3.175948
14 243 15.685868
14 248 5.464811
14 351 17.290429
15 37 17.551647
15 196 11.954915
15 306 17.195451
15 375 6.616806
16 173 17.279595
16 205 14.973242
16 345 7.348070
16 478 2.038330
16 481 2.101261
17 21 9.165422
17 22 5.599389
17 25 10.905159
17 50 7.565926
17 57 17.034647
17 101 5.875201
17 115 12.001969
17 199 16.875473
17 211 2.173582
17 286 16.539620
17 291 8.033402
17 571 15.788020
17 590 7.163618
18 69 7.043449
18 80 15.144642
18 102 15.927237
18 304 15.507166
18 581 2.635955
19 40 7.222708
19 45 1.111321
19 78 14.374391
19 163 4.707962
19 278 14.368386
19 525 13.462215
19 555 4.385041
19 560 12.127528
20 23 7.479330
20 76 1.888778
20 130 5.964163
20 151 3.872570
20 165 5.222812
20 183 13.633453
20 212 17.482974
21 56 10.914725
21 122 1.274037
21 184 17.356432
21 227 7.828639
21 307 1.084115
21 337 14.948060
21 487 1.319136
21 528 15.289326
21 621 5.915790
21 643 1.748307
22 26 18.816308
22 41 18.487910
22 46 5.839840
22 69 16.714378
22 106 14.300565
22 123 17.863545
22 175 4.543846
22 343 3.989126
22 380 7.190955
22 560 12.967149
23 30 6.555825
23 63 8.599213
23 73 1.662948
23 339 18.241973
23 450 5.946569
23 559 19.262642
24 31 5.002885
24 38 1.535319
24 57 3.912217
24 94 7.560213
24 101 16.242867
24 117 14.049298
24 120 19.225932
24 176 19.821784
24 190 1.824278
24 221 16.471803
24 276 9.663139
24 349 18.603618
24 358 9.465892
24 369 7.511012
24 459 3.678481
24 507 19.737097
24 512 5.226625
24 549 11.857876
25 59 4.797662
25 463 10.961956
25 489 5.479195
25 520 13.585494
26 236 16.986385
26 279 8.290273
26 413 4.597636
26 427 19.899461
26 455 9.481144
27 34 6.298873
27 167 5.052594
27 338 13.194311
27 525 18.746813
27 638 11.465782
27 660 17.848872
28 36 12.444190
28 82 2.530280
28 132 14.164990
28 138 12.312332
28 156 6.166674
28 265 16.027138
28 355 9.657335
29 197 10.140948
29 245 10.628217
30 44 19.695339
30 60 11.586232
30 91 8.603693
30 133 1.659898
30 225 2.863578
30 352 1.338498
30 445 4.902084
30 696 12.512184
31 32 19.902909
31 74 4.719621
31 108 10.022356
31 157 7.423422
31 281 11.693728
31 397 15.787082
31 625 9.765236
32 42 16.612541
32 54 15.582796
32 80 2.845464
32 86 6.018056
32 96 8.565907
32 143 9.958896
32 177 11.127363
32 251 15.684291
33 62 15.795648
33 141 9.647922
33 237 10.616422
33 381 4.766940
33 383 17.253934
33 595 12.108350
34 61 16.721636
34 99 1.526405
34 541 14.891346
34 607 2.138105
36 179 8.457148
37 272 1.877671
37 434 13.563090
37 537 2.522931
38 97 13.774083
38 239 19.279232
39 68 12.531331
39 96 1.092458
39 145 8.431091
39 169 10.743086
39 290 10.305532
39 335 19.960001
39 519 10.630764
39 578 2.860593
39 586 2.499697
40 54 19.633742
40 559 10.829709
41 103 3.999859
41 146 9.095383
41 177 12.486536
41 193 9.924923
41 213 17.994892
41 294 16.350204
41 297 16.297601
41 314 2.086867
41 368 17.479164
41 409 18.170382
41 438 9.023782
41 520 18.480058
42 51 11.498115
42 93 6.622546
42 432 8.793773
43 45 2.450562
43 47 1.064657
43 56 7.287853
43 136 16.267932
43 180 9.495186
43 181 15.193315
43 227 11.954166
43 232 11.392902
43 256 11.211709
43 281 3.355227
43 311 1.214021
43 567 6.575515
43 621 7.212560
43 651 7.715706
43 669 4.692070
44 77 10.552767
44 397 1.790188
45 75 10.589503
45 87 17.808218
45 131 4.953716
45 207 10.702636
45 239 14.571430
45 364 1.263475
45 401 3.569737
45 668 17.707847
46 52 1.381664
46 82 3.507611
46 231 8.466178
46 267 15.376369
46 342 2.008750
47 51 13.944949
47 182 6.817905
47 534 3.045122
49 94 9.970634
49 288 7.216598
50 124 4.041392
50 147 6.998906
50 166 2.430973
50 283 17.820538
50 357 2.369152
50 375 9.681438
50 524 16.774372
50 695 1.522543
51 73 1.029940
51 206 8.363401
51 338 2.193938
51 494 16.839345
51 602 19.575877
53 81 14.170124
53 113 4.442236
53 155 4.979718
53 189 11.381640
53 400 16.647437
53 493 12.651948
53 601 19.373896
54 105 15.260476
54 114 2.938574
54 115 7.552321
54 198 9.596008
54 392 9.831092
54 398 2.912199
54 606 7.248309
54 613 12.790280
55 103 11.782601
55 142 4.099396
55 183 15.018717
55 225 12.257961
55 519 11.869724
55 610 9.839330
56 84 8.071012
56 90 10.515983
56 99 11.933513
56 129 15.589379
56 656 16.165243
58 85 18.192726
58 91 3.855688
58 174 7.446661
58 321 3.778499
58 326 7.016302
58 415 4.376011
58 491 14.990396
59 111 1.912695
59 139 11.335390
59 247 13.482396
59 260 17.969294
59 298 14.144827
59 389 4.176733
59 634 4.878488
60 61 13.146437
60 83 5.583550
60 138 16.381787
60 268 6.287484
60 401 10.781558
60 431 9.116443
60 439 8.820902
60 530 19.428984
60 564 13.768199
60 627 12.933185
61 78 7.573934
61 85 1.186338
62 252 12.049446
62 496 8.797549
62 546 8.582498
62 622 1.965695
63 501 10.349164
63 573 19.439649
64 152 18.671005
64 185 13.141242
64 285 18.160620
64 308 8.083389
64 448 11.872984
64 676 11.766601
65 107 17.425834
65 140 7.008781
65 148 17.345800
65 152 10.453000
65 178 11.745442
65 209 18.349149
65 318 13.658932
65 406 10.085278
66 174 14.837444
66 258 7.560352
66 289 12.282671
66 346 16.658278
66 662 15.290768
67 264 3.115646
67 396 1.392084
68 133 19.355557
68 140 5.085741
68 171 18.859006
68 273 2.957657
68 285 6.147958
68 325 3.860291
68 573 5.052468
68 692 11.730669
68 694 19.834649
69 125 2.385531
69 187 18.713724
69 284 1.535885
69 372 14.099805
69 377 7.705221
69 390 10.763822
69 428 12.496476
69 615 1.281242
69 624 1.600403
70 259 10.540607
71 79 2.864537
71 90 10.284662
71 127 6.130129
71 205 2.644804
71 269 9.001663
71 294 12.779042
71 653 19.527751
72 159 18.558937
72 185 1.721281
72 302 7.723318
72 315 4.562092
72 317 7.348409
72 326 3.720548
72 332 5.638397
72 402 7.538708
72 407 12.945149
72 468 3.484594
72 553 12.919495
72 574 17.457920
72 609 1.537983
72 622 12.019088
73 214 19.840429
74 280 14.759285
74 513 10.202106
75 89 6.335602
75 171 12.467469
75 176 1.680719
75 194 13.859709
75 261 11.358739
75 442 10.616123
75 450 10.979976
75 501 16.355102
75 616 17.420016
75 647 2.381758
76 123 8.818630
76 350 19.113684
76 497 12.385477
76 508 14.660319
76 661 11.914602
77 92 15.782951
77 135 14.726361
77 181 8.498221
78 506 17.005951
78 599 1.120371
78 632 16.530630
79 109 18.838493
79 114 5.952725
79 251 1.987665
79 284 12.183860
79 482 17.426227
79 488 17.816093
79 538 5.068901
79 686 6.611473
80 87 18.692416
80 216 19.285118
80 322 18.763270
80 354 1.312037
80 367 7.198301
80 374 10.868600
80 424 11.681481
80 598 9.269575
80 660 8.668674
81 300 11.811837
81 472 10.061056
82 95 11.320479
82 148 3.099904
82 277 12.342574
82 371 7.348615
82 382 19.782440
82 516 9.420302
82 666 8.587107
82 671 14.248304
83 190 12.243909
83 303 10.167753
83 429 3.995117
84 371 3.425108
85 98 9.518869
85 121 19.040297
85 178 5.449491
85 235 12.109786
85 678 18.483599
86 98 14.491854
86 467 16.183560
87 167 13.776057
87 209 3.705165
87 210 2.849534
87 238 16.723200
87 292 17.414250
87 333 9.816493
87 363 9.724840
87 435 17.167222
88 155 2.153605
89 288 6.352750
89 320 10.381971
89 444 5.546421
89 572 16.141519
90 200 8.038947
90 246 14.916182
90 342 8.375398
90 354 12.302535
90 437 19.708067
90 443 17.979797
91 119 13.725672
91 382 5.794766
91 644 8.617569
91 688 4.535925
92 117 10.389103
92 151 11.085914
92 172 19.934202
92 286 11.826795
92 530 16.849536
93 144 7.158453
93 160 14.332701
93 173 9.929657
93 182 4.392438
93 186 14.561158
93 234 2.658344
93 337 6.038052
94 104 7.017008
94 118 2.559526
94 161 8.439153
94 356 14.230258
94 456 3.655655
94 515 14.934207
94 601 5.336198
95 111 18.590328
95 113 8.207839
96 219 17.752873
96 392 19.748932
96 548 17.516220
97 149 13.923501
97 295 5.731839
97 435 17.169500
98 126 16.129313
98 169 1.507071
98 269 13.409920
98 348 14.209410
98 497 8.717613
99 110 19.451535
99 193 5.122985
99 249 7.299428
99 637 10.814889
99 665 3.844890
100 135 17.939569
100 363 19.594088
100 674 1.176704
101 494 5.602913
102 481 18.720095
103 128 7.834712
103 240 6.753866
103 274 7.451867
103 319 1.889323
103 449 12.195081
103 524 9.466604
103 571 14.673034
103 610 7.483938
104 603 4.492324
105 208 6.798457
106 241 17.500716
106 350 8.797876
107 259 4.482214
108 116 13.973957
108 118 12.807796
108 200 8.455037
108 215 12.360043
108 405 5.336372
109 188 6.346220
109 245 5.503071
109 271 8.417932
109 464 11.153670
110 144 7.350510
110 191 2.574318
110 250 14.967686
112 345 10.865780
112 388 2.870641
112 466 19.277116
115 134 10.474671
115 299 13.339745
116 192 2.201836
116 256 12.195303
116 274 15.017007
117 238 7.141584
117 241 1.736540
117 591 8.632396
118 210 16.708371
118 499 19.988278
118 604 17.086645
119 429 10.651095
119 586 2.238688
120 218 6.864489
120 344 19.250203
121 129 1.264720
121 302 9.832453
121 316 2.075785
121 431 16.054928
122 186 9.699318
122 195 9.092628
122 206 11.139587
122 331 10.014158
122 464 6.065776
123 137 7.696799
123 162 12.281706
124 196 19.039141
124 487 4.400723
124 683 14.740672
125 143 12.804828
125 194 11.793747
125 222 5.918579
125 330 15.276179
125 470 3.956225
125 477 11.659940
125 649 13.934195
126 158 12.690162
126 172 1.675667
126 217 2.194359
126 253 19.836094
126 275 4.073236
126 293 19.262311
126 384 4.988585
126 436 8.259865
126 446 7.928097
126 457 8.083587
126 480 3.317517
127 153 16.028660
127 325 18.649847
127 527 2.749908
128 207 8.947543
129 147 19.743665
129 243 7.376715
129 385 12.027916
129 412 4.188785
129 452 2.486127
129 503 14.449926
129 589 3.103348
129 623 15.080124
130 139 3.434517
130 164 18.235451
130 197 7.182803
130 283 8.858862
130 663 18.110388
131 242 17.778792
131 321 19.578421
131 389 8.601431
131 472 19.263691
131 505 14.651592
131 568 10.291364
131 592 1.985245
131 600 6.707248
133 175 19.669870
133 202 1.075935
133 208 5.085454
133 330 16.118734
133 484 8.623628
134 142 3.065149
134 249 18.358561
134 353 6.914638
135 170 3.767172
135 248 3.563164
135 374 15.539159
135 631 4.404700
136 231 1.120884
136 512 6.365980
137 166 9.048320
137 599 4.908927
138 220 7.930597
140 156 7.804413
140 252 15.489008
140 263 15.485490
140 336 8.011620
141 423 3.919662
141 554 2.403427
142 162 12.398984
142 234 17.526698
142 357 8.887330
142 502 11.359261
143 223 3.123597
143 299 12.572301
143 640 11.814226
144 204 3.945340
144 253 8.175163
144 360 11.491993
144 422 17.904449
144 630 2.290519
145 322 16.430892
145 346 14.515556
145 623 5.812974
146 161 16.160660
146 480 4.177535
146 523 4.544056
146 545 3.007790
146 629 13.700917
146 689 2.250520
147 230 10.912980
147 655 8.924395
148 416 12.427849
148 539 1.164718
149 625 16.831165
150 165 8.247583
150 187 1.668615
150 255 19.108461
150 300 18.365067
150 309 4.345750
151 349 6.878772
151 356 10.668517
151 440 7.238241
151 488 7.703045
151 615 4.064705
152 689 19.631551
153 461 10.885993
153 551 17.630050
154 229 11.308570
154 426 11.900103
156 408 18.073819
156 575 13.385913
157 533 5.894598
158 216 5.352112
158 229 18.960884
158 308 17.536350
159 305 8.968122
159 378 3.434533
159 404 8.893952
159 421 14.565068
159 474 8.328280
159 479 11.274965
160 261 13.106359
162 394 15.134257
163 310 17.783525
164 215 3.648497
164 502 15.948134
165 195 19.081606
165 266 3.646888
166 479 1.569330
167 391 9.141681
168 244 18.352367
168 276 10.026997
169 373 7.978749
170 535 10.999046
171 257 11.068713
171 273 14.758463
171 413 6.534295
171 422 2.836403
171 440 8.919266
171 492 14.583090
171 513 8.698323
171 553 19.792033
171 577 2.621146
172 199 9.406605
172 244 4.634108
172 258 13.006405
172 339 8.457676
173 383 10.102228
173 588 6.324480
175 633 12.831635
176 419 8.624235
176 645 2.169101
177 180 17.016328
177 362 12.779674
177 606 14.981285
177 663 9.887604
178 453 12.448515
179 184 3.381267
179 272 13.554965
179 384 6.823580
179 521 10.917245
180 221 4.973590
180 301 1.519743
180 453 19.799589
180 580 3.488161
181 226 1.276768
181 335 18.263922
181 366 1.251554
181 410 6.684551
181 486 5.998320
181 532 3.231490
182 405 11.814724
183 232 17.437735
183 266 8.426188
183 341 14.362801
183 366 3.691550
183 583 4.884289
185 415 13.946640
185 681 10.914992
185 699 2.072784
186 679 6.763874
187 608 7.857920
188 220 16.210130
188 279 14.496699
188 353 1.717545
188 381 10.416431
188 537 16.619347
188 630 3.485526
188 696 5.055857
189 352 19.136057
189 414 9.438338
189 693 8.333398
190 223 19.449580
190 230 7.467865
190 462 15.484189
190 503 10.221696
190 583 2.049809
191 318 2.029368
191 611 3.885620
192 247 11.809760
192 683 4.449419
193 292 17.322856
193 343 19.101065
193 500 4.720996
194 226 3.336878
194 254 13.819335
194 255 14.853231
194 307 3.144473
195 214 3.970296
196 282 14.010808
196 451 14.757251
196 570 3.741980
196 579 10.547245
197 404 14.413054
197 504 17.540665
197 509 17.447464
198 309 8.689784
199 237 13.309678
199 280 14.445219
199 529 8.231977
201 531 3.104882
202 296 1.737204
202 641 19.675261
203 647 3.351232
204 217 1.618992
204 278 18.776604
204 312 4.919483
204 361 9.833493
204 403 10.437790
204 536 19.610525
204 635 15.339932
205 653 12.911632
206 270 15.173336
207 495 11.339941
207 654 10.072389
209 508 6.891194
209 597 14.533333
209 659 11.805415
209 667 12.309469
212 213 18.735137
212 262 12.931160
212 461 3.002514
213 287 11.950110
213 323 7.038215
213 562 7.985773
213 582 12.609157
214 644 5.408505
214 685 7.945658
218 465 9.363641
220 313 14.567961
220 454 2.506871
222 370 10.511705
223 331 12.022212
225 509 18.245970
226 250 15.447155
226 257 7.944094
228 264 18.447823
228 289 13.574148
228 608 14.128537
231 527 18.888838
232 271 1.449109
232 475 12.866794
233 277 17.209966
233 473 19.050537
234 443 8.204572
234 572 5.119473
235 295 12.426098
237 313 5.178949
238 327 13.557951
239 611 5.233873
242 287 2.563210
244 439 16.349840
244 514 11.811498
244 568 15.040643
245 447 11.261991
245 463 15.045080
245 540 7.825090
246 263 12.791627
246 673 10.692784
247 319 12.034504
247 414 13.024933
248 544 16.105037
249 446 10.138978
250 268 14.870838
250 437 19.944423
252 441 1.203477
252 590 5.990131
253 529 2.318238
254 355 18.975672
254 535 8.367671
254 545 11.736017
254 577 11.743296
254 585 9.369210
255 602 9.784805
256 412 13.695375
257 365 6.605542
257 379 10.018932
257 638 11.499192
258 394 12.493228
258 495 15.030392
258 521 17.002751
258 585 13.580194
259 433 19.267158
259 500 12.849555
259 669 18.328734
260 364 19.778715
261 388 19.664556
261 651 4.698834
262 340 5.284265
262 434 9.379739
263 301 7.147915
263 373 8.160844
264 473 2.121438
269 351 9.989671
269 372 1.530722
269 378 17.531893
269 476 7.405808
269 516 4.295743
269 636 11.750005
270 442 16.718181
270 531 16.352076
271 334 19.259193
271 367 7.877849
271 528 10.961152
272 314 14.169324
272 359 17.144400
272 462 8.204593
272 650 5.757869
273 418 7.096333
275 324 19.120277
275 347 17.014117
275 505 6.407675
276 582 3.129906
276 612 17.559561
277 329 8.377510
277 393 3.990835
279 548 2.891984
280 420 12.500843
285 485 2.772507
285 588 16.318307
286 483 7.940471
286 591 19.150466
287 395 6.237825
287 459 9.087236
287 476 2.715009
287 556 17.280693
287 685 17.299921
290 362 8.478998
290 427 17.804826
290 555 1.536679
292 468 14.801401
296 491 4.970823
296 674 6.340969
296 680 8.437276
297 328 15.250678
298 334 2.359589
299 664 13.386617
300 399 14.700902
302 569 19.589141
303 617 2.709208
304 317 17.125000
304 411 1.989434
304 458 2.297139
304 592 15.647632
305 329 14.815780
305 425 1.112307
305 504 15.960831
305 670 5.234418
306 458 3.942005
306 642 14.407397
307 310 15.080164
308 642 1.203460
309 595 10.596002
318 419 14.958361
318 567 13.803372
318 569 17.684608
320 448 3.669263
320 641 16.938183
322 534 18.135418
322 628 6.668855
325 475 2.157179
325 607 14.277948
325 682 16.532743
326 563 3.852567
328 650 5.114564
328 672 5.846244
331 589 19.057136
332 341 16.671733
332 499 14.201855
333 421 12.579311
334 646 2.190673
335 682 16.621768
336 408 19.652064
336 666 2.832467
339 360 5.470420
342 511 13.897798
348 465 11.770452
350 692 5.315743
354 547 19.749415
354 576 5.697991
356 543 14.577143
359 436 12.104776
359 517 9.285372
360 411 12.331874
360 489 4.964805
360 564 18.060885
362 400 13.172521
362 544 2.153880
362 580 1.837677
363 398 15.865946
364 549 3.708945
365 455 5.470968
366 403 2.186815
367 699 17.360081
370 496 9.003569
372 391 1.100410
372 418 6.635973
372 483 4.968982
372 557 18.737030
374 605 19.318563
375 386 18.895504
375 486 6.794525
375 523 8.301269
376 587 18.905523
377 417 7.015865
377 639 4.038335
379 655 10.821403
382 393 6.992410
385 433 9.432532
385 498 19.117586
385 538 16.696303
385 619 9.556374
386 471 4.510982
387 452 15.227321
393 637 17.944679
397 402 9.748275
397 558 12.883801
398 460 16.482016
398 648 4.940116
403 552 3.014087
405 467 4.406823
405 526 6.609981
409 691 13.641738
411 454 10.250572
413 687 19.060355
415 430 17.501482
417 432 14.113663
417 485 12.706200
417 550 6.365254
417 640 13.635342
418 426 8.125409
418 511 17.806344
418 575 19.860783
422 684 7.684253
424 492 11.867048
424 562 10.144415
424 613 5.231850
426 688 14.165190
428 469 16.092846
429 522 3.187094
429 662 5.824849
431 493 13.843836
433 518 5.149576
435 596 7.908961
435 635 2.848829
435 645 14.701781
437 566 4.799161
438 593 8.376261
440 687 4.101249
441 593 15.106349
441 594 1.040221
444 532 7.118088
444 547 15.783153
445 570 17.829503
445 576 4.077801
445 627 15.349218
447 515 8.837575
447 634 14.539583
448 518 18.696158
448 697 17.228718
449 677 16.466306
451 604 12.644298
451 618 2.408859
455 477 11.184094
455 578 19.450898
456 614 2.286076
458 617 3.716823
463 470 10.486558
464 563 12.015925
464 618 11.172238
465 672 2.609301
468 594 16.284602
468 633 16.013144
472 542 17.448875
473 510 15.122366
473 695 6.245832
474 587 9.051671
477 552 18.216565
480 680 17.080801
483 686 5.410156
487 681 15.047692
488 654 14.861732
489 554 1.660135
489 620 18.022124
496 551 1.252591
496 600 5.083050
500 543 13.350915
503 510 7.400547
503 557 8.829915
505 698 9.080597
516 565 17.021769
516 679 17.532055
522 539 9.958747
522 693 14.598940
527 648 19.750403
528 636 8.529908
530 550 7.841053
533 546 19.871954
533 639 1.970551
539 574 1.230826
543 556 18.962660
543 596 13.756474
553 561 16.834831
555 561 5.248340
556 656 18.225831
558 690 12.466721
572 658 15.734600
573 652 12.574270
579 605 11.038881
589 619 8.958621
590 628 8.533357
594 629 11.763673
595 631 18.194201
597 657 8.145640
613 676 16.711698
616 626 6.616058
620 667 2.821598
624 643 11.598565
624 691 6.948687
638 694 4.872876
640 649 2.496285
641 673 18.496680
655 690 18.956281
657 665 18.420088
667 684 12.976637
13.478087 10.458755 17.301282 17.402837 8.483686 12.084018 13.516539 21.703086 22.094466 19.485654 24.738104 19.094293 23.739298 20.696456 7.664544 23.897152 19.165526 18.412193 23.302670 21.716805 22.697457 17.310727 17.768545 6.584416 15.332026 11.906351 6.616067 19.637145 7.536076 20.202369 11.052190 22.499920 21.241482 10.808680 11.179758 5.963087 10.171226 12.789704 21.183675 23.125997 6.323104 19.505380 20.819706 11.134008 21.178551 20.522234 12.040565 10.064442 14.450434 13.384808 18.115295 10.829572 16.388257 22.448149 13.324952 21.530331 15.102185 23.672504 7.345351 11.355975 9.674968 12.337023 6.772066 10.933305 7.539030 21.552418 20.436799 15.182983 7.749320 20.414560 7.211290 6.415669 15.858110 5.833544 9.086531 24.075391 14.779220 8.537321 19.389114 9.202830 23.926044 21.212029 13.047501 23.021500 16.088297 17.258973 12.541983 16.296748 24.406853 24.642992 12.991589 5.517276 24.158492 17.741152 10.941590 8.396694 7.579691 8.780579 12.456946 18.007089 12.304084 5.658674 16.972053 20.089005 23.139612 7.567751 8.273213 10.979559 10.492539 15.761918 24.862951 16.709285 22.096081 17.498084 15.430046 10.909761 8.140738 21.320552 13.433168 22.941001 11.313443 14.914764 18.036343 19.425213 15.235267 10.198193 18.127467 11.262190 5.308864 15.273617 13.098759 20.177090 24.982320 12.510029 5.199798 15.016371 12.229494 20.083760 15.803013 23.769338 7.532463 7.052684 14.859507 17.624531 17.137214 18.629975 5.992494 21.779725 12.030266 13.330276 18.430994 6.931488 16.431511 9.152515 11.499310 10.685783 6.928272 13.172629 18.819992 10.927335 24.987200 7.842270 6.821604 19.946985 15.669953 19.051295 12.586339 22.315276 20.127270 12.793378 14.045631 21.241598 20.531639 21.222112 12.675026 23.911159 7.764944 12.962048 6.368085 23.592136 22.316225 19.050655 23.899068 17.442283 10.464374 23.485519 14.289148 21.538738 5.718864 21.867080 22.754575 15.428515 17.972581 17.275553 16.013183 13.570188 11.401414 8.784095 22.285525 24.725481 21.233320 13.220076 23.292294 11.418610 8.964024 8.714416 16.710358 21.470335 9.539154 15.253041 23.537189 22.726274 12.114963 18.368965 20.988886 6.887739 20.199658 18.697930 24.807010 7.437284 23.538158 24.363080 11.538940 6.585650 21.729632 17.224668 17.721737 7.089904 5.630381 7.361980 16.874427 17.992195 23.130540 14.011900 12.944036 24.950112 21.622321 8.852418 16.135409 16.661712 24.156175 11.428129 13.987051 6.594053 14.064596 12.102176 14.375329 23.314741 15.371459 17.914817 16.882132 20.651223 21.115504 14.997202 12.853353 6.514882 13.162953 21.943440 23.762129 9.310957 17.021352 24.062633 23.208906 18.060839 14.836551 11.591695 8.687879 19.368154 15.735390 13.578147 9.726345 6.358263 7.111118 21.768414 19.755097 6.060381 21.173034 10.778004 8.177059 21.537025 22.935594 23.347698 7.659134 22.449763 18.073618 6.473652 20.400037 19.262380 22.341029 20.979435 9.415060 8.559731 10.927984 19.615944 16.330154 13.434083 15.259037 13.429264 6.450125 13.742083 13.714045 22.478868 21.799180 8.875092 23.972944 6.495192 24.953448 14.304055 19.063622 20.782961 15.873065 11.305027 8.813229 5.880152 7.723909 15.861181 24.194986 15.432119 22.023128 21.620669 22.780597 19.773382 19.372926 24.589021 13.445696 8.075635 5.760710 17.002779 19.043465 9.763599 19.651853 7.894299 14.144352 15.807495 11.342981 24.921228 11.112185 13.439313 11.228509 22.040450 6.788629 12.349949 7.984597 19.761591 7.225508 13.133202 8.837230 7.830622 22.938293 6.559675 20.053894 19.015808 7.662224 20.065069 24.575680 24.236110 15.379266 7.039750 19.497338 20.061268 9.550718 17.891983 21.173910 6.386324 12.939236 5.220107 12.751822 10.276662 10.706146 12.228188 17.010914 15.076819 11.058709 6.457723 22.732503 10.581595 16.199597 17.513597 18.052837 10.269885 17.500110 10.754765 12.894533 21.727308 22.126292 10.610543 7.892134 10.433999 20.302973 5.387096 19.088335 20.040621 19.345386 21.597074 7.236819 22.137178 5.267051 10.379617 19.300207 6.263171 15.929785 7.091398 22.033096 11.627511 17.378052 24.750622 19.721457 10.944894 14.309636 6.822707 13.117315 6.962661 6.720714 23.340097 21.468179 8.589231 15.862252 7.112054 21.238549 18.009008 6.796807 12.630300 18.310321 14.216396 10.096173 21.822196 20.353342 13.603979 14.785713 24.254120 12.653125 14.391451 13.195940 11.240240 21.347148 17.399441 18.446381 24.462410 22.838673 11.437275 11.587977 12.767734 7.507079 20.549351 6.564083 21.741651 7.400420 12.454988 12.269512 21.812282 18.581467 8.744317 19.108984 13.191818 12.716495 8.183434 10.869187 20.805626 7.692002 17.802483 21.357856 20.956273 19.248533 23.650857 8.035473 11.875067 21.545868 23.283610 5.812078 22.554424 9.123582 12.211091 22.360443 16.581492 15.962897 24.990747 20.567760 7.792639 22.517935 22.598959 23.336703 18.918764 13.969117 21.596366 18.400368 12.690304 13.058133 22.682966 9.379426 23.263700 18.306771 20.439311 7.369294 18.722292 17.980491 21.055197 18.144071 7.698160 23.923222 15.802723 10.754488 20.673641 16.281601 24.078338 14.574063 19.702885 6.856614 12.568831 20.818945 19.604924 21.090092 6.100901 13.598732 7.567718 19.394294 14.472558 18.089960 19.437611 12.910895 17.920322 13.110043 11.565788 19.141547 16.998362 13.836649 10.799491 7.361237 22.829405 8.671774 16.986226 17.549004 12.139049 5.599906 24.903760 19.935028 16.569611 24.262892 14.029619 8.999104 14.729973 5.384463 17.003851 7.940318 23.550977 19.485031 15.465470 11.722122 11.226189 11.776523 12.242396 5.345720 12.975917 13.196705 20.580211 15.355172 21.978683 12.868401 12.985953 24.529804 8.772990 10.875377 7.588103 8.918710 6.963214 14.254703 10.760152 8.125236 17.463689 20.236024 14.987155 14.960411 21.810084 24.411779 23.862712 13.365215 11.656844 24.895531 7.046001 23.813483 17.483747 13.626023 9.850978 6.306585 9.631457 20.304245 11.768857 20.869230 17.346794 8.394741 15.279812 20.671951 13.255547 8.352558 5.921106 14.930581 9.570125 19.783632 17.169512 17.087525 18.994158 15.910232 21.921974 24.208377 21.851676 12.070842 22.793155 17.257109 23.967715 10.633235 22.849774 5.060771 5.845041 9.377712 14.050349 8.460837 8.805072 20.719968 22.995488 12.682245 8.428111 14.063545 11.828892 6.670716 15.568873 19.907292 23.639716 15.877977 15.426540 16.465246 5.563624 24.420169 6.762636 9.906959 12.536077 5.537576 6.919918 14.885268 16.823606 21.023527 17.204501 13.036286 5.391982 5.282110 22.451037 23.123582 16.697492 15.994573 22.447798 18.578763 19.347161 9.779541 6.664663 5.505250 12.121607 18.336841 18.317520 14.518881 15.489720 23.929519 12.520750 17.764810 8.966902 9.004169 17.390694 20.433734 23.341936 15.658901 14.723227 19.175293 18.585798 23.462828 17.201260 23.931337 14.035065 8.722508 12.649175 18.982122 7.928428 21.453728 24.329502 9.701480 15.235297 16.893284 5.677940 22.339784 7.323812 10.748632 19.125199 20.333458 24.184369 24.152103 15.345879 10.935715 19.378015 5.527272 23.375542 18.449918 13.607723 11.614859 7.686279
46
188
0 6 5.609769
0 8 8.070152
0 10 2.395839
0 16 7.871523
0 17 4.882384
0 22 7.348672
0 25 4.936715
0 32 2.780344
1 2 1.654905
1 3 9.156764
1 4 4.017725
1 8 8.968375
1 12 1.746475
1 14 8.024093
1 36 1.939016
1 38 9.301663
2 3 6.983932
2 8 9.900953
2 12 8.267472
2 18 4.824288
2 19 8.470049
2 20 8.581277
2 22 8.908515
2 25 1.289297
2 40 7.072121
3 5 8.024257
3 7 2.194672
3 8 9.825703
3 9 8.558570
3 12 3.612368
3 19 5.406774
3 28 5.999399
3 37 7.358613
4 7 6.405605
4 8 9.769399
4 9 5.471771
4 11 3.457999
4 12 3.581641
4 14 7.736703
4 24 9.535514
4 42 3.745592
4 43 3.161055
5 11 1.006115
5 38 1.182978
5 40 5.752979
5 41 2.342053
6 7 2.757396
6 10 4.274324
6 11 9.712673
6 16 1.601586
6 19 5.712862
6 25 2.768826
6 32 9.016336
7 12 6.782627
7 14 8.508604
7 18 4.485668
7 37 8.235238
8 13 6.183509
8 18 1.844445
8 19 4.138509
8 21 7.002797
8 23 9.700202
8 28 2.013053
8 31 4.128354
8 35 8.828297
8 40 9.642806
8 43 8.668095
9 14 7.263924
9 15 1.487407
9 18 4.081257
9 27 1.574514
9 31 7.575252
9 33 1.928370
9 36 9.097463
9 40 2.972248
10 13 2.422890
10 15 2.462623
10 20 8.737306
10 34 5.000531
10 36 9.331160
10 44 5.773973
11 13 8.499423
11 14 5.359682
11 18 9.863613
11 29 8.765058
11 32 2.814478
11 37 6.607229
11 43 3.779769
11 44 5.526437
12 14 2.856486
12 16 2.123129
12 27 9.236641
12 36 1.698806
13 21 5.505919
13 27 8.565008
13 29 9.687746
13 33 6.441032
13 34 6.214588
13 36 5.541479
14 16 4.756010
14 17 1.600334
14 26 1.353626
14 30 7.774433
14 33 4.105700
14 36 8.481923
14 43 4.844931
15 19 7.835811
15 24 5.606042
15 25 7.518962
15 26 8.536123
15 33 5.056594
15 37 5.195470
15 40 1.972544
15 41 8.988578
16 22 7.671513
16 24 4.576676
16 26 6.237038
16 28 9.964611
16 29 8.741893
16 30 4.989745
16 31 5.481575
16 39 6.964666
17 18 5.377204
17 21 7.529228
17 22 8.201556
17 25 1.522667
17 26 2.542879
17 34 8.115359
18 30 2.825245
18 32 1.944941
18 33 7.969952
18 43 9.855981
19 21 6.392676
19 32 8.930966
19 33 5.040372
20 26 7.642054
20 29 2.553376
20 34 2.348026
20 43 5.515436
20 44 4.558010
21 34 6.349557
21 44 9.604567
22 28 3.306424
22 29 8.754186
22 40 2.299776
23 24 7.730056
23 33 3.533213
23 36 3.833225
23 43 9.079374
24 25 1.355015
24 28 6.584264
24 30 3.293389
24 33 3.084676
24 34 2.255799
25 32 2.620584
25 36 2.857688
25 37 8.041832
25 41 1.427927
25 42 6.151031
27 33 4.300550
27 35 6.390102
27 43 4.299940
28 41 7.387159
30 35 2.942452
30 36 5.275836
30 37 8.071910
30 42 3.028243
31 40 8.463665
31 42 2.238395
32 40 7.459027
32 45 9.445377
33 35 3.826663
33 37 5.613901
34 36 8.530772
34 45 3.930260
35 36 5.765069
35 38 3.320941
35 39 5.762314
35 42 9.423485
35 44 9.162391
37 41 6.413798
38 40 4.270220
38 42 4.715002
39 41 6.401907
39 42 6.344455
39 44 6.135110
41 42 7.684569
42 45 4.512947
317.912300 371.222513 433.740633 308.326865 311.385166 272.954251 441.031265 309.531148 411.600036 508.587356 259.480306 434.029520 384.403315 242.744615 437.301900 448.029811 252.138864 365.380850 270.249026 408.034546 414.402526 490.013588 462.856120 465.362469 487.704562 433.771805 452.677904 357.697278 449.895375 518.916429 464.377172 330.991459 385.485869 457.599805 495.835428 410.390208 452.041772 325.974853 343.880069 516.961515 463.158599 329.275275 343.205288 368.529589 483.723792 227.166087
