700
1397
0 1 10.150469
0 2 19.142637
0 3 1.441521
0 4 6.121101
0 5 14.797021
0 9 4.720668
0 10 7.485166
0 11 8.661258
0 13 9.920097
0 16 12.228834
0 20 18.103201
0 47 15.987353
0 49 10.196908
0 54 12.448115
0 58 5.725695
0 75 8.429612
0 78 16.026576
0 102 16.462992
0 104 16.113669
0 115 11.210244
0 164 6.248665
0 185 5.110179
0 186 5.771899
0 190 6.480158
0 225 13.076742
0 230 4.717938
0 264 19.850413
0 295 13.486397
0 302 16.902751
0 305 10.431889
0 343 14.933733
0 351 5.103218
0 383 14.476101
0 472 7.095043
0 526 13.253208
0 530 2.826490
0 649 18.422591
1 2 7.904760
1 14 12.090779
1 24 3.104129
1 28 18.919655
1 36 10.422574
1 42 6.458952
1 59 1.680552
1 92 16.944320
1 102 13.234189
1 107 5.223792
1 109 17.281431
1 143 14.617988
1 169 15.566118
1 176 1.195200
1 239 13.947131
1 253 12.614863
1 419 1.115923
1 475 12.844875
1 497 2.788784
2 3 17.942315
2 4 3.401117
2 12 3.262577
2 21 4.302798
2 23 1.345284
2 28 6.957250
2 29 7.556576
2 34 5.923363
2 70 4.972737
2 76 8.126068
2 86 2.779720
2 100 18.921654
2 112 19.602786
2 119 2.522933
2 174 14.621475
2 183 9.677835
2 202 13.165949
2 211 11.647879
2 234 15.691960
2 240 13.757020
2 287 6.844456
2 396 15.998295
2 429 18.749673
2 489 12.667984
2 576 16.135580
2 662 4.593127
3 6 9.782363
3 7 15.231046
3 8 19.564758
3 11 7.907037
3 12 9.350919
3 21 6.762749
3 27 7.607884
3 31 7.744522
3 39 11.888016
3 60 1.132115
3 70 10.447965
3 81 2.882248
3 82 11.806025
3 87 6.815063
3 101 8.404194
3 142 15.399778
3 172 12.756833
3 199 4.081430
3 208 7.358839
3 246 10.235883
3 270 18.651370
3 275 1.381394
3 290 5.209584
3 295 16.035799
3 333 3.281881
3 344 1.498747
3 354 1.151784
3 377 18.683625
3 384 4.550194
3 408 5.328852
3 447 11.812150
3 468 17.119142
3 480 15.960744
3 490 8.908082
3 519 13.493095
3 535 4.310983
3 604 18.463542
3 615 4.832970
3 619 8.220776
3 636 16.240523
3 651 7.747401
3 662 5.727328
4 5 4.410620
4 6 19.809120
4 7 6.686617
4 15 19.395850
4 37 13.605729
4 53 5.174907
4 62 5.446946
4 66 1.861126
4 71 4.729913
4 72 4.411446
4 122 14.154533
4 193 18.974463
4 223 14.493287
4 249 7.187486
4 330 16.078125
4 416 19.994574
4 459 16.540288
4 467 1.378072
4 539 15.077018
4 549 10.636335
4 555 19.250295
4 601 17.406216
4 625 12.179718
4 673 5.520816
5 15 18.173535
5 65 6.290392
5 88 8.807221
5 89 12.812337
5 103 3.187758
5 120 2.955549
5 133 5.745659
5 134 17.906801
5 154 19.703132
5 156 3.955343
5 162 8.413816
5 167 7.966390
5 222 5.481515
5 241 19.326067
5 259 5.933323
5 291 19.919919
5 362 19.251908
5 395 15.163651
5 428 5.076239
5 486 19.272663
5 520 19.646465
6 8 17.723924
6 9 13.484130
6 10 4.688252
6 14 2.860108
6 19 13.186636
6 22 1.121880
6 23 9.142467
6 24 14.059690
6 26 3.333532
6 32 14.099760
6 35 11.919873
6 41 16.890494
6 47 3.385625
6 57 15.467678
6 63 15.750740
6 72 7.889230
6 74 1.647994
6 77 2.234668
6 82 9.148619
6 85 14.019018
6 100 16.188031
6 113 18.712152
6 114 6.137075
6 125 19.369706
6 141 19.890951
6 156 11.857028
6 171 4.002817
6 180 8.188751
6 190 9.651381
6 203 17.687498
6 219 15.444545
6 239 2.922893
6 289 15.935599
6 326 3.318362
6 364 17.016538
6 424 5.301167
6 474 1.759377
6 587 9.778735
6 596 5.344488
6 600 12.982423
6 613 4.280336
6 653 18.906639
6 682 12.670948
6 690 5.255170
7 266 13.137228
8 16 15.694667
8 17 17.358368
8 18 9.912744
8 22 6.037750
8 25 8.596289
8 26 4.802053
8 29 17.435664
8 31 14.710484
8 35 5.625155
8 40 17.977794
8 44 10.264358
8 46 12.881465
8 49 11.518871
8 51 3.876893
8 56 19.550228
8 69 12.297605
8 79 18.796828
8 106 1.692552
8 118 6.091022
8 120 4.516515
8 150 13.350401
8 159 8.695562
8 192 13.382428
8 209 11.497488
8 220 1.188713
8 232 14.341952
8 247 9.613822
8 255 14.944501
8 285 1.032529
8 286 7.097509
8 310 17.912273
8 336 7.013267
8 349 1.833904
8 380 5.369472
8 393 2.070686
8 410 6.975556
8 418 16.929314
8 472 18.041325
8 480 10.001031
8 487 9.636819
8 500 16.863204
8 515 18.908748
8 571 17.798649
8 621 7.915274
8 624 9.353337
8 639 17.874839
8 670 18.821244
8 682 15.983751
8 688 3.204912
9 13 9.499503
9 17 5.408012
9 54 3.500731
9 65 4.883701
9 89 1.409310
9 93 15.409748
9 96 8.997324
9 116 4.370057
9 125 18.901042
9 144 11.667509
9 157 12.566595
9 163 1.413633
9 194 13.655405
9 201 16.370812
9 322 11.265593
9 417 14.127291
9 625 17.396465
9 630 10.319734
9 639 9.317487
9 660 5.951561
10 27 6.426005
10 37 19.010933
10 43 18.800436
10 88 15.563231
10 108 16.111797
10 137 4.659057
10 202 7.166175
10 214 18.737588
10 235 7.491585
10 238 15.203522
10 267 18.193301
10 381 15.199573
10 456 15.646768
10 545 13.376761
10 595 3.145210
11 20 12.721516
11 55 9.992299
11 242 7.071590
11 299 1.850131
11 357 18.116769
12 30 19.349726
12 50 13.033080
12 73 14.263853
12 110 2.506360
12 132 10.046759
12 232 13.494233
12 246 19.360815
12 345 4.284947
12 389 1.598853
12 536 18.114382
13 41 12.764248
13 56 16.187965
13 84 2.566976
13 105 2.844053
13 127 3.731976
13 139 7.796033
13 146 18.980170
13 260 3.338980
13 341 7.528833
13 371 2.208726
13 431 13.525485
13 478 9.770911
13 493 6.630746
13 548 8.367805
13 653 17.628880
13 697 13.989056
14 68 2.147791
14 90 6.186708
14 159 8.841792
14 196 5.856803
14 271 19.922560
14 362 11.316797
15 18 9.162665
15 30 11.772315
15 44 12.398756
15 60 1.355640
15 69 2.981338
15 109 13.325306
15 150 5.271748
15 187 9.110219
15 189 10.921683
15 198 15.250776
15 218 16.246968
15 256 12.366885
15 296 19.015860
15 358 15.069758
15 370 13.211350
15 378 17.889892
15 392 2.566719
15 448 1.217946
15 461 12.312600
15 464 19.631100
15 475 14.683219
15 498 9.031197
16 38 5.392432
16 50 4.168397
16 61 2.365653
16 62 11.572430
16 117 5.063967
16 138 14.401617
16 144 5.567098
16 145 10.318634
16 205 17.364581
16 268 11.687489
16 314 8.448047
16 342 9.505106
16 385 2.642350
16 465 13.958759
16 470 5.269409
16 496 1.820552
16 529 3.962347
16 534 4.226345
16 541 11.698535
16 628 3.181493
16 672 10.667709
17 33 18.811279
17 53 14.540299
17 126 9.089725
17 229 9.465714
17 240 11.457184
17 250 18.607188
17 261 6.086371
17 276 15.760562
17 301 3.970042
17 325 18.392877
17 339 7.857595
17 372 13.150359
17 434 11.947967
17 559 18.653615
17 567 5.187958
17 596 12.145752
17 629 3.821766
18 19 17.638650
18 42 15.783979
18 97 3.558025
18 101 18.862744
18 108 1.202091
18 127 10.744694
18 128 12.438508
18 129 2.247102
18 149 18.662384
18 197 5.623007
18 229 12.459902
18 254 5.720060
18 273 4.106851
18 375 3.826248
18 462 7.494875
18 516 3.467880
18 582 7.245756
18 598 2.497023
18 618 17.198614
18 686 6.570073
19 46 13.705835
19 64 17.831178
19 91 6.832647
19 452 16.135274
19 553 13.484347
20 45 3.471829
20 51 10.139832
20 166 13.825252
20 521 7.842008
20 557 10.871275
21 40 16.076151
21 61 12.197384
21 280 15.152716
21 396 6.510455
21 449 17.154915
22 36 12.281993
22 57 10.887018
22 83 11.848420
22 112 13.301743
22 130 16.918912
22 155 16.923653
22 244 11.721953
22 317 3.036455
22 334 7.327970
22 398 14.378417
22 440 18.621933
22 537 18.764060
22 581 4.840904
22 585 1.158974
22 640 11.029747
23 25 15.335193
23 33 16.517118
23 94 9.090425
23 178 4.494934
23 374 2.041629
23 423 13.188442
23 513 14.610983
24 45 10.702051
24 63 10.242357
24 135 1.495144
24 258 4.641820
24 438 12.214439
25 132 11.661224
25 151 6.513646
25 255 12.560072
25 289 10.428509
25 334 14.496719
25 420 1.492026
25 632 9.210628
25 635 1.543200
26 71 7.637883
26 93 5.620000
26 200 1.406723
26 210 14.085468
26 310 1.485416
26 473 16.099293
26 495 5.633583
26 564 2.841166
26 640 4.623912
26 696 15.146792
27 52 17.012075
27 140 7.017180
27 186 5.860171
28 81 19.509630
28 105 7.610346
28 461 12.540324
29 32 2.399800
29 92 15.205275
29 106 5.502885
29 149 15.662742
29 157 7.023391
29 250 12.643297
29 282 5.694147
29 309 6.510727
29 486 19.346696
29 507 1.630393
29 551 2.550751
29 644 13.588192
29 645 18.172134
29 675 1.604258
30 511 16.051753
31 67 16.265824
31 110 2.207317
31 193 17.547613
31 404 4.013721
31 467 10.493951
31 487 13.105625
32 34 3.687706
32 48 13.422822
32 52 3.139718
32 143 11.309072
32 182 9.990207
32 444 14.791695
32 540 2.003870
33 38 5.813953
33 39 16.186173
33 64 8.235791
33 90 6.658729
33 218 2.162210
33 220 12.784908
33 311 10.818517
33 443 12.838891
33 521 3.492788
33 572 4.761384
33 591 17.754101
34 58 7.870613
34 115 1.842906
34 407 19.010509
34 450 6.029302
34 527 15.390046
34 646 14.455192
35 87 8.151806
35 122 1.392303
35 131 5.854130
35 170 7.723900
35 173 8.153916
35 204 9.209721
35 290 16.526648
35 346 18.898833
35 612 1.157950
36 43 3.794315
36 66 15.599500
36 74 1.788678
36 179 6.393291
36 279 6.338627
36 285 6.620613
37 91 4.537591
37 188 15.705029
37 315 4.965162
37 419 16.865744
37 664 18.289811
37 684 2.494396
38 170 14.411109
38 265 1.370314
39 79 2.458077
39 119 8.120568
39 131 8.017833
39 153 18.828645
39 168 1.606122
39 282 12.409878
39 440 3.005730
39 543 15.724475
39 561 10.180393
40 67 4.848670
40 94 12.423299
40 262 18.859675
40 300 18.709877
40 324 1.559028
40 353 18.931549
40 430 1.873001
40 492 10.555989
42 48 12.685106
42 99 11.771280
42 123 4.721283
42 153 6.409805
42 401 7.070005
42 637 2.859140
43 55 3.132906
43 68 10.974175
43 75 13.300125
43 77 1.590857
43 84 17.653725
43 114 15.461305
43 263 5.767591
43 387 12.894479
43 452 5.111384
43 471 8.345855
43 482 19.710454
43 544 6.203282
43 635 8.432825
44 98 11.876139
44 394 6.577802
44 398 7.697416
44 543 14.890217
44 686 19.366172
45 95 12.404764
45 96 5.690644
45 121 10.223558
45 145 7.050608
45 195 3.708035
45 248 6.008672
45 263 1.952735
45 301 16.815250
45 423 15.167478
45 623 13.563216
46 332 14.784875
46 348 2.867192
46 426 10.253409
47 59 15.719809
47 78 3.803744
47 103 19.004357
47 148 4.760873
47 328 1.578592
47 460 9.673950
49 86 8.711103
49 172 18.874352
49 199 12.504783
49 247 3.058330
50 337 7.168323
50 339 8.614642
50 415 14.865617
50 615 15.015992
51 138 13.852012
51 507 10.888643
51 520 18.636727
51 579 13.914905
52 80 7.206633
52 168 6.311736
53 80 15.501587
53 226 6.244423
53 570 6.630733
54 133 13.772001
54 146 11.827203
54 162 19.862539
54 664 11.286450
56 97 15.300295
56 209 17.929718
56 498 14.921863
56 577 6.526958
56 633 19.551450
57 248 15.878907
57 546 9.476143
57 594 9.459555
59 627 18.014928
59 638 5.773559
62 231 6.219959
62 309 13.312205
63 118 18.072305
63 206 5.567001
64 116 16.713249
64 184 10.783194
64 277 2.276401
64 283 13.229190
64 481 17.489319
66 206 7.549673
66 479 8.863441
67 124 3.105555
67 191 15.131920
68 147 6.958242
68 175 4.233725
68 542 4.131622
68 563 16.278130
68 691 1.342247
69 147 4.275934
69 319 2.891973
69 321 14.041340
69 456 18.506428
69 668 6.002708
70 73 6.414732
70 135 15.735925
70 158 4.107274
70 272 5.649788
70 464 10.540933
70 523 5.506895
70 589 7.660821
71 76 5.932805
71 117 1.737392
71 205 11.673347
71 252 13.966267
71 425 12.114026
71 519 3.543758
71 567 6.904999
71 580 6.014676
71 611 12.516182
72 151 11.154191
72 215 17.242197
72 221 10.921879
72 297 14.400875
72 405 10.478093
73 95 2.665638
73 136 10.654928
73 256 18.742756
73 368 2.893982
73 525 17.612795
75 121 11.583944
75 692 13.871892
76 284 17.126666
77 173 8.069221
77 505 8.099764
78 85 2.465543
78 98 16.652369
78 233 7.643372
78 268 19.994138
78 303 11.604109
78 365 17.098715
80 697 8.274912
81 141 15.344071
81 210 17.545799
81 215 18.761195
81 484 11.170045
82 83 13.103447
82 129 14.791975
82 358 1.352928
82 654 17.529431
83 111 19.254912
83 161 17.760819
83 187 9.041102
83 261 15.128260
83 403 5.422461
83 421 16.481805
84 356 7.728656
84 359 14.380415
85 158 7.309816
85 217 4.791669
85 414 11.806876
86 346 12.431598
86 357 10.228255
87 177 14.108412
87 180 1.942614
87 196 11.244300
87 245 5.754426
87 329 11.802146
87 356 5.213996
87 509 15.944788
88 128 4.644242
88 296 2.518651
88 386 15.939003
88 412 8.859481
88 458 9.014723
89 111 7.519232
89 336 19.396000
89 426 16.085662
89 445 19.656081
90 680 4.324866
90 685 19.245502
91 99 7.302700
91 107 13.041397
91 154 13.941621
91 160 9.659543
91 242 7.251512
91 292 14.660826
91 513 16.058687
91 534 1.459474
92 104 18.301774
92 325 15.762894
92 365 16.451870
92 381 8.777643
92 429 9.666416
92 465 8.484171
93 181 12.042816
93 609 13.755652
94 408 7.827478
94 506 5.218802
94 516 12.715226
94 581 7.396446
95 224 1.609659
95 483 11.323303
96 281 7.557177
96 433 7.608149
96 552 3.833883
97 142 15.061404
97 331 11.184370
97 351 8.165100
97 374 10.462370
97 382 5.245828
97 406 8.633207
98 347 10.233413
98 453 16.709263
98 556 12.975184
99 137 2.882388
99 194 3.887998
99 207 1.088699
99 221 19.579291
99 266 11.428511
99 559 8.095678
99 590 17.435714
99 606 16.247572
100 134 17.956578
100 277 12.483360
100 448 12.993694
100 598 17.618733
101 161 12.664295
101 191 5.922839
101 275 13.661219
101 288 14.636818
101 327 14.183688
101 373 4.026104
102 163 6.100502
102 236 3.884128
102 237 19.198838
102 270 1.531079
102 326 7.470022
102 363 2.511200
102 442 1.725297
102 608 13.332455
102 655 15.383472
103 136 6.562575
103 259 9.413464
103 557 5.827304
103 620 14.884268
104 244 16.337793
104 251 5.374223
104 330 15.561663
104 477 10.788301
104 613 7.367638
105 538 5.803451
105 580 11.641305
106 671 12.479892
107 549 7.409686
108 177 17.502537
108 192 16.852567
108 308 8.908599
109 123 5.898357
109 299 9.305114
109 332 7.759179
109 560 8.038953
110 113 3.259644
110 175 12.119766
110 184 15.174656
110 185 15.905911
110 200 1.110624
110 491 13.606931
110 502 10.052144
111 130 1.491318
112 679 13.598877
114 126 9.339929
115 139 3.531754
115 140 15.021870
115 401 11.734815
115 505 17.980804
115 688 7.397089
116 287 19.053776
117 284 4.317425
117 393 8.380791
117 547 12.240796
118 216 17.712347
119 165 13.884019
119 251 4.809676
119 369 1.285822
119 391 7.986145
120 152 15.283473
120 183 5.167013
120 307 19.173841
120 514 11.753443
120 696 19.657027
121 451 9.419738
121 506 17.192634
122 155 2.188198
123 124 2.019914
123 532 19.087177
124 376 5.823414
124 619 17.727162
125 227 7.470657
125 241 18.160667
125 395 8.333240
125 535 5.532105
126 148 18.547659
126 179 13.554403
126 367 16.872099
126 572 7.294323
127 345 14.537176
127 477 10.428263
127 490 1.255558
128 212 2.301648
128 237 11.496697
128 316 2.931717
128 432 12.625170
128 479 4.342093
128 616 2.168327
129 164 10.963508
129 181 13.809943
130 305 10.092842
130 369 16.774354
130 544 6.588430
131 320 18.837779
131 575 4.615899
133 204 12.022757
134 252 14.420864
134 317 5.144354
134 421 4.228919
135 390 6.015581
136 651 5.249655
137 152 1.727037
137 478 16.762303
138 278 11.079472
138 547 15.348847
138 548 5.875308
138 551 16.426323
140 165 8.417619
140 451 4.857791
140 469 12.655079
141 169 15.388564
141 213 10.240541
141 411 9.257017
141 515 16.763423
142 233 1.397601
143 304 5.903147
143 646 9.003779
144 195 12.675783
144 216 7.148380
144 236 10.010800
145 568 17.036187
145 622 10.710035
145 667 11.294001
145 676 6.967040
146 223 11.373012
146 659 8.158660
146 666 2.867616
147 434 5.551000
147 497 15.726888
147 565 2.251691
147 694 12.138869
149 166 16.344446
149 174 7.649011
149 176 14.964858
149 178 11.472855
149 243 10.986232
149 335 3.632171
149 341 17.280003
149 359 9.940471
149 388 2.190922
149 699 8.505991
150 340 9.587024
151 207 1.629372
151 214 19.594954
151 323 11.305893
151 368 16.434723
151 500 15.422562
151 517 2.241786
151 643 14.819656
151 670 14.527504
152 201 12.181038
152 219 15.292082
152 294 15.520807
152 677 8.587805
154 364 17.862410
154 530 15.849841
155 160 8.429130
155 678 12.896317
156 189 16.873852
156 488 14.504068
156 601 2.119103
158 203 6.179233
158 300 12.926326
158 518 19.414096
158 633 12.384120
159 182 4.653507
159 431 17.864017
159 484 12.634763
159 554 12.611748
159 691 12.151288
161 335 6.142248
161 342 1.876031
162 197 11.088358
163 280 3.854460
164 264 11.411107
165 167 9.163958
165 238 13.061884
165 422 13.156339
165 518 10.160963
166 361 5.125521
166 501 10.344385
167 171 14.493018
167 258 3.540021
167 306 2.890207
167 348 1.745198
168 459 10.355809
169 524 15.359754
170 188 11.940536
170 323 19.482704
171 245 9.832339
171 427 6.587736
171 443 7.249956
172 457 12.587600
172 527 11.803296
172 541 13.328419
173 390 18.113693
173 405 5.026044
173 636 4.427945
175 502 14.238077
177 225 2.364463
177 574 9.501859
178 211 7.273599
178 294 9.720165
178 681 19.637182
179 379 13.368027
179 503 5.146303
179 656 19.968537
179 693 11.210064
180 413 7.467421
180 435 15.554363
180 695 1.701215
181 212 9.446952
181 599 1.092425
182 687 7.037775
183 224 4.621721
184 198 16.323328
184 318 13.560925
185 217 17.303734
186 420 5.752162
187 372 2.991445
187 522 15.587057
188 228 9.102893
188 329 17.926487
188 446 12.656103
188 658 17.457613
189 274 7.343674
189 637 7.226225
190 267 12.878182
190 463 11.560441
190 603 5.004054
191 260 8.118844
191 262 7.791138
191 288 3.460945
191 433 18.691108
193 319 11.736264
194 387 9.525420
195 226 17.740783
196 231 4.116470
196 293 17.287278
196 416 4.604794
196 494 13.074233
197 312 4.945723
197 512 15.697910
198 213 13.654628
198 322 13.981925
198 375 14.863792
198 540 19.083348
198 667 11.047868
198 676 12.484363
199 435 16.299701
199 642 15.486827
200 558 6.856943
201 652 4.787314
202 230 17.410260
203 338 18.396799
204 344 7.278884
204 352 15.932242
205 313 4.832514
205 683 16.792324
206 269 19.884836
206 363 6.078512
206 634 17.204428
207 208 5.772418
207 265 18.586486
207 320 10.946896
207 380 3.205562
208 227 3.026500
208 257 14.892564
209 306 12.570240
210 666 3.524950
210 698 11.266896
211 222 3.378696
211 291 18.136315
212 228 7.468195
212 504 12.831812
212 593 7.405023
213 274 17.959256
214 234 3.598148
215 302 8.159143
215 402 18.917976
217 271 13.506819
218 293 17.589326
219 316 18.479422
219 555 10.240931
220 243 14.909090
220 254 1.934474
220 361 12.268750
221 269 4.695406
222 276 4.068185
222 278 7.371252
222 286 9.219998
222 340 19.787435
222 349 13.952739
224 283 17.392421
224 303 14.380681
224 457 3.521644
224 605 19.294378
225 249 5.360730
226 253 8.400057
226 343 11.912871
227 659 11.205992
228 235 19.877023
229 397 11.131287
230 347 3.610425
232 273 16.963588
232 360 14.110004
232 399 11.950767
232 681 19.744043
233 660 4.246918
234 318 4.395058
234 366 19.394249
234 427 17.579424
234 430 2.291053
234 582 13.557389
235 279 4.348353
235 298 9.987396
235 415 18.068576
235 468 17.578893
237 438 5.800614
238 298 12.147226
239 321 10.737069
239 327 19.244609
239 439 15.347652
242 493 18.162658
243 331 3.077119
243 382 15.598698
243 418 5.558660
243 658 2.550787
244 308 6.588426
244 489 6.698136
245 257 2.925416
245 511 5.424693
246 476 10.241117
247 641 9.797791
250 583 6.844159
253 350 12.904679
254 488 14.018717
255 281 3.833575
256 350 13.374385
256 606 15.325112
258 324 8.695943
258 337 6.983192
258 612 17.114888
259 272 16.834937
259 338 9.917559
259 605 14.989733
260 385 11.799804
260 437 3.046009
260 592 3.112941
260 616 5.518805
260 671 2.164487
261 315 3.282646
261 411 17.743892
261 669 11.097931
262 328 7.950412
262 508 5.515200
262 588 14.447754
264 499 17.087754
266 460 2.731608
269 528 6.679401
269 556 17.905739
269 663 15.433686
273 404 4.923184
273 562 9.957218
274 297 1.845415
274 307 16.426378
274 377 17.555862
274 445 14.037560
274 504 16.052687
274 528 1.357919
274 579 12.023887
276 458 11.930057
277 386 2.768908
278 333 14.255255
279 353 8.750663
279 389 16.496582
279 510 15.729182
279 533 9.213265
280 436 14.421994
281 367 18.920776
281 554 1.779705
282 312 18.531211
282 313 19.368436
283 436 13.914105
283 683 15.995505
285 292 1.386598
286 366 7.153337
287 657 13.708124
292 360 5.886000
292 566 2.383730
293 422 1.398163
293 569 18.046271
294 455 7.321656
295 441 10.519634
296 304 12.871988
296 311 18.040093
296 403 10.723218
296 529 17.677141
297 553 19.154451
297 610 4.883714
298 314 19.655906
302 391 18.456161
302 407 9.418950
302 600 17.838486
302 649 17.741828
303 355 11.935292
303 638 3.997068
304 354 17.766457
305 397 14.411939
305 568 10.617673
306 576 5.864548
307 526 8.946720
307 587 13.973854
309 523 3.594594
310 370 16.473834
310 409 13.023264
310 446 9.757125
311 414 16.649164
311 517 1.865257
312 476 9.940903
312 599 16.381948
313 531 10.829719
314 642 4.761519
318 376 7.517788
320 442 11.127960
320 453 7.908141
320 454 17.798512
320 614 12.487988
322 689 17.837360
324 424 12.055661
324 533 11.741158
324 565 3.813690
325 674 3.504682
326 378 3.416882
326 449 11.459103
326 574 1.983571
326 656 12.221533
326 687 7.956665
328 400 18.533208
328 573 9.776651
329 355 11.985439
329 466 5.154676
329 563 8.021056
329 621 9.770816
329 692 3.237190
331 470 15.894222
332 503 9.498438
332 578 19.216103
332 618 19.895636
333 410 3.539588
336 610 5.319177
337 525 5.620488
337 603 17.608855
338 499 2.910270
338 509 8.216325
338 650 3.184953
339 648 7.819772
341 622 13.255862
342 383 19.448372
342 655 10.913525
343 652 13.531644
345 428 1.282066
345 626 14.099236
346 384 4.497258
347 352 11.606807
347 399 16.643086
348 371 19.981582
348 402 5.547878
348 611 2.137053
350 481 10.176302
351 394 11.424604
351 447 14.076476
351 482 6.043495
354 532 7.820957
354 589 8.708263
355 425 19.350087
361 406 14.497433
361 417 7.242627
361 566 9.151915
362 400 8.126340
362 496 15.360212
363 578 19.768842
364 437 15.113722
364 450 12.186194
364 550 10.530597
365 586 18.903448
367 466 15.463746
368 373 4.737426
368 597 2.554754
370 444 17.070221
372 379 16.712283
373 522 6.605553
375 463 11.313368
378 454 16.190490
381 573 5.777170
382 455 16.290902
382 693 14.244136
383 412 6.228856
384 392 2.674548
385 388 19.108739
385 630 1.378809
387 413 16.658175
387 510 13.301047
387 524 13.144259
389 694 18.414989
390 471 3.764878
390 608 19.799452
391 474 9.415794
393 538 7.800176
395 550 2.836148
404 609 8.715955
405 409 7.934654
405 614 11.379142
405 644 1.590197
409 607 18.788238
410 432 5.262807
410 537 10.458170
410 695 5.209241
412 552 19.641345
414 495 16.292536
414 631 8.705405
415 501 19.782372
418 439 1.858716
419 483 10.169633
420 469 14.527851
420 545 18.252506
420 648 11.040623
421 473 14.990263
423 571 4.026491
425 641 13.551568
428 492 5.156312
429 602 4.258008
431 560 11.717131
433 441 17.076063
433 491 4.092999
433 684 17.737119
434 494 1.447059
436 585 1.016562
437 586 19.114936
439 462 10.209755
439 531 12.170702
444 569 7.035277
444 577 9.977167
444 595 1.155648
444 628 12.340596
446 617 11.000429
447 583 14.611916
447 590 7.749219
448 508 8.108799
450 546 2.615249
451 673 15.631522
452 626 17.605775
454 594 14.331259
463 485 10.343331
463 627 10.624840
465 668 5.018945
465 689 10.541876
466 485 1.472670
478 620 7.233013
480 542 9.827157
483 514 1.450460
484 623 18.526769
492 654 6.160142
494 512 8.860267
499 645 12.475379
503 564 13.672844
509 597 6.291500
516 536 4.527974
516 631 4.724808
520 602 5.943713
526 562 14.502493
526 685 15.856819
527 539 14.420177
528 593 10.986287
530 561 13.904606
533 591 3.178464
536 558 13.615075
539 672 7.190564
543 632 15.193341
545 661 14.299261
548 665 12.715622
549 584 17.932524
551 647 16.021809
556 617 1.770236
557 657 16.540161
561 588 7.081530
563 584 2.463412
564 690 15.660032
566 570 17.573549
568 592 18.481037
570 607 19.794609
570 643 1.889897
571 575 7.738389
576 650 2.475726
584 604 12.867264
584 624 11.291880
587 665 17.745838
587 675 14.907592
588 634 15.865332
595 663 15.425874
600 677 9.149133
615 678 11.754516
619 629 18.696448
621 680 3.425802
622 674 9.467308
632 661 8.998978
634 699 14.356542
644 647 16.113549
645 679 17.212444
666 669 18.530809
688 698 5.887955
16.517916 10.987343 7.907635 15.032696 18.985579 21.880973 9.001822 8.258017 6.924241 23.731271 24.705950 22.827799 12.598587 23.935521 24.730058 9.804440 15.395482 20.002171 6.229815 15.849740 15.353220 20.799691 19.875936 24.916933 10.739550 24.798497 16.702844 20.772603 9.507966 24.247262 8.641370 21.692162 16.477124 15.108725 17.054612 11.926073 21.927731 9.731661 11.247657 14.585852 7.881527 22.543861 5.809227 22.640759 5.820881 7.979484 20.844701 12.540216 5.096578 21.742561 18.937848 8.293323 5.561422 15.933283 19.978532 18.596979 22.776489 7.909720 17.327649 23.364712 11.171487 18.773889 10.543050 6.921356 22.433847 6.568490 20.156346 17.454049 24.837617 7.711902 7.485264 15.463511 20.722888 24.445526 21.760578 9.562818 13.006282 14.697820 6.845215 6.207624 19.012373 16.424469 16.253858 24.690267 14.170685 9.237308 24.993864 20.754548 17.142640 22.903924 11.680164 5.989572 17.635660 10.541535 12.497503 11.007603 24.267893 21.788246 11.643214 8.338137 23.781666 13.043060 15.433152 14.283349 13.677950 11.382554 5.340561 6.553457 6.091482 23.711839 18.355233 22.141939 13.481361 19.931399 22.492470 7.882629 16.751606 12.446900 11.071533 6.039286 22.901662 6.647705 22.547809 14.364877 13.724486 10.531091 7.029789 16.597089 20.099438 18.048971 17.219549 18.753006 20.227004 9.850790 6.219046 5.723161 17.244221 16.638318 11.558990 20.380782 18.684628 7.726160 13.883720 17.084788 21.155537 23.432808 8.338550 19.660733 24.419461 8.745447 16.129924 8.659586 16.805171 16.810070 22.614723 11.837662 16.477405 19.245078 14.778169 7.555711 13.793666 7.919802 17.277848 17.637017 15.272136 11.201177 13.024778 13.120438 21.727090 24.759279 18.033360 19.869237 13.782045 7.322484 13.788084 5.460515 22.827573 23.113968 9.040478 24.680722 7.887420 15.323458 14.310023 8.673706 6.463707 14.142603 5.436657 18.262283 20.039604 20.042537 22.388199 9.099822 11.342839 11.951329 11.161038 9.204693 10.963653 23.464426 7.892915 8.995867 9.874856 11.401561 22.450530 10.030202 24.654169 13.946812 16.653341 11.863642 21.735113 7.946371 14.026838 19.990080 19.492757 23.822998 12.955379 23.912984 10.824397 19.236693 10.486260 17.243380 22.599503 6.838705 17.979270 8.177057 14.090931 9.626081 15.050948 7.994720 18.739867 24.109427 24.685305 11.132019 21.950441 17.936086 20.532093 5.281399 8.299197 16.158379 17.068470 7.086434 5.492173 22.215711 18.494902 5.096967 14.814285 10.276258 5.446498 5.829215 10.723603 18.794264 18.910260 5.078186 6.044790 16.751757 12.313787 10.138046 14.028769 18.068095 6.075090 13.712224 13.048194 7.370445 14.862050 14.367607 12.539565 20.473443 8.835035 5.606705 16.892406 12.092069 9.764043 6.392900 13.183657 16.280252 8.228461 11.671754 17.324379 9.894809 17.233671 23.799101 10.858021 11.466267 21.115799 14.932295 11.601479 24.402596 24.065568 11.424920 5.936860 9.778707 7.864981 8.559720 23.823860 21.906353 12.153248 5.448379 19.292556 8.690962 19.387738 14.007732 7.711453 5.012997 9.534588 23.766871 6.639437 22.068595 5.805120 13.758493 14.337900 18.592362 8.314174 6.840042 15.028974 20.688518 16.718375 16.921934 16.759709 24.519458 8.077786 10.744239 7.984708 8.738354 15.956262 15.774086 18.392816 9.684125 14.661145 12.578028 24.347656 22.191539 16.382768 22.473712 16.455444 5.269804 21.316507 7.845625 17.281603 23.954708 23.094682 19.043574 7.230265 19.823690 20.733330 23.837907 21.429034 8.242607 7.752488 5.530844 16.221795 19.603913 5.297910 22.484355 19.319896 20.842396 24.796730 13.827838 24.529817 22.340247 18.974980 24.540572 16.098364 15.796837 11.731728 23.982540 12.923965 5.086035 17.688819 16.649896 7.587270 5.096995 5.175991 10.874487 14.692477 15.288013 14.824891 21.277332 20.263021 15.364932 21.705186 8.435812 22.454640 22.753974 8.633163 16.113142 22.407049 11.812013 8.843156 24.140064 16.492095 6.321248 8.070711 5.191822 12.905519 11.232591 18.953427 11.877735 9.153239 5.044746 13.192017 20.487444 13.860532 11.865276 12.058273 18.053503 12.139415 13.030385 19.709371 17.039496 16.213642 9.314012 10.734113 20.933195 10.809314 8.383758 23.658750 20.029180 9.094157 15.264159 10.160295 16.299164 22.524946 9.757814 23.009069 21.773837 10.894272 24.550565 22.408411 8.363868 8.683781 5.398104 13.711821 14.167360 19.067650 8.091822 22.043723 21.275518 8.022097 14.199570 16.471127 8.645849 18.665127 5.877752 7.517046 7.595908 12.129031 12.762725 15.094229 8.934310 19.592710 19.714916 13.373916 17.691586 7.121799 17.018690 12.124847 6.546325 23.928121 16.236176 22.860571 7.021033 16.052778 5.407495 6.382167 12.210273 22.469406 10.201337 8.419094 9.582457 13.666020 13.032647 22.126406 17.491356 24.610840 11.102966 12.811683 22.582176 10.030185 8.577826 11.424416 23.099614 8.938897 19.519187 8.739936 16.795425 18.310216 14.145560 11.328249 12.507297 24.949607 19.897465 22.433698 5.144989 16.511611 23.634162 7.084107 11.594729 7.262353 22.720312 5.888282 15.613031 24.953023 14.010073 11.111731 10.620238 22.735738 5.961721 23.884590 24.014482 6.098196 5.590076 11.504967 21.756951 7.868116 14.262797 14.546902 15.072890 14.329028 10.692905 8.431621 18.159028 19.660126 20.140548 11.333211 8.240196 20.728237 22.312228 9.200283 16.254219 19.287904 8.018853 11.734602 22.393648 21.042011 24.886343 15.347038 14.279755 12.196183 6.423590 12.783078 22.810266 15.702977 16.066649 19.169246 5.785621 7.981447 10.155063 22.311356 12.568126 10.405720 19.946415 12.202639 10.809314 10.777286 19.533720 9.633681 21.670329 9.105550 9.825737 21.606466 20.167917 6.496979 15.915281 8.210821 8.322768 19.712459 24.721969 19.320582 22.409688 19.302584 5.150451 20.844940 18.176275 5.068611 23.892813 10.536403 16.793078 13.316584 17.569332 16.173759 22.397192 23.790578 22.820027 22.074513 11.936928 16.802827 19.416324 22.783328 11.832821 5.764913 13.132545 20.792190 5.087004 19.412567 17.955062 7.297966 13.938947 22.786190 8.777899 10.570219 19.327771 20.274584 20.784618 17.588910 22.836839 18.956966 20.002691 13.356490 14.374286 18.679055 20.147821 22.163287 7.011754 16.137821 22.547595 10.198878 7.397296 9.062248 14.652805 12.579861 16.596216 18.791916 7.694091 20.725909 13.591608 18.341521 7.434575 9.597219 13.624872 22.554296 22.337450 20.147397 10.697082 16.687160 18.144499 8.062277 8.673156 6.940128 11.314540 19.391097 24.574520 23.341867 11.559180 6.369713 11.248671 13.525518 17.325395 8.361394 18.867254 17.407343 21.965650 18.715100 12.445334 9.917494 5.762738 7.904280 11.799324 10.636029 17.196708 24.438374 15.671613 15.990399 14.003972 21.511741 16.156801 8.906262 18.380768 7.684403 14.191194 7.583884 22.377187 11.744660 18.476697 10.794750 19.907267 7.983432 9.436810 10.984735 15.137583 24.772536 23.663764 18.749304 17.522844 19.409447 14.837634 11.531004 22.340612 20.929886 8.686833 21.047295 22.257978 17.767297 17.787986 19.015716 21.352240 8.008848 8.101493 21.472651 10.059868 20.820675 20.027211
46
183
0 5 6.115621
0 7 5.716826
0 37 4.519550
0 39 3.883347
0 43 4.280059
1 5 6.100671
1 10 9.813118
1 12 9.087408
1 34 7.057267
1 39 1.508597
1 43 9.934082
2 14 8.717213
2 15 6.996054
2 16 8.174013
2 19 6.107335
2 20 1.483350
2 23 4.122050
2 24 5.240570
2 27 8.013285
2 45 7.821469
3 4 8.626142
3 5 9.445784
3 25 3.758151
3 28 4.213732
3 30 9.864092
3 34 8.255991
3 45 6.059467
4 11 8.637475
4 12 8.370224
4 14 7.356176
4 18 3.840066
4 22 7.108998
4 27 7.913749
4 37 3.105086
4 44 7.004561
4 45 3.906563
5 11 9.001493
5 35 5.417597
5 36 8.979986
5 41 8.974820
6 7 6.542442
6 9 5.835203
6 12 3.666882
6 16 1.312964
6 20 7.328542
6 32 7.085989
6 37 8.736001
6 39 2.611421
7 8 3.084235
7 19 2.013803
7 20 1.631848
7 21 1.084817
7 26 8.358246
7 28 4.526283
7 29 8.755450
7 30 7.503772
7 31 5.583528
7 34 6.812011
7 37 9.357038
8 15 2.014178
8 20 8.795732
8 24 3.709537
8 28 4.946177
8 30 2.833977
8 42 6.196823
9 13 7.132321
9 15 9.701893
9 17 1.850537
9 18 2.033836
9 21 9.084522
9 29 8.814125
9 30 9.991997
9 32 8.348557
9 36 7.617433
10 18 9.217860
10 23 2.448286
11 13 1.379144
11 14 1.032448
11 31 8.213710
11 35 6.654900
11 36 3.142028
11 37 9.913555
11 39 8.464651
12 13 4.450502
12 20 1.460390
12 33 2.373514
12 34 3.603034
12 36 2.431949
12 39 2.835941
12 40 1.388510
13 17 8.102283
13 25 5.237687
13 28 3.746439
13 31 8.712824
13 37 7.143209
13 43 7.377899
14 15 5.206417
14 18 2.600259
14 24 5.880613
15 19 9.104997
15 27 2.364618
15 32 9.302862
15 36 8.291303
15 39 1.443947
15 41 4.596102
16 38 5.116467
16 39 1.716677
16 42 4.932256
17 18 4.987878
17 21 9.388997
17 22 3.603772
17 23 6.987851
17 24 7.403093
17 30 2.523298
17 32 9.419341
17 34 9.822078
17 44 6.998871
18 27 6.545060
18 33 7.241211
18 35 1.420036
18 39 9.572835
18 41 1.639719
19 24 2.700873
19 25 8.341507
19 27 3.955194
19 38 8.484187
19 43 4.318029
19 45 8.317829
20 23 6.551080
20 32 9.431638
21 25 9.241585
21 26 6.994207
21 28 8.325930
21 37 6.996732
22 24 7.388250
22 34 5.864687
22 44 5.893622
23 25 8.658366
23 29 1.710475
23 34 2.515432
23 39 9.790013
24 34 5.493203
24 37 7.900631
24 40 4.357813
24 41 3.461728
24 43 9.635203
25 29 1.111296
25 30 9.704445
25 31 5.607877
25 35 1.839666
25 42 2.664990
25 45 3.411812
26 27 9.062014
26 28 5.683168
26 31 9.017656
26 36 4.940475
26 37 2.798478
27 31 2.394998
27 37 7.516928
27 39 3.845610
27 43 6.404342
28 30 1.094602
28 33 3.539295
28 37 1.910774
28 42 7.676368
28 43 3.328330
29 30 7.163858
29 32 7.612895
29 34 2.833746
29 44 1.758923
31 41 4.741445
31 42 6.651713
33 39 2.800875
33 40 5.274522
34 35 3.904610
34 38 5.950082
34 39 4.814205
34 42 1.454799
35 40 8.596688
36 44 5.386719
38 42 6.712860
39 45 1.279759
40 41 9.278865
380.279017 326.844085 336.070489 438.699727 398.805143 322.533868 278.831895 420.692259 498.640281 297.341956 300.942068 257.495208 483.551941 354.818109 462.580854 451.287174 358.466862 265.483797 362.039483 385.059466 385.430111 388.213004 266.875631 236.742189 412.270448 424.498622 364.825219 496.438166 230.957461 440.015437 387.998735 274.341066 279.469791 290.172527 334.275312 284.964133 379.098151 400.293943 382.367643 431.264273 356.832939 274.119467 347.574821 466.794144 315.885883 459.852700
