700
1397
0 1 1.664360
0 2 8.894377
0 11 1.641507
0 12 14.744661
0 13 17.451237
0 20 11.200441
0 24 4.673065
0 48 1.354902
0 95 8.724194
0 100 15.933955
0 118 16.508162
0 137 17.849552
0 141 5.864121
0 146 12.133534
0 165 14.902489
0 198 8.607179
0 226 14.770436
0 256 10.190846
0 273 8.890156
0 275 12.370960
0 278 4.383661
0 290 5.783995
0 306 10.214763
0 342 6.599627
0 388 12.931569
0 407 10.971540
0 488 9.826053
0 664 2.447408
0 674 3.257799
0 695 11.769468
1 2 16.020866
1 3 13.315884
1 12 17.927941
1 15 13.848889
1 16 5.571496
1 21 7.764846
1 32 15.272827
1 37 13.336028
1 126 16.526683
1 128 14.979900
1 167 4.839064
1 200 10.371669
1 291 14.589496
1 310 10.367264
1 389 6.354741
1 437 2.186646
1 476 6.156544
1 521 17.709242
1 612 2.905699
1 621 8.124749
1 686 16.835916
2 3 4.075740
2 4 10.838784
2 5 14.137795
2 6 9.036118
2 17 11.913896
2 21 12.528930
2 23 2.524843
2 31 15.500697
2 34 10.409020
2 53 2.615021
2 54 3.367894
2 61 15.508070
2 79 1.998007
2 116 18.483568
2 139 13.994604
2 163 15.208377
2 176 12.087443
2 206 12.978105
2 207 10.885414
2 215 7.306377
2 258 12.809900
2 285 14.299651
2 293 17.762195
2 317 12.257796
2 349 6.640850
2 547 7.263292
2 567 5.312278
2 596 18.396313
2 602 9.505788
2 631 5.937669
2 638 16.539203
2 662 12.488816
2 679 15.523290
3 4 15.130068
3 5 11.012392
3 6 15.540044
3 7 3.927285
3 8 6.263078
3 9 7.034900
3 14 12.162455
3 15 7.368588
3 38 1.070387
3 42 4.792877
3 47 4.857783
3 56 10.534039
3 58 2.129111
3 67 6.863167
3 69 2.131059
3 91 12.617131
3 97 3.873820
3 99 17.881439
3 127 14.964938
3 139 18.095201
3 162 16.973711
3 177 3.538363
3 185 9.913646
3 189 4.709069
3 190 17.666375
3 206 13.244869
3 251 5.815385
3 270 14.387747
3 272 1.743153
3 336 13.522664
3 341 2.762049
3 360 16.969492
3 383 10.243893
3 441 17.913435
3 442 2.036196
3 452 2.877999
3 462 2.305888
3 503 2.819202
3 549 8.990460
3 554 2.472001
3 609 8.075186
3 624 9.178758
3 626 9.052569
3 658 6.456083
3 689 6.049251
4 19 4.878365
4 22 12.408669
4 26 10.000734
4 28 19.162909
4 37 3.477196
4 39 13.753346
4 47 1.839920
4 52 13.017093
4 56 17.654474
4 60 1.701266
4 87 5.265831
4 104 17.574554
4 187 2.087615
4 237 15.640542
4 338 8.711074
4 378 15.070354
4 401 6.692462
4 409 12.452422
4 426 17.887248
4 438 5.986522
4 548 18.545267
4 549 6.157506
4 568 9.968569
4 583 8.846151
4 594 12.022719
4 601 15.730791
4 607 12.391638
4 636 4.703704
4 684 1.345069
5 7 7.651783
5 8 19.757073
5 11 4.779446
5 27 10.148997
5 29 3.869903
5 36 14.011387
5 45 10.930386
5 59 15.249552
5 63 1.033401
5 64 14.742383
5 65 12.741534
5 122 13.126101
5 128 12.066757
5 135 18.959361
5 138 5.853028
5 168 5.852557
5 186 14.191107
5 193 4.209959
5 214 9.965407
5 267 18.755084
5 291 4.700553
5 310 6.800511
5 384 5.159789
5 429 12.595367
5 435 5.169126
5 439 9.846689
5 539 3.349130
5 543 5.308414
5 678 13.242372
5 694 11.218497
6 18 15.247340
6 43 16.728909
6 76 12.533747
6 106 17.135325
6 113 19.131214
6 146 17.055975
6 210 14.488395
6 211 5.432480
6 275 17.899578
6 301 2.760969
6 315 2.167003
6 404 4.330500
6 486 3.598400
6 565 12.663712
7 10 10.772638
7 13 19.477490
7 20 11.052553
7 27 9.783097
7 31 3.137857
7 40 7.246243
7 49 2.690370
7 86 10.712138
7 101 5.022513
7 103 12.570749
7 134 3.626681
7 144 17.046175
7 152 2.306706
7 156 15.225474
7 165 12.582964
7 198 17.997317
7 259 11.847586
7 274 13.858954
7 283 7.354913
7 288 10.403892
7 292 16.197120
7 299 14.469316
7 318 12.395835
7 368 1.832338
7 381 12.856573
7 421 7.280244
7 459 12.331568
7 471 16.563445
7 480 3.760157
7 482 16.870638
7 483 10.121451
7 509 10.861099
7 551 17.543448
7 566 4.731291
8 9 11.648232
8 10 11.832596
8 14 14.090309
8 35 2.964415
8 38 10.202538
8 58 19.924706
8 106 17.297535
8 138 15.849052
8 179 3.957690
8 196 19.453455
8 247 13.459309
8 282 6.613658
8 289 1.336987
8 327 16.928368
8 377 14.758126
8 397 19.769027
8 400 14.997165
8 434 16.898924
8 464 2.765677
8 472 4.154641
8 520 6.073145
8 577 15.902148
8 611 14.871229
8 644 1.233638
9 17 8.733313
9 18 3.635571
9 66 18.408788
9 112 2.373708
9 174 2.762542
9 224 4.641482
9 404 7.972445
9 416 3.260056
9 431 3.961537
9 577 3.132552
9 660 1.571070
9 696 19.014431
10 16 17.706507
10 30 18.327591
10 49 17.017130
10 71 1.601005
10 102 5.256350
10 231 5.685617
10 425 10.296299
10 443 16.695473
10 500 11.222673
10 526 1.388114
10 531 19.299519
10 601 16.987538
11 35 11.245258
11 84 10.641765
11 126 10.120773
11 375 10.892662
11 481 18.998673
11 639 7.247215
12 23 3.367745
12 46 11.947800
12 140 3.057386
12 579 4.183487
13 39 15.843348
13 50 5.957153
13 74 14.335577
13 94 9.849118
13 132 1.788040
13 166 10.699164
13 434 9.586683
13 510 12.451927
14 25 7.621039
14 30 15.961332
14 46 10.919778
14 54 16.797595
14 74 2.832097
14 92 16.237324
14 123 2.261137
14 161 7.143727
14 179 4.352097
14 213 5.002953
14 406 13.305796
14 484 11.836966
14 586 17.098501
15 25 12.966080
15 44 7.129953
15 55 10.120311
15 65 3.269785
15 72 1.359475
15 212 5.821658
15 218 15.530230
15 223 19.958671
15 309 7.614441
15 338 8.555422
15 396 9.783662
15 405 11.173962
15 412 6.037072
15 457 13.856746
15 486 5.778566
15 518 2.731444
15 587 11.617547
15 618 4.908903
15 675 17.368271
16 136 19.576790
16 171 8.435345
17 19 5.702077
17 33 9.050769
17 36 6.071743
17 91 10.867625
17 121 9.387356
17 281 9.532133
17 341 9.541867
17 385 3.057717
17 409 1.909508
17 542 9.077554
17 563 18.212838
18 29 19.296555
18 41 12.043378
18 59 13.243378
18 61 6.750726
18 62 13.930401
18 69 13.162348
18 82 16.670902
18 83 10.709517
18 125 7.981977
18 157 14.543035
18 160 19.148514
18 190 8.148102
18 285 8.261274
18 316 16.941067
18 363 19.650569
18 370 15.731695
18 373 9.498727
18 513 7.822901
19 26 16.330208
19 75 10.208766
19 85 11.630778
19 158 11.556604
19 227 2.069566
19 254 16.410609
19 263 13.289459
19 415 6.898049
19 436 1.087698
19 501 14.546335
19 595 14.499303
19 622 18.554834
20 63 13.433923
20 73 5.224745
20 333 2.656214
20 559 16.876458
20 666 15.544260
20 682 8.899724
21 22 16.381979
21 90 17.816217
21 170 8.952149
21 474 2.216876
21 656 13.864927
22 28 6.067157
22 41 12.532512
22 48 18.250946
22 53 1.473375
22 57 11.243382
22 88 17.916873
22 157 10.187624
22 173 7.088290
22 196 9.752042
22 227 19.657769
22 288 7.196186
22 295 1.132276
22 308 19.391925
22 313 18.291733
22 339 1.501872
22 403 11.281557
22 487 9.726541
22 514 13.187776
22 627 15.971262
22 667 6.469020
23 24 14.516812
23 33 10.924132
23 34 13.417332
23 281 1.084377
24 44 7.068683
24 62 14.486955
24 124 12.112837
24 150 17.211153
24 153 2.322420
24 188 13.772559
24 355 11.066168
24 382 18.404568
24 561 11.216195
24 582 1.642825
24 615 15.067337
25 491 13.190433
26 32 12.612302
26 40 12.810344
26 42 6.999216
26 133 4.684100
26 143 11.080412
26 167 3.820663
26 276 9.159121
26 287 17.908807
26 328 8.110185
26 352 1.702038
26 574 12.986895
27 566 6.141255
27 688 17.450841
28 68 3.149658
28 89 14.060711
28 100 3.459015
28 117 4.955563
28 224 3.402443
28 239 3.008343
28 279 2.581579
28 289 12.184459
28 371 1.627693
28 377 7.389208
28 419 9.985581
28 430 17.412115
28 448 18.940964
28 454 17.491336
28 522 5.031341
28 524 1.106373
29 111 17.747307
30 43 8.965443
30 57 19.922747
30 105 4.006666
30 119 9.211876
30 286 11.195900
30 323 9.775480
30 359 6.194495
30 502 18.906320
30 692 8.910430
31 50 15.191042
31 132 14.988559
31 360 15.052329
32 76 19.675008
32 97 1.227790
32 98 2.367393
32 101 4.976525
32 229 14.736586
32 410 18.969447
32 659 9.323963
33 77 1.462084
33 117 15.729804
33 534 1.086755
33 690 11.445087
34 60 4.453923
34 204 1.966671
34 226 6.881716
34 228 8.040634
34 488 17.208409
35 279 10.814100
35 363 10.451388
35 629 2.641220
36 80 2.188343
36 123 16.789887
36 155 6.774874
36 562 6.752267
37 81 6.570355
37 424 13.566419
37 557 12.645381
37 635 13.660744
38 45 9.728554
38 51 15.731998
38 72 1.907202
38 96 9.744536
38 116 19.102124
38 142 7.704341
38 192 10.770007
38 251 6.170138
38 266 1.222729
38 280 13.566428
38 392 4.349094
38 457 8.264711
38 539 7.758001
38 679 9.238710
39 142 16.552452
39 185 1.273127
39 349 3.460211
39 398 14.357688
39 426 1.979205
39 613 17.005824
40 129 4.312323
40 130 13.891558
40 222 11.635001
40 372 17.818609
40 428 1.036699
40 523 15.408552
42 667 2.921083
43 66 15.610575
43 82 17.805253
43 89 17.798151
43 140 3.691243
43 174 12.781734
43 221 16.897233
43 584 15.174239
43 604 18.654762
43 618 14.011064
44 51 8.119544
44 73 2.402583
44 94 4.193924
44 137 10.177263
44 144 14.699415
44 267 6.631894
44 378 6.829530
44 495 3.136611
44 512 6.988992
44 641 8.533110
45 52 4.659909
45 129 15.512483
45 201 12.811960
45 322 17.220037
45 350 3.590108
45 423 11.764859
45 605 1.468056
46 509 13.152411
47 111 8.898574
47 203 6.112707
47 257 16.613354
47 336 7.616973
47 395 17.100530
47 400 13.946099
47 468 6.931996
47 489 7.308381
47 635 5.545502
47 657 10.505618
48 67 10.152889
48 68 5.178487
48 71 12.451147
48 448 12.097486
48 470 6.750377
49 107 14.900620
49 131 12.186394
49 163 3.559010
49 387 2.218200
49 492 18.361441
49 557 3.552080
50 314 11.523338
51 81 14.855729
51 84 7.557767
51 107 12.389709
51 169 9.542653
51 184 7.363539
51 220 16.914088
51 595 4.202073
51 675 2.442184
52 105 18.055331
52 120 18.974622
52 156 16.827086
52 254 17.163147
52 340 5.828295
52 505 13.086922
52 645 2.488248
53 55 18.907641
53 78 4.318174
53 154 3.403235
53 172 3.913815
53 304 9.955589
53 405 17.608798
53 629 13.767188
54 80 6.111589
54 115 5.363257
54 175 5.367076
54 651 11.344761
55 191 13.001927
55 345 2.398705
55 477 7.713570
55 676 4.999193
56 85 11.212444
56 113 15.568528
56 283 6.503568
56 287 8.606333
56 346 16.885261
56 440 17.735982
57 64 1.082213
57 70 3.959404
57 122 4.669178
57 172 7.321215
57 262 5.347727
57 320 19.038273
57 325 5.513346
58 70 2.601319
58 114 5.653706
58 134 12.596860
58 152 8.705923
58 175 4.635893
58 189 5.904186
58 274 2.249595
58 460 9.322101
58 467 9.215632
58 638 3.642600
59 88 13.941350
59 131 11.061965
59 149 9.773292
59 168 6.746062
59 232 9.320636
59 238 5.743788
59 244 9.394143
59 297 1.808795
59 527 3.157282
59 578 15.694052
59 594 13.061777
59 637 13.643382
59 685 18.258381
60 108 17.722814
60 236 13.296438
60 452 12.464487
61 78 14.747212
61 200 10.163159
62 120 3.946064
62 177 11.208974
62 210 19.417874
62 367 4.593866
62 487 4.422088
63 75 5.418942
63 133 11.366486
63 148 10.130785
63 313 6.805642
63 334 3.662218
63 463 2.385092
63 630 4.806835
64 79 5.543236
65 86 3.305365
65 102 5.973014
65 353 18.035042
65 362 19.383226
65 394 9.079320
65 422 8.010527
65 475 1.317734
66 164 18.081879
66 195 4.753737
67 96 8.153116
68 77 3.260145
68 103 15.016831
68 354 1.780565
68 661 1.832005
69 478 11.675496
69 504 18.024386
70 507 6.193901
70 541 1.620411
71 83 17.082520
72 149 15.458777
72 153 16.485280
72 154 14.355555
72 180 3.830317
72 369 13.715607
72 582 7.684982
73 158 3.973577
73 159 8.608029
74 108 2.654105
74 225 13.766235
74 242 2.904954
74 292 14.555927
74 322 15.690341
74 332 19.010439
74 552 19.305903
74 575 3.008740
75 92 16.623804
75 124 12.061347
75 272 12.992833
75 643 4.726947
75 680 2.532406
76 148 14.986349
76 173 2.988387
76 202 6.100061
76 265 12.684642
76 328 14.934755
76 389 14.505467
76 568 1.019779
77 93 16.095676
77 316 8.023202
77 433 1.959733
78 119 7.472873
79 298 3.185720
80 162 15.150671
80 209 17.519232
80 276 7.027787
81 182 11.405512
82 353 16.249163
82 412 15.649538
82 574 4.025820
83 118 3.463443
83 290 3.081093
83 337 10.164039
83 485 9.017887
83 570 18.242265
83 616 15.029707
85 95 10.983696
85 98 9.289390
85 104 11.548617
85 229 5.235803
85 447 9.580831
86 87 16.051618
86 245 13.340093
86 414 2.363690
86 421 17.433311
86 518 6.937552
86 627 8.663410
87 240 4.715879
88 433 10.720062
88 449 8.192288
88 456 7.784813
89 90 12.052482
89 127 15.587036
89 581 16.743529
89 651 8.055368
90 109 15.555215
90 171 6.410946
90 219 7.459879
90 284 1.413502
90 422 17.329916
90 439 15.301142
91 115 9.789050
91 180 18.051189
91 181 8.692908
92 93 8.818865
92 141 1.028726
92 160 2.162015
92 445 15.873047
93 99 2.854387
93 202 16.669604
93 268 13.257229
94 110 1.438912
94 392 11.339619
94 649 11.427441
96 253 2.355566
96 255 18.690243
96 390 8.202906
96 406 7.410641
97 395 17.891097
98 176 3.777687
98 252 8.112621
98 269 9.590175
98 315 16.722233
98 399 7.883881
98 538 6.392704
99 110 14.695017
99 231 10.136011
99 308 11.231104
99 519 17.384431
99 564 8.860033
99 671 16.078005
100 192 6.967975
100 417 18.057387
100 498 15.824102
100 696 2.251538
101 130 2.306983
101 136 10.488206
101 155 9.258758
101 188 4.884076
101 262 11.544463
101 317 13.044852
101 333 4.100066
101 503 9.001476
101 506 6.066523
101 507 4.578665
101 593 10.796002
102 143 13.474372
102 314 16.253974
102 511 9.773639
103 186 12.517704
103 242 18.721519
105 236 4.136271
106 109 2.313585
106 204 2.493729
106 284 11.770618
106 376 6.664859
106 440 8.163045
106 456 3.167766
106 551 1.636650
107 150 18.301759
107 184 7.684206
107 208 12.894148
107 215 10.168737
107 248 13.501953
107 381 11.670570
107 430 16.137928
107 431 6.308063
107 464 7.649755
107 465 11.294396
107 489 12.658512
107 632 18.453675
108 112 7.841220
108 491 7.314998
109 216 17.715221
109 357 6.781099
109 411 8.590023
109 483 18.513221
111 166 14.666198
111 243 7.311497
111 361 11.623351
111 634 8.321018
112 164 5.962035
112 234 19.698882
112 237 6.532690
113 114 15.358106
113 230 7.529820
113 233 5.698465
113 555 9.867630
114 125 9.587405
114 416 7.017059
114 564 4.061759
115 652 18.397719
116 194 13.925939
116 527 1.990359
117 347 13.257318
117 579 2.265667
118 195 6.041854
119 121 1.091855
119 147 17.252010
119 569 1.458583
120 216 9.526271
120 268 18.713270
120 270 16.626488
120 473 14.011073
120 500 8.871781
120 556 2.207814
121 514 9.082411
122 182 6.294458
122 197 5.385094
122 340 2.329356
122 589 9.588879
123 212 17.963367
123 364 1.643183
123 532 9.049935
125 169 1.619299
125 220 12.176590
125 261 9.775364
125 294 19.022517
125 305 14.746633
125 326 13.361630
125 393 7.482882
125 466 3.007173
125 597 15.310575
126 222 16.530611
127 253 8.187683
128 366 5.351475
128 442 16.378396
129 411 9.967183
130 135 14.482082
130 194 10.922512
130 506 9.035821
131 145 6.996980
131 151 6.575920
131 217 7.737461
131 235 6.732942
131 391 17.536012
131 413 5.069548
131 474 19.082363
131 505 9.969235
131 563 6.640625
131 588 4.540917
132 418 5.725148
133 460 16.753889
133 548 18.662620
133 612 12.672297
134 247 11.785488
134 331 19.046343
134 645 3.902493
134 693 3.035335
137 159 4.279585
137 170 16.088586
137 211 12.214834
137 235 13.215539
137 240 5.039128
137 545 13.379163
137 578 10.872974
138 147 11.713837
138 197 15.978450
138 239 13.979316
138 321 14.370527
138 376 3.760782
138 428 10.046333
138 620 11.225516
139 223 4.827989
139 232 7.825161
139 238 3.516842
139 345 12.071496
139 444 2.725851
139 496 5.895343
139 650 10.860798
140 348 6.479547
140 438 14.689250
140 493 18.818020
140 528 9.582812
141 145 12.052931
141 178 1.578150
141 330 17.255588
141 385 14.365264
141 494 17.616055
141 498 1.693885
142 151 11.097597
142 178 5.147119
142 181 5.218166
142 249 11.641132
142 373 2.181738
142 379 1.020084
142 435 19.902465
142 499 7.183697
142 520 1.092500
142 545 12.049529
142 593 3.222452
142 600 14.938622
142 684 3.810952
143 221 13.789043
143 249 4.798737
143 372 1.940782
143 495 19.985008
144 207 9.004527
144 386 11.132982
144 680 18.493160
145 191 6.345332
145 263 2.814229
145 446 5.584974
146 246 5.238889
146 359 16.213703
146 368 15.174458
146 517 1.972869
147 304 1.977139
147 646 15.938166
147 663 7.627811
148 183 2.572058
148 255 5.015644
148 677 6.730267
149 382 9.428092
149 528 19.719162
149 555 1.653045
150 271 4.792283
150 493 9.866016
150 591 10.216213
152 201 18.240471
152 244 18.579800
152 479 4.573413
153 161 8.065302
153 234 12.230284
153 383 10.726550
154 245 9.989192
154 257 14.021076
154 301 17.885499
154 445 8.982926
154 530 4.950490
154 553 12.229970
155 356 11.139944
155 357 15.546190
157 295 15.020056
157 319 16.291312
157 352 12.225093
158 203 6.434390
158 217 7.075593
158 278 15.828936
159 214 11.162654
159 250 17.213638
160 299 10.999963
160 525 1.292622
160 526 7.548064
161 228 15.395664
161 634 5.589314
162 187 9.402715
162 277 12.532568
162 425 19.912684
162 657 14.922024
163 364 14.066558
164 455 1.444047
164 519 11.912293
165 199 3.639182
165 617 18.688283
166 699 7.671964
167 241 2.427102
167 335 9.452338
167 628 14.758212
168 446 13.337427
169 205 13.003196
169 230 17.290443
169 334 15.765492
170 209 16.880900
171 606 8.672601
172 647 14.370472
173 199 1.519672
173 556 14.599969
173 590 14.238883
175 213 16.073888
175 256 14.047205
175 320 12.987964
175 365 6.850709
175 575 15.179316
175 682 3.963993
176 205 10.057319
176 335 3.192925
177 219 9.916676
179 183 1.280873
180 250 14.507013
180 332 15.680644
181 273 15.728630
182 355 5.240183
183 300 2.806102
183 525 18.107906
184 306 3.596013
184 522 3.887981
184 596 2.586976
185 365 17.651523
186 397 8.388029
186 427 7.726984
187 252 4.678823
187 374 14.331909
187 453 19.291244
187 478 3.573457
187 588 17.996360
188 302 3.898322
188 504 10.520256
188 516 16.589497
189 193 17.381350
189 208 7.468726
189 218 10.348080
189 396 4.083277
189 462 2.748826
189 502 5.524224
189 616 15.605906
190 298 17.362199
191 261 18.551187
191 265 2.052438
191 271 17.656332
191 695 11.437416
193 326 13.520041
193 394 8.381236
193 529 9.212252
194 241 15.600861
194 362 10.151497
194 410 15.977579
194 602 15.875859
194 678 17.284912
195 300 9.541465
196 513 14.371299
196 544 7.367369
197 296 11.166498
198 225 1.079582
198 243 1.361587
198 603 1.137319
199 343 5.834467
199 465 4.543925
200 386 4.786527
200 387 16.676537
202 260 1.593649
203 259 13.814938
204 264 4.089564
205 233 7.321489
206 419 16.804831
206 492 6.655557
207 344 7.241023
207 351 12.592091
207 669 19.965005
209 264 6.525527
209 481 1.499853
210 305 11.576180
210 432 17.667328
210 436 5.737803
212 269 11.912413
212 297 1.701655
212 441 3.875174
212 468 10.219621
213 246 13.169150
215 348 2.918511
218 469 16.662047
220 321 17.338432
220 599 1.105321
221 286 15.159855
222 666 9.665980
224 613 12.511053
225 258 13.931917
225 324 15.432417
225 390 5.494952
225 515 9.315477
226 343 4.041636
226 459 18.705433
228 307 3.745284
228 553 16.090487
229 307 13.335085
229 356 4.857458
229 393 6.770367
230 417 19.728428
231 633 5.692604
232 260 5.440961
233 683 1.936132
235 388 3.862758
235 485 1.003804
235 688 12.866715
236 248 14.763121
236 443 1.098017
237 537 19.176488
237 572 18.059816
237 692 8.242994
238 312 8.170160
238 501 10.898569
239 277 10.933171
240 530 18.271288
240 536 15.447735
242 361 7.400219
243 358 11.391839
243 380 15.018044
243 401 19.313363
243 674 12.042180
244 311 2.581224
244 585 7.574771
246 339 2.462202
246 346 4.653039
247 266 6.290220
247 282 16.441154
247 318 10.929070
247 350 17.082040
247 351 10.026222
247 432 11.627750
247 450 3.808472
247 472 5.766348
247 533 10.826163
249 623 17.897118
251 585 5.068093
252 624 7.123802
252 672 15.735221
253 319 17.836855
253 447 11.298900
253 662 2.029075
255 538 1.250256
255 558 9.534965
256 329 1.380938
256 347 19.841075
257 470 8.987555
259 294 18.938801
259 366 6.504746
261 414 15.713528
262 296 16.346785
262 323 17.859111
263 280 4.003037
263 331 11.837728
263 344 13.372952
263 573 14.632838
264 302 17.172711
270 617 13.895742
272 303 6.334686
272 327 13.722306
272 330 16.544928
272 337 15.905684
272 398 11.666003
272 510 18.479919
274 324 17.090300
274 467 9.656286
274 640 16.843419
276 560 17.156187
277 293 11.198927
277 636 12.663841
279 312 3.912101
281 649 14.868684
281 663 10.708719
282 402 3.689540
283 576 8.228273
283 580 11.959702
285 642 3.109739
285 690 11.724443
286 309 12.373936
288 561 18.794926
288 606 13.719332
288 683 10.356240
289 325 10.873477
289 407 11.263374
289 562 13.799456
289 689 7.955142
290 619 17.539198
290 672 7.089738
291 379 18.473727
291 668 3.637163
293 370 3.066938
294 311 14.455254
296 367 3.614590
298 399 2.236439
301 303 12.658755
302 655 13.027714
303 384 4.235647
303 490 12.325715
303 623 15.256315
305 676 1.896023
305 681 16.001279
306 497 14.125169
308 408 8.895946
308 508 7.215632
308 547 18.193870
309 358 15.792616
310 329 6.648673
310 449 14.648378
310 615 4.496841
311 479 3.954240
311 652 18.553322
313 665 17.119443
314 659 3.774040
315 354 4.078439
316 542 6.251284
316 573 5.003281
317 694 10.126449
320 374 7.097100
320 450 7.331804
320 668 17.791436
323 534 13.903922
323 697 5.437270
325 626 14.681882
326 523 6.954961
326 572 6.898140
330 418 6.756493
330 517 8.332162
330 653 10.726216
330 658 16.134345
331 660 12.696321
333 423 4.512491
334 558 19.948744
335 342 18.747770
335 531 15.501345
336 420 16.074869
337 424 5.763367
338 630 4.444625
340 625 19.738377
341 490 17.197583
341 554 12.160049
341 670 14.325028
341 697 17.722731
343 371 6.401958
345 508 11.000123
345 569 6.479410
345 641 15.838286
346 375 6.183651
346 380 8.387089
346 403 15.058584
346 511 17.127536
346 550 2.525071
346 580 19.427534
346 587 4.871911
347 632 10.251897
348 451 18.993887
348 499 3.432621
348 598 16.175248
349 391 8.078203
351 369 7.604781
354 473 10.899927
354 546 15.987522
354 610 18.169062
355 484 12.902247
356 570 14.393955
357 451 7.129631
357 691 15.666293
358 576 1.853012
359 603 1.837475
360 583 19.394852
361 469 14.907790
361 586 5.645435
365 408 13.438307
366 544 12.616024
369 444 9.852224
371 584 18.100806
372 521 8.680222
374 476 13.864346
377 607 5.903543
378 415 12.115986
380 628 5.834892
382 559 6.681495
383 437 13.833459
383 648 18.780782
384 458 18.812471
385 621 12.043570
386 670 19.148536
388 429 5.685676
388 654 7.182923
389 567 5.391200
390 420 8.868412
391 402 17.287887
391 427 7.281962
391 533 16.451894
391 610 1.341919
391 648 8.773986
392 608 4.266609
392 673 5.641751
392 691 10.000670
393 515 14.162038
393 535 6.464480
395 455 12.982892
399 453 12.174681
401 454 12.336573
401 543 15.849414
402 458 6.329195
402 591 6.654615
402 642 19.726036
404 698 1.252967
405 631 9.419959
409 560 11.494504
409 637 1.816903
410 413 19.075406
410 608 15.725978
414 480 1.694949
414 609 5.427626
418 537 1.090859
419 475 12.934167
420 650 6.422659
425 643 18.789861
427 477 12.640253
428 604 18.109545
429 471 2.537434
429 546 5.900934
429 592 14.095569
429 605 19.648923
433 494 3.775374
433 597 14.100878
439 512 17.673924
439 552 3.835877
441 656 12.651147
442 614 3.050381
444 461 15.175816
444 516 17.827047
445 535 11.983742
447 611 12.375892
448 669 12.489246
452 461 4.935660
452 529 7.369428
454 463 1.399426
456 687 15.494194
458 599 6.751784
459 466 19.674554
460 681 7.251864
465 536 4.452793
465 664 7.326601
470 482 16.627427
471 496 11.800086
471 497 9.838615
478 532 15.364688
479 550 15.111606
482 571 10.580488
486 590 19.243808
487 540 12.811136
488 541 2.116275
490 639 19.083391
491 524 6.583758
500 540 2.765833
500 647 2.475153
514 644 16.204198
517 592 19.392507
520 699 10.532448
521 614 16.823108
530 698 8.481040
536 565 9.769130
537 653 9.338910
539 589 11.197101
540 622 7.784585
542 600 14.703131
543 581 13.436901
548 620 6.086061
548 673 3.562202
551 598 7.498490
554 685 18.626482
562 571 6.240121
568 640 1.342559
569 625 7.814437
570 646 4.833110
573 655 3.205457
590 633 3.775658
600 661 6.460828
603 677 15.961667
605 654 6.260028
608 671 18.262759
609 619 8.629947
649 665 17.392851
657 686 7.613945
662 687 12.169608
691 693 9.197631
18.881554 23.742086 24.824705 19.155034 9.512300 22.428402 5.801002 20.289714 5.918707 8.450291 19.173694 14.564329 24.503811 10.781586 23.150348 10.470077 10.053599 12.225445 24.959309 5.892018 14.185943 22.320179 14.568530 6.883210 7.665850 21.161448 15.494530 9.005583 19.961729 19.307002 24.518242 9.006239 15.772810 16.560462 9.390440 8.327415 24.469748 20.026653 21.895058 7.410649 12.906401 7.898296 19.345707 13.280375 21.246630 23.746199 9.738518 15.978220 18.073515 19.865421 15.249458 17.141871 24.854584 16.440277 19.031430 6.568644 11.121975 22.599401 22.737082 23.256265 8.375225 23.676058 23.873344 10.490494 10.892761 21.112708 20.385696 15.275424 16.830895 7.727269 23.257019 16.594334 8.083250 7.361654 22.609613 9.049765 7.662120 6.239247 12.873153 11.282781 12.046885 15.060963 8.735818 7.291449 22.397812 19.072380 7.857617 23.754962 5.426871 22.330146 17.326971 15.710919 14.277365 8.277119 17.083044 13.207212 22.882211 24.892350 7.425899 19.440403 19.414397 12.550801 21.939803 6.484898 17.208319 16.330972 9.785248 23.481971 20.886574 22.829170 22.820931 24.066433 21.732308 21.417748 11.555648 20.564598 6.414813 11.262929 23.775746 11.491673 6.471982 12.332118 20.818380 20.557015 22.250894 22.880478 9.421261 23.610865 10.416162 7.074242 18.171990 8.316028 10.176582 17.124750 8.882621 18.183970 24.965795 16.331339 24.604837 8.291828 10.775007 24.669318 21.559167 14.622600 20.593339 12.218792 23.519533 21.559690 13.290382 14.208675 6.010050 6.117010 20.475326 10.855478 15.134604 18.373980 22.377156 13.337826 15.267924 11.260403 9.663097 8.646438 22.100126 12.974843 17.015444 14.008583 12.332967 15.409738 21.663805 17.739609 11.737518 6.598043 19.993344 12.885750 16.153526 22.790552 13.360355 12.938065 12.399926 24.255627 5.575865 24.744793 7.461346 23.589669 13.340987 14.365624 16.530227 20.609306 17.652135 22.311996 18.079812 5.059293 19.755661 12.096625 16.577060 19.122525 13.896515 10.841225 18.884985 9.066456 24.662208 22.254987 6.801007 16.992890 6.036509 11.577949 12.917991 13.555094 9.374027 14.773672 16.613334 17.969738 6.446034 7.692104 13.145191 19.725974 20.665839 23.788262 12.178526 14.990714 11.104755 21.772951 15.335271 5.499127 23.903003 12.281715 11.633891 9.775929 13.684477 5.016319 18.936253 23.724389 23.555509 19.370767 24.070519 21.961670 24.521911 24.069537 23.257735 5.848874 18.390914 23.571466 12.164274 13.348268 13.265734 13.757270 10.120256 6.538224 6.731392 17.193953 13.561514 8.949725 6.993832 13.062382 20.080328 19.158355 8.401987 6.863296 6.781065 13.937501 17.281170 15.599966 23.448050 22.549072 8.343714 8.802765 8.256339 12.740902 20.755709 23.197170 21.541008 9.621946 22.130406 9.899769 5.680789 6.900291 13.253665 8.746720 10.913709 18.101366 8.628149 19.522809 12.743008 11.925608 15.157366 13.671741 13.339611 20.292629 7.713164 5.417954 6.832529 5.869217 13.202255 16.693489 6.736075 13.635882 11.362023 17.966619 12.925492 7.091557 19.286379 19.784621 22.128826 11.024707 6.866209 20.084992 13.622798 13.320603 11.972010 23.424281 15.903547 19.934376 22.764465 22.523640 23.933193 20.767651 6.956060 7.898206 12.768278 14.677658 18.235445 19.718228 6.968781 6.043985 20.680941 23.217199 10.835075 14.432197 23.087878 13.870319 5.788397 15.957178 22.511942 9.171628 18.275781 21.183833 14.555235 13.841217 9.800472 15.607259 21.968696 5.720818 20.004530 14.751449 8.856693 19.967089 10.858231 14.227064 8.587359 21.773950 17.182354 14.603848 19.718515 11.181199 6.286000 22.754449 6.730858 20.217038 12.137017 6.107254 6.777018 17.996748 11.618604 11.216597 23.093728 17.369990 8.463809 12.554063 20.301927 17.779751 12.682031 12.420694 13.949654 16.546813 8.651089 24.976401 14.801563 18.119610 14.160255 13.399381 5.059655 22.473993 14.883026 14.539645 23.720391 14.085415 15.894871 5.263319 12.761283 8.530530 23.620590 17.358467 17.160108 20.747300 23.858421 12.207939 23.482755 15.493620 18.909110 13.790263 9.886977 16.452661 17.137350 16.263370 11.175403 10.270098 18.834902 12.867574 7.814490 7.715570 13.503030 6.527551 16.472997 6.304211 21.788692 17.882015 21.437634 13.017921 5.305952 7.140581 18.351450 6.446684 7.178619 22.268209 9.862609 17.793090 20.613367 12.871692 13.367286 17.932719 22.358328 19.380207 13.574544 7.642461 13.759926 22.774575 18.736623 9.749772 21.703249 24.406887 24.027424 13.854139 7.768645 21.201951 14.498233 15.677157 18.322168 7.665657 20.708325 9.283636 6.439069 16.422018 12.088622 20.081343 14.651853 20.030550 9.443055 19.492981 22.614858 23.656506 20.771817 21.764597 5.892357 10.417329 20.293603 20.821981 8.094210 10.503202 12.332414 22.099704 16.206343 12.286155 9.581502 9.906347 14.286777 7.866051 12.007278 13.752657 14.625664 17.482770 14.261751 8.112598 17.887622 24.249375 13.218628 14.148757 14.513987 19.484262 23.028671 15.936342 15.373837 13.601517 23.444856 23.152389 13.938348 14.796586 10.102401 13.672879 24.015930 10.299795 24.832600 10.773824 14.481799 13.153665 18.662274 24.868907 23.277065 17.864769 19.280753 17.608849 23.503477 12.984737 22.641182 10.129324 19.474203 15.815268 16.099892 5.813675 24.725451 7.193114 21.561865 12.592395 22.765961 7.322647 23.632339 8.079100 23.182267 6.255357 23.496773 17.391967 18.163712 7.738252 8.079779 23.732150 10.419471 24.020452 23.326376 14.885324 7.668959 17.613662 15.671775 21.726249 20.792048 9.020440 12.337513 11.097717 17.435585 11.657142 11.504296 10.013096 5.915506 23.474837 11.761186 7.761466 14.294605 8.060658 5.960171 21.546148 21.950728 16.460496 6.709659 9.797791 20.480706 9.773113 16.861236 9.953899 12.257122 8.678835 24.076899 6.295832 14.027080 10.240173 24.469019 19.581130 21.406516 8.403733 18.666546 20.476643 23.718297 24.235213 12.710176 14.600229 23.168511 14.796409 5.829796 13.328593 11.276842 18.542880 16.639568 14.837070 15.192981 6.104995 16.040405 12.276383 10.682258 18.207758 20.219442 19.930230 16.344715 6.705911 11.091052 13.332321 10.848151 15.325351 11.241745 5.676888 14.030101 24.389935 18.113884 23.710822 7.255020 20.076879 19.600604 14.555304 22.746289 16.554384 16.486744 13.125954 9.583924 24.158881 24.526951 24.076463 9.268032 6.848095 9.264624 5.770372 24.861517 19.930450 24.616083 15.807166 21.293403 6.382437 9.064920 14.543805 15.085088 12.936375 22.389112 20.870134 13.432680 19.000505 23.253153 12.581975 15.386296 22.490174 23.835483 16.415547 8.716427 12.541085 9.582361 21.930024 14.313681 23.928824 11.656842 21.577888 7.414844 9.877282 18.159228 12.204242 10.397272 23.189847 15.241917 23.607424 23.085302 10.629730 8.270245 8.333172 7.994589 21.311403 7.890784 8.260155 18.685009 18.474681 20.802429 21.453963 12.680608 11.851443 7.676605 20.500838 11.798839 14.189598 5.711697 18.986498 21.421054 10.853587 18.783026 12.903701 17.897486 24.332049 9.862999 21.648270 19.331884 23.450762 24.363044 18.678432 23.492271 21.451521 21.353798 19.484888 15.688752 16.862382
46
174
0 7 1.754251
0 16 4.077876
0 19 3.486968
0 24 4.206353
0 28 3.025085
0 37 8.251066
0 38 6.986574
0 40 6.153842
1 7 9.293523
1 10 1.643478
1 14 5.011201
1 18 6.974916
1 21 4.964007
1 30 4.665797
1 33 6.629309
2 12 9.302722
2 13 9.133499
2 14 5.198538
2 19 8.458111
2 31 5.298878
2 35 8.055269
3 9 9.154352
3 11 3.156016
3 18 3.005311
3 21 3.367217
3 24 4.990149
3 27 7.379508
3 39 1.110693
3 43 1.242363
4 12 1.207215
4 13 5.937156
4 21 4.369633
4 28 1.832824
4 34 9.233014
4 37 8.038384
4 39 8.989286
4 45 8.333828
5 7 3.172062
5 20 4.357709
5 40 2.267871
6 11 5.282397
6 15 2.188245
6 38 5.152505
6 41 1.235639
7 8 7.364312
7 10 7.092981
7 12 1.895233
7 24 9.007577
7 29 1.890399
7 30 5.576568
7 32 9.061723
7 33 6.713466
7 37 5.620215
8 9 6.841341
8 12 4.780126
8 14 3.527647
8 23 7.764068
8 26 8.099312
8 34 8.406564
8 37 9.631313
8 40 4.013747
8 44 4.692975
9 11 9.009093
9 19 6.332755
9 22 1.450171
9 28 3.562287
9 31 4.804140
9 43 5.531495
9 44 6.889043
10 16 6.986552
10 20 1.367300
10 29 6.738158
10 32 6.793600
10 36 8.344944
10 39 1.302092
10 42 6.137684
11 14 3.020040
11 39 7.757535
12 14 9.709726
12 15 7.570617
12 17 2.698244
12 23 1.805548
12 25 2.088769
12 29 8.390707
12 31 6.439614
12 36 6.313105
13 22 1.075816
13 29 1.511144
13 33 4.334548
13 34 1.282810
13 39 3.009858
13 41 6.810539
14 15 6.735489
14 16 7.072904
14 20 2.717281
14 31 2.906062
14 43 4.657299
15 16 6.874922
15 23 4.392348
15 34 3.115079
15 37 5.601441
16 25 1.814244
17 18 2.830288
17 21 3.414143
17 26 7.337140
17 30 8.314702
17 39 1.706608
17 40 6.871191
17 45 6.608937
18 23 1.860383
18 28 4.654015
18 29 3.248083
18 34 8.033918
18 40 6.597994
19 21 8.930963
19 33 5.942104
19 44 8.340777
20 22 2.230098
20 24 4.546483
20 32 2.652924
20 37 2.302153
20 43 7.146357
21 31 4.306516
21 33 1.000408
21 39 8.691405
21 42 1.666532
22 23 1.748676
22 27 2.485276
22 32 9.733910
22 34 9.425717
22 40 7.998851
22 41 4.434287
22 44 3.906535
23 42 7.797884
23 45 7.850513
24 45 9.686532
25 26 8.295495
25 29 1.577623
25 41 7.551821
26 29 9.803728
26 30 8.231258
26 36 7.759640
26 37 6.233612
26 45 6.084006
27 36 3.330197
27 40 5.057456
27 41 1.927657
27 42 6.202879
28 30 5.078300
28 35 5.325419
28 41 1.972683
28 42 9.016987
28 43 6.918313
29 32 2.069696
29 38 1.121459
29 40 9.519108
30 35 4.283077
30 44 7.606029
31 33 1.824344
31 42 9.515839
31 43 5.478986
32 35 8.836905
32 40 1.782253
32 43 5.605441
33 36 1.976905
34 35 9.388980
34 37 6.884914
35 40 5.099184
36 38 8.004187
36 40 5.062435
37 39 6.239143
37 40 9.920865
39 45 9.076993
41 44 4.236676
348.972305 372.081340 257.466684 345.757240 421.755907 336.435341 256.705802 341.533426 232.768250 395.396320 229.821370 265.304307 392.145899 370.008602 477.017765 351.682912 474.342844 375.682597 307.580140 290.602580 345.066571 318.312737 320.677280 471.127097 312.773975 256.126138 518.532365 482.529458 399.032580 288.148615 492.567639 358.576885 416.217976 380.215752 272.258850 245.243098 522.288330 349.579747 410.540863 268.503520 436.980648 513.555397 400.012574 275.019815 409.433698 286.773819
