800
1597
0 1 18.352418
0 2 3.661053
0 5 13.876464
0 6 16.475004
0 10 5.469871
0 15 6.247940
0 27 19.325859
0 35 6.027355
0 43 9.169184
0 68 9.217796
0 75 5.807660
0 102 15.740031
0 119 15.665138
0 197 8.188042
0 211 16.867390
0 267 5.048424
0 297 1.081810
0 323 11.852180
0 370 19.887478
0 371 1.734242
0 382 4.951963
0 387 10.859378
0 405 16.388874
0 498 2.691798
0 550 8.509458
0 578 15.194440
0 610 8.059321
0 656 4.587892
0 661 4.714421
1 2 8.790927
1 3 10.108924
1 9 17.374474
1 16 13.202796
1 19 14.117637
1 38 19.676756
1 63 8.825025
1 82 8.663734
1 88 18.543592
1 113 5.671636
1 134 14.866490
1 259 15.336890
1 341 2.857972
1 398 9.896397
1 405 4.810687
1 412 4.522130
1 420 9.812734
2 3 6.499164
2 4 16.125149
2 7 18.244493
2 14 16.251692
2 19 6.054587
2 20 6.208553
2 26 5.839839
2 30 3.565724
2 31 18.932169
2 43 8.638908
2 49 5.269100
2 50 17.086750
2 55 8.584711
2 62 1.667219
2 65 4.076890
2 70 13.145756
2 129 15.875200
2 135 5.007753
2 136 18.430516
2 140 17.168945
2 143 17.119234
2 145 5.325562
2 207 1.960184
2 210 17.481047
2 211 6.810204
2 217 12.759411
2 225 15.439371
2 242 3.437572
2 277 15.835929
2 294 18.831718
2 309 14.839124
2 316 9.383232
2 324 17.656885
2 361 11.021695
2 383 15.150648
2 397 16.589613
2 435 15.237704
2 485 6.469243
2 522 3.239034
2 534 5.528432
2 602 10.554624
2 658 10.600262
2 677 12.070243
2 783 8.506935
3 4 15.950936
3 9 18.349921
3 12 5.687776
3 26 14.993941
3 42 13.881465
3 45 10.938719
3 46 4.582074
3 64 16.109413
3 77 19.251899
3 80 14.714890
3 94 18.439340
3 214 19.699520
3 224 7.688963
3 256 13.126248
3 317 10.004722
3 321 19.745946
3 362 2.782349
3 379 8.835123
3 381 17.635242
3 451 6.396975
3 509 15.968064
3 580 8.272880
4 5 19.619592
4 6 17.787067
4 8 6.725087
4 10 15.633669
4 18 7.400274
4 23 12.520894
4 25 13.511135
4 36 16.762313
4 37 1.464566
4 56 5.183000
4 58 14.526438
4 66 11.706942
4 76 10.416496
4 96 2.048989
4 102 7.617242
4 103 17.436904
4 104 1.586964
4 108 8.532288
4 109 18.957817
4 115 1.966734
4 119 15.244409
4 128 5.894640
4 134 17.465568
4 144 15.175292
4 146 17.828398
4 168 5.102571
4 169 11.094562
4 174 15.806129
4 181 5.668295
4 206 5.384180
4 227 1.516461
4 255 19.211791
4 273 14.490321
4 283 13.075647
4 340 15.135900
4 363 11.100645
4 365 10.046543
4 367 9.541113
4 410 13.168345
4 493 4.829165
4 569 17.873115
4 578 16.423295
4 602 7.641709
4 630 11.993577
4 657 3.679519
4 681 19.474579
4 690 18.154961
4 692 18.516053
4 694 7.311098
4 716 4.213559
5 11 5.023671
5 15 2.710026
5 34 3.282102
5 38 2.354786
5 87 19.806638
5 97 2.407096
5 131 3.518300
5 150 16.717837
5 180 12.024564
5 181 15.713927
5 201 12.987328
5 204 17.761326
5 280 13.130883
5 313 10.920377
5 331 14.542244
5 396 9.500462
5 458 7.575213
5 500 9.885397
5 614 4.224568
5 621 16.134863
5 654 5.953372
5 720 3.917099
5 742 5.680693
6 7 16.999333
6 8 7.273825
6 20 14.034948
6 21 17.271783
6 24 2.477149
6 39 15.535464
6 52 6.845644
6 54 5.115825
6 98 14.089128
6 130 18.286136
6 133 6.605365
6 154 11.807842
6 167 6.506848
6 170 11.531426
6 194 12.815379
6 195 12.596372
6 218 12.847381
6 236 3.566516
6 291 14.177269
6 557 13.820257
6 577 13.969174
6 609 2.407341
6 696 9.489938
6 700 8.771668
6 745 2.647518
7 12 5.224991
7 18 9.378290
7 48 15.115220
7 81 5.504179
7 99 16.765248
7 106 11.370167
7 132 15.448012
7 135 9.978564
7 187 10.484690
7 254 12.774668
7 262 18.631442
7 317 10.344439
7 358 11.044493
7 422 12.437942
7 721 15.012788
7 795 2.365156
8 11 10.798061
8 29 10.150240
8 57 18.512015
8 140 10.376625
8 208 9.898090
8 236 19.281800
8 303 9.560953
8 362 4.436804
8 740 5.121406
9 14 2.808563
9 16 1.010794
9 36 9.206968
9 73 15.615609
9 103 14.935862
9 175 1.610833
9 187 11.829675
9 220 3.931379
9 230 18.880449
9 234 4.179935
9 309 12.906145
9 366 7.198529
9 370 13.189665
9 384 8.832913
9 432 15.433218
9 434 5.382903
9 446 18.210045
9 460 10.503983
9 469 15.365770
9 520 17.144874
9 591 19.977744
9 767 5.254968
10 13 6.450956
10 17 5.758229
10 21 5.994555
10 32 12.066450
10 35 19.876928
10 41 19.815284
10 47 11.008691
10 49 13.141517
10 64 17.339440
10 78 18.725736
10 86 4.873352
10 95 11.042293
10 96 16.823904
10 121 6.760839
10 261 9.356372
10 272 19.726801
10 453 19.715887
10 566 18.216029
10 584 16.170519
10 687 6.113480
10 713 7.096151
11 85 11.398374
11 165 11.654770
11 226 10.604554
11 275 13.096735
11 335 8.758137
11 339 15.234309
11 402 7.337449
11 576 7.282863
12 13 3.417293
12 22 4.585532
12 30 17.159897
12 44 9.479364
12 47 5.329488
12 67 15.427481
12 73 11.525641
12 84 1.401964
12 126 7.010868
12 127 4.363027
12 141 13.461584
12 156 6.225590
12 227 2.233989
12 257 2.043765
12 268 12.052819
12 269 1.412746
12 381 17.127050
12 407 3.952545
12 468 12.524760
12 486 9.449073
12 617 9.414179
12 625 2.364146
12 648 16.252293
12 703 17.967997
12 713 1.209317
12 727 4.393479
12 783 18.174180
13 25 11.440379
13 32 3.850752
13 34 4.853019
13 92 13.539739
13 112 14.771520
13 141 12.389109
13 209 19.109819
13 221 10.387208
13 443 6.705166
13 481 10.067425
13 560 7.833660
13 638 5.263902
13 670 1.873302
13 685 7.692037
14 28 14.516778
14 45 1.350318
14 54 9.344392
14 56 13.236179
14 60 12.597678
14 62 15.756320
14 100 16.399875
14 110 14.522411
14 217 2.953156
14 276 10.025426
14 293 12.464713
14 351 5.665755
14 380 1.808485
14 402 5.248216
14 458 9.642994
14 481 8.864676
14 501 4.356673
14 519 16.663895
14 553 18.588047
14 625 4.825618
15 40 18.661885
15 83 1.339358
15 133 18.574287
15 154 19.086647
15 424 1.228985
15 525 15.497367
15 590 19.433830
15 626 18.212142
16 17 19.443493
16 22 11.456147
16 23 2.484967
16 24 17.145995
16 28 12.662737
16 31 12.679998
16 33 8.927819
16 173 11.864998
16 388 3.918016
16 736 15.055631
17 27 2.425329
17 74 14.865835
17 93 17.130590
17 131 9.976905
17 240 10.686777
17 294 6.932071
17 526 19.419713
17 627 14.929365
17 674 8.010783
17 758 4.321340
18 29 5.172012
18 39 9.814523
18 63 18.908800
18 138 14.948781
18 207 5.089631
18 213 17.331662
18 243 8.185810
18 267 17.182721
18 331 5.592292
18 398 12.754552
18 696 18.606739
18 787 5.899986
19 41 14.165605
19 69 19.758940
19 72 3.861367
19 159 2.679644
19 164 13.809709
19 185 7.454983
19 403 2.353645
19 444 10.030807
19 463 15.321643
19 492 6.417326
19 501 7.365891
19 552 17.068289
19 558 10.881366
19 594 17.011907
19 637 9.481400
20 33 19.106528
20 48 13.365097
20 71 3.202078
20 88 17.816767
20 357 10.296039
20 462 3.691140
20 476 3.901113
20 619 14.063145
20 707 1.900078
21 57 6.445282
21 575 3.655964
22 110 9.380471
22 483 8.872722
23 157 10.915652
23 340 6.313090
23 383 1.608828
23 425 12.673336
23 582 8.100642
24 46 13.375365
24 61 3.064672
24 74 1.261770
24 124 5.717591
24 161 9.674399
24 222 8.487368
24 277 16.395749
24 555 8.178915
24 765 11.078382
25 44 12.276796
25 203 1.414796
25 576 10.787534
25 683 7.551794
25 755 9.004322
26 40 2.905461
26 65 15.873591
26 67 18.905681
26 143 1.423108
26 186 12.426082
26 198 15.513037
26 280 6.411344
26 368 15.963556
26 449 13.014746
26 471 18.654090
26 775 19.639091
27 51 1.804576
27 60 9.453817
27 68 11.392768
27 72 3.788121
27 77 7.389431
27 86 19.765302
27 123 1.308379
27 137 9.597651
27 156 17.010438
27 157 7.154124
27 200 10.116172
27 237 19.582869
27 321 10.022660
27 425 3.487505
27 507 1.982708
27 549 18.962915
28 37 6.050379
28 115 10.577214
28 184 2.723334
28 326 9.049447
28 442 18.672005
28 489 10.545847
28 581 19.451568
29 42 5.917877
29 53 10.586360
29 61 17.331085
29 82 9.516795
29 91 6.310260
29 101 17.254032
29 124 8.407900
29 153 11.083743
29 158 19.554014
29 231 4.543183
29 256 6.726612
29 346 1.590322
29 395 8.444916
29 434 4.803485
29 448 13.920664
29 561 4.445108
29 664 13.821442
29 697 6.006033
29 721 7.749139
29 764 7.628352
30 142 14.618283
30 237 9.863676
30 427 7.864679
30 591 17.199832
30 592 11.867062
30 612 5.062786
30 648 18.101734
30 716 7.510356
31 377 1.740608
31 633 10.397404
31 679 3.354823
32 105 5.530862
32 111 15.195107
32 118 3.484284
32 350 16.331940
32 467 18.801238
32 759 12.524110
33 59 14.496825
33 126 14.558146
33 186 19.863351
33 241 7.489227
33 619 4.094274
34 53 10.864177
34 155 11.131746
34 246 4.380337
34 278 12.649079
34 297 1.268370
34 413 18.625700
34 484 6.026911
34 523 1.751644
35 363 3.056739
35 376 5.564730
35 385 6.204217
35 554 1.623390
36 253 6.307741
36 496 4.665893
36 528 8.193798
37 59 8.318187
37 258 7.441147
37 264 7.230554
37 597 2.704894
37 734 1.478894
38 79 4.840172
38 189 15.376339
38 192 19.825386
39 78 18.641997
39 307 10.580168
39 330 11.104653
40 390 6.977050
42 98 15.704849
42 375 15.530377
42 616 17.041175
42 638 18.014587
42 668 9.252636
43 51 15.570636
43 106 16.321576
43 114 6.860733
43 121 18.655603
43 152 2.792489
43 182 19.891114
43 257 15.631724
43 296 2.772147
43 414 13.468363
43 446 1.649409
43 684 15.633552
43 762 16.185236
43 794 12.445795
44 138 17.280347
44 731 2.859782
44 771 6.242553
45 58 8.869373
45 345 1.806701
45 589 9.516106
45 702 6.039056
46 50 8.461965
46 55 9.076950
46 70 17.708823
46 79 6.136478
46 155 17.981119
46 160 9.093448
46 328 7.228347
46 334 10.547729
46 352 8.937122
46 472 5.890074
46 548 10.550907
46 618 3.884233
46 623 7.686669
46 735 11.750014
46 798 8.854757
47 93 16.654335
47 249 5.877713
47 454 19.425660
47 476 15.909718
48 188 19.384267
48 285 16.924595
48 462 3.699975
48 475 11.002742
48 610 4.229592
48 722 16.546320
49 52 12.099081
49 116 6.005537
49 144 18.662380
49 409 3.188535
49 450 11.713386
49 589 14.699771
49 615 2.118122
49 617 12.359265
50 151 16.502123
50 177 2.283019
50 262 10.732616
50 289 5.912586
50 293 13.595565
50 349 3.254870
50 485 18.803977
50 598 17.999843
50 650 4.533514
50 724 7.142052
51 80 12.165065
52 260 14.643184
52 759 9.410464
53 199 3.969535
53 368 2.978878
53 524 19.995541
53 717 9.651690
53 755 17.578103
53 798 10.165144
54 75 18.524795
54 470 2.667428
54 545 3.166365
54 795 18.663012
55 104 19.002368
55 114 6.979632
55 122 7.748133
55 123 9.596554
55 129 8.907072
55 151 4.610859
55 197 18.069132
55 235 5.812844
55 284 14.400176
55 308 2.275958
55 411 1.736275
55 448 13.420879
55 540 7.441301
55 683 13.453728
56 90 2.786403
56 142 19.047176
56 161 15.221775
56 179 17.649077
56 199 3.592941
56 239 7.083058
56 240 7.998539
56 266 11.206280
56 346 6.640501
56 350 2.151984
56 365 8.008689
56 531 5.836437
57 66 8.332505
57 111 4.742231
57 136 5.976031
57 163 12.912094
57 191 8.374923
57 242 7.562284
57 332 11.144207
57 718 15.665350
58 105 8.198491
58 273 12.162870
58 327 19.357850
58 375 10.917622
58 546 18.286154
58 754 16.079780
59 84 2.115655
59 94 9.152879
59 238 14.268050
59 342 19.747526
59 393 9.709150
59 396 2.762924
59 400 11.678174
59 454 3.404712
60 499 15.278872
61 83 10.645863
61 92 14.745196
61 107 17.517875
61 177 12.950012
61 373 12.636347
61 378 15.336836
61 465 17.006645
61 526 17.512022
61 586 1.692174
61 728 11.567616
62 125 5.109117
62 248 17.346572
62 733 13.319556
62 741 8.984227
63 76 4.573980
63 228 7.441449
63 316 14.371776
63 459 4.882831
64 69 2.778076
64 71 17.872546
64 291 15.519997
64 559 4.796104
64 604 6.553919
65 108 19.469333
65 527 14.455505
65 720 12.599918
66 100 6.844941
66 339 6.683378
66 438 1.750949
66 787 14.841155
69 81 1.820329
69 176 1.092289
69 622 14.860407
70 651 19.028601
71 176 15.373558
71 235 9.961164
71 274 10.234860
71 397 9.286592
72 97 7.168230
72 149 10.912570
72 190 9.191868
72 218 12.365190
72 243 18.064282
72 512 19.905179
72 546 2.496123
72 607 8.308986
72 777 4.433418
73 89 7.690289
73 137 6.461987
73 153 4.316206
73 171 15.517445
73 174 10.429486
73 272 18.465666
73 770 1.619256
74 90 2.272582
74 107 8.662198
74 167 2.525269
74 312 5.991862
74 325 19.734565
74 329 4.970233
74 337 4.764237
74 392 11.899173
74 487 10.461968
74 773 12.028328
76 91 8.157970
76 445 16.708485
76 503 3.633030
77 164 9.139460
77 179 14.105475
77 664 17.496492
78 85 8.021861
78 87 11.787166
78 127 2.313659
78 175 4.236063
78 234 2.313625
78 334 14.829737
78 366 6.473139
78 599 14.751161
79 99 2.261567
79 118 17.388408
79 162 16.875074
79 275 2.689646
79 295 1.451374
79 304 2.069487
79 474 17.218973
80 254 5.459366
80 369 11.417193
81 117 9.098640
81 196 16.114985
81 532 10.289068
82 120 10.512556
82 251 19.792747
83 343 3.852462
83 522 16.783375
83 537 1.983245
84 158 10.075327
84 249 17.840362
84 493 13.639065
84 494 14.019078
85 95 6.003028
86 278 8.952921
86 676 7.965040
87 89 10.907421
87 252 9.782331
87 279 7.211069
87 286 6.804132
87 429 5.766205
87 507 7.935898
87 567 3.848888
88 120 17.569982
88 436 12.440268
89 369 3.541942
90 300 14.183327
90 311 17.105663
90 442 5.513178
90 518 3.861411
90 539 1.163728
90 572 1.897756
90 702 15.482776
90 757 19.756540
90 799 1.852726
91 128 15.213348
91 166 2.365381
91 182 12.250524
91 416 15.365430
91 465 7.824884
91 608 1.207760
91 764 12.308598
91 774 19.833648
91 791 5.894731
92 550 4.600334
93 423 3.354592
94 195 11.549857
94 212 12.332457
94 230 16.053146
94 247 15.308392
94 268 17.958288
94 287 16.309681
94 290 5.698075
94 341 11.561671
94 354 6.650827
94 360 7.265922
94 373 18.706943
94 395 13.956022
94 620 19.517218
95 130 8.921338
95 183 11.211314
95 438 10.255193
95 676 3.038454
96 101 5.497338
96 109 11.025091
96 122 2.280112
96 232 18.697777
96 244 3.353030
96 421 4.761634
96 443 15.541103
96 637 2.841756
96 693 18.105284
97 310 14.788318
97 513 2.303796
97 631 14.145094
98 125 13.000942
98 244 15.389639
98 646 16.735759
99 113 14.648661
99 149 12.137350
99 150 7.126803
99 165 14.248200
99 168 19.182460
99 419 12.162914
99 760 13.622553
100 223 9.305433
100 364 15.366295
100 440 19.955680
101 205 4.047397
101 241 4.845700
101 701 11.249317
102 148 10.146133
102 224 11.859826
102 284 1.932407
102 290 8.681253
102 570 12.076587
102 643 12.118636
103 112 13.489345
103 219 14.684105
103 270 13.189397
103 466 16.014620
104 117 12.870452
105 139 11.212646
105 196 12.517732
105 205 2.922674
105 210 6.189974
105 354 11.020596
105 379 17.586757
105 391 13.901980
105 488 2.717753
105 502 12.253224
105 662 5.213022
106 145 14.946315
106 238 16.721376
106 794 12.275669
107 338 12.235890
107 776 7.433237
108 471 9.478750
109 116 17.418059
109 147 14.743086
109 229 10.875320
109 323 7.996415
109 765 1.957215
110 139 3.717141
111 193 4.667479
111 376 8.094287
111 647 18.938729
111 731 10.597915
112 163 5.461963
112 189 3.009253
112 261 7.427805
112 588 16.498882
112 622 8.283513
113 178 15.677610
113 239 16.251395
113 514 3.105595
114 132 12.564535
114 172 19.222825
114 233 8.640623
114 248 1.967938
114 279 18.542751
114 305 17.789659
114 372 10.920687
114 621 11.492809
114 774 5.023081
115 533 16.569564
116 534 10.473401
116 553 1.643678
116 640 13.977284
116 684 19.059429
116 790 16.753859
117 152 6.266765
117 171 2.013177
117 172 18.866677
117 185 18.804192
117 288 11.115891
117 518 13.204031
118 183 9.789401
118 245 8.975542
118 314 3.269520
119 216 2.838305
119 360 5.421911
119 480 16.896174
120 246 3.770814
120 347 5.307274
120 372 11.423667
120 427 5.087493
121 517 4.100927
122 178 11.703009
122 364 7.993772
123 147 12.897026
123 162 18.331901
124 344 3.868869
124 441 18.355240
124 472 18.147309
124 547 16.752664
124 585 12.994432
124 606 12.782786
125 191 13.145041
125 296 14.119415
125 497 1.313162
125 595 19.203759
125 727 12.126471
126 222 15.847851
126 266 8.168355
126 450 1.235547
126 635 10.684959
127 146 10.636612
128 166 9.302796
128 226 7.454624
128 232 5.746696
128 593 11.023353
128 647 8.130285
128 663 19.428706
128 673 4.285619
129 404 7.073646
129 749 6.585249
130 669 11.322874
131 281 10.486325
132 712 13.231069
133 201 19.050034
133 221 6.419201
133 451 14.162660
133 519 1.475764
133 555 5.985381
134 299 9.810675
134 572 1.588901
134 680 12.735720
135 219 13.887902
135 245 15.187903
135 292 10.814916
135 335 12.474949
135 352 8.525240
135 509 1.783808
135 562 2.899085
135 643 13.444923
135 649 19.915551
135 793 1.300262
136 282 11.594086
136 488 15.269166
136 500 16.708722
136 568 11.358893
136 630 12.778404
136 636 14.237774
136 655 17.320359
137 208 3.323501
137 763 18.597462
138 160 1.494331
138 298 16.887795
138 329 2.458068
138 358 4.697936
138 419 1.073989
138 491 9.459877
138 504 7.352825
138 536 4.153865
141 215 9.570713
141 453 8.645047
141 604 15.585560
141 771 17.969476
142 265 13.398778
142 421 3.363797
143 148 6.612425
143 429 18.353048
143 482 2.685955
143 640 8.730261
143 729 18.907588
144 198 19.062632
144 282 8.812860
144 337 13.680541
144 408 9.678166
144 506 15.315750
144 751 1.600045
145 159 3.738986
145 579 12.669777
145 711 5.418493
146 348 13.654994
146 479 7.673236
146 618 17.846266
146 776 16.565928
147 212 10.363918
147 322 15.685007
147 544 6.151620
148 194 10.390936
148 265 4.752159
148 699 17.356837
148 712 16.638285
149 214 18.140844
149 250 17.672063
149 385 19.232329
150 305 5.338388
150 686 18.704662
151 169 11.853051
151 203 9.027407
152 449 11.647104
154 184 7.509445
154 229 6.482507
155 415 5.584972
157 173 2.566132
157 258 10.434733
157 568 17.867472
157 595 12.972887
157 641 10.898537
157 674 9.143265
158 170 9.823631
159 180 4.976270
160 386 16.635782
160 478 4.769276
161 216 14.615832
162 342 15.439715
162 544 11.922512
162 673 17.395601
163 202 6.529957
163 213 17.750727
163 417 14.858799
163 772 16.176247
165 247 13.627014
165 298 17.080517
165 538 19.868878
165 588 8.983094
166 318 16.464398
166 406 15.147015
166 475 9.604533
167 461 18.612031
167 479 8.494093
168 188 11.743852
168 220 3.012905
168 516 5.289729
168 689 16.973227
169 190 8.534502
169 326 8.487598
169 391 5.673639
169 394 10.340596
169 401 16.310522
169 431 18.008118
169 644 2.332174
169 690 11.921594
170 480 9.878194
170 489 12.671355
171 264 9.498238
171 274 8.574252
171 324 9.965734
171 459 12.057983
172 206 10.518681
172 410 9.970745
173 200 16.538871
173 252 15.167312
173 301 7.486191
173 349 16.210965
173 384 17.219363
173 388 3.916352
173 413 12.070967
173 613 6.420928
173 791 15.044274
173 796 5.536921
174 574 13.756667
174 740 5.847368
174 785 10.711732
176 645 19.024283
177 193 8.244843
177 439 17.639031
177 511 19.751947
177 563 17.622166
177 613 4.151455
178 359 16.573506
179 209 1.610839
179 283 8.472736
179 700 17.543934
180 304 14.086292
180 484 11.122068
180 603 8.369416
180 747 16.433642
180 751 14.481610
181 733 9.899701
182 318 17.957202
182 415 5.369012
182 728 4.237439
183 225 13.213272
183 286 19.467893
183 307 5.697875
183 660 5.743737
183 738 3.650478
184 409 17.350708
184 714 5.301553
185 355 10.560392
187 192 19.826577
187 253 1.230677
187 336 11.573236
187 565 10.733492
187 587 16.341500
187 678 7.750349
187 682 8.796486
188 259 4.190822
188 440 15.075489
188 464 15.909469
189 215 3.596603
189 300 8.475684
189 529 17.965195
190 255 1.051438
190 308 6.676422
190 711 11.545803
191 332 7.347783
191 439 6.168859
194 320 9.740712
194 538 4.448939
194 634 11.062880
194 775 14.427223
196 515 11.930604
198 634 2.769077
198 671 17.043764
199 269 4.324579
200 260 15.531428
200 302 7.850737
200 377 15.872466
201 202 4.919185
201 271 4.546580
201 769 10.443491
202 367 1.625784
203 204 5.280649
203 310 14.756233
203 577 16.910286
204 250 2.534922
204 660 17.759476
206 461 16.152827
206 607 17.524002
206 665 14.270143
206 753 13.808908
207 411 10.976771
208 319 13.402957
209 583 18.463084
210 231 2.909918
210 233 6.999525
210 281 2.376644
210 562 18.951298
210 743 9.460044
211 710 13.831545
212 348 16.981281
212 487 19.829005
213 313 4.073867
214 285 16.190740
214 344 17.861035
214 380 1.928632
214 505 15.327721
214 782 7.739781
215 223 13.323339
215 629 10.766916
215 739 5.935103
215 744 3.569206
216 416 3.221997
216 772 2.963134
217 314 13.118011
218 251 7.676806
218 287 5.116035
218 403 14.145817
219 289 14.050142
220 228 11.244198
220 320 18.764199
220 452 8.322870
222 423 16.881396
222 600 2.427649
222 739 15.056791
223 399 19.780501
223 495 17.085366
223 763 12.013630
225 547 12.908555
227 315 7.712501
227 767 13.910219
228 784 15.637512
229 678 19.966341
232 736 10.356795
233 682 2.164777
234 276 12.321301
234 333 3.261459
234 399 5.650536
234 502 7.246818
234 530 14.889568
234 600 4.492354
234 606 4.149306
235 353 1.854321
236 535 17.591559
236 608 14.176603
237 444 1.758983
237 498 1.537554
237 666 11.614812
239 303 6.368154
239 718 12.337801
239 737 9.257479
240 353 18.542939
241 357 6.468371
241 400 13.903762
243 646 2.027032
243 752 19.161350
243 778 19.634392
243 784 15.042418
244 263 9.839037
244 417 5.179875
244 531 16.437810
244 691 14.990728
245 288 5.217127
248 374 9.573091
248 698 9.793180
250 322 16.701800
250 737 13.993049
251 650 13.220183
252 292 13.346721
252 319 6.138932
252 327 8.062514
252 328 1.867583
252 389 15.951882
252 517 9.226966
252 539 9.326529
252 556 5.661769
252 644 4.979118
253 356 12.168617
253 437 5.418507
253 505 2.219968
253 615 15.582641
253 632 8.152919
253 658 8.224476
254 301 9.195047
254 428 16.485852
254 430 7.095901
256 512 15.402688
256 663 18.851352
256 708 13.556496
256 723 9.201941
258 521 15.208005
258 708 9.700050
259 671 8.874118
260 295 10.980380
261 263 7.036724
261 430 2.980754
261 603 8.882188
261 636 3.353281
261 730 8.798388
263 418 11.581741
263 521 18.683512
263 760 1.688224
264 545 12.807710
264 656 9.696969
265 270 1.384961
265 639 5.741415
266 271 3.251220
266 435 5.119089
266 508 6.216835
266 520 8.624820
268 473 11.051748
268 525 1.018810
270 330 4.075518
271 325 2.777761
271 394 11.443795
271 699 7.252423
274 527 11.419557
274 623 5.214643
277 315 1.460358
277 653 18.885971
279 393 3.057854
279 447 3.410316
279 464 3.784390
279 564 19.644254
281 351 12.735545
281 374 12.595509
281 668 19.747266
281 722 2.680337
282 766 19.515517
283 302 4.876250
283 626 12.838359
284 560 8.981588
285 533 8.295084
287 420 18.693623
287 431 3.835327
287 580 19.944311
288 345 8.203376
289 299 13.326723
290 306 19.390228
290 371 2.094420
290 455 18.534423
291 786 11.788416
292 338 14.383541
293 386 3.834499
293 529 11.134361
293 672 13.796761
294 594 9.668699
295 466 3.944718
295 569 5.638262
296 347 17.233463
296 387 1.654949
296 504 14.468379
296 611 19.988411
297 433 1.142177
297 598 4.059868
298 306 13.808742
298 491 2.139826
298 515 12.206010
298 641 13.996002
298 793 12.174781
299 389 7.938509
300 312 14.248364
300 356 12.291594
300 563 4.945106
303 311 11.699575
303 467 17.756237
304 412 13.669832
304 681 9.964039
304 785 7.110098
307 495 2.631838
308 741 5.647916
311 514 1.212548
315 478 19.745892
316 510 5.227163
316 715 16.482643
320 343 4.204253
320 609 6.388422
323 645 8.947269
324 689 7.163708
327 616 16.168665
327 725 19.196175
330 401 17.630595
330 408 3.917979
331 414 15.757085
331 426 3.810991
332 333 18.354241
332 382 10.839693
333 359 7.391241
333 542 3.983484
333 724 1.224373
334 336 5.710993
334 378 18.366381
335 566 16.147982
335 653 19.426080
337 361 2.914469
337 390 12.251396
337 494 5.885859
337 688 11.315892
338 407 7.088643
338 496 6.385845
339 433 11.903061
343 601 4.483045
344 428 9.913535
344 523 13.365433
346 422 3.435459
346 543 18.681291
346 657 10.608769
346 780 16.571031
346 792 13.424203
348 460 14.490018
348 543 14.606488
348 680 17.626898
348 748 12.658503
348 756 6.286126
351 355 2.890683
351 490 12.518762
351 742 2.260703
354 747 5.584576
355 463 2.153437
355 573 11.428864
355 585 4.046424
356 470 12.597739
358 437 16.026437
361 447 16.615734
361 552 6.881327
361 599 11.430136
361 732 11.697204
362 473 9.984856
362 746 13.447164
365 426 4.991655
365 432 19.605622
365 455 2.863517
365 587 16.755202
366 586 12.287824
366 679 5.652240
368 590 15.167825
374 779 2.605137
380 474 15.713939
380 551 12.209719
380 558 3.104256
380 649 2.510606
380 749 15.265890
381 579 6.565782
381 732 17.896735
382 392 15.479387
384 456 14.265615
384 605 6.293515
385 508 14.469946
385 570 19.014806
388 750 2.739637
389 693 7.197090
392 469 5.458773
392 477 8.471753
392 548 15.104320
394 628 10.010609
395 441 11.843882
397 424 6.968943
398 404 3.684496
398 704 6.071739
399 573 17.333926
399 710 12.445922
401 406 8.181785
404 659 16.008214
406 418 2.224691
409 524 5.823931
409 541 5.371960
409 651 19.721927
411 445 14.415873
413 551 12.737933
413 571 1.094714
414 537 4.501890
415 561 13.075285
420 436 8.214667
421 452 18.561327
421 457 15.529760
421 486 9.500297
421 581 15.240785
421 584 19.532682
422 510 9.758636
422 571 13.207992
422 583 18.454628
422 797 5.724819
423 468 17.844600
428 592 2.853349
429 492 13.320515
429 535 15.873925
429 549 12.677518
429 734 10.415161
429 766 12.729595
430 477 3.881610
430 762 5.095843
435 497 6.128088
435 665 12.357807
439 503 9.396120
439 516 5.645041
439 601 17.773377
440 605 8.104515
441 632 9.474603
443 457 8.784320
443 661 4.456916
444 456 14.900913
444 482 9.520707
445 483 1.308885
450 528 19.316260
450 628 16.499509
453 582 14.747628
454 753 17.512746
456 559 18.229338
460 675 7.412304
464 506 12.608215
464 540 12.567348
464 575 6.078694
464 754 5.217093
467 756 3.164238
469 513 13.526970
473 670 15.837461
474 541 15.458107
474 652 7.009232
474 714 4.899937
475 768 9.618669
476 574 11.389456
476 596 18.462655
476 597 17.621640
476 730 18.405108
480 490 17.154985
480 536 19.327043
480 627 9.844500
480 686 1.901996
481 620 2.587679
481 773 8.415247
483 761 5.896055
484 707 4.228871
489 530 19.110872
493 499 4.712972
495 556 19.228206
496 777 15.455938
497 746 13.177968
503 612 13.844360
503 639 7.298012
503 675 13.282114
503 725 4.547150
504 511 18.816403
504 659 6.734073
506 611 5.848544
510 532 14.512093
511 624 13.472526
511 768 9.574679
513 667 13.016478
516 697 4.030368
517 695 13.793238
517 705 6.141603
522 542 6.183884
532 706 4.081419
532 782 7.315166
534 662 7.293770
534 752 9.629401
537 788 4.617971
539 557 4.667143
539 669 11.293033
540 745 3.448671
542 677 14.089043
545 567 18.934995
547 688 9.109117
549 614 18.121001
549 769 2.868015
552 554 1.816195
552 624 14.706009
555 770 15.459410
556 564 17.018107
556 704 2.079536
564 565 15.761234
565 642 8.154236
567 799 6.763415
572 596 4.287455
572 642 19.924299
572 726 2.209608
574 655 16.713152
575 652 13.150394
577 631 14.966528
579 748 14.522625
583 593 17.310255
585 694 4.492049
585 786 1.015668
591 797 12.372041
595 654 7.723314
595 709 3.351959
600 788 4.536636
603 698 7.303237
604 635 2.334434
610 633 2.081351
616 779 18.404499
621 761 6.929952
623 695 19.662383
623 723 19.322973
623 744 3.708854
625 629 14.583562
625 685 12.415293
626 667 14.122294
627 666 2.827629
630 757 4.582641
630 789 2.456135
635 715 12.478550
641 706 19.745230
644 781 13.767706
645 692 14.504469
645 719 19.707116
651 790 13.882220
652 672 1.763450
657 687 17.473106
660 735 7.928888
661 703 1.082909
664 701 10.637449
665 726 18.803285
665 729 5.889283
665 781 10.338750
676 709 4.301761
677 705 2.096161
683 691 2.530354
688 717 14.813207
689 778 17.417415
691 719 3.722678
701 750 6.478053
703 758 4.705560
712 792 1.510260
720 743 11.515196
729 796 14.298521
731 738 13.309672
778 780 8.373017
782 789 11.545195
6.881986 8.086074 23.635892 20.230155 23.454782 23.333606 17.987852 23.564773 13.334082 5.072325 6.251422 7.189747 6.907069 12.034048 19.025416 20.812976 16.804265 7.928723 19.958032 12.096038 5.259867 10.611772 11.612011 10.484911 21.237403 20.198528 18.911041 7.780102 21.156678 18.543519 8.896754 17.961879 14.670233 13.787001 7.242463 15.366086 6.998636 8.285068 7.650926 24.082166 10.697294 12.104086 11.441612 22.965009 16.259318 23.383198 10.998498 7.296693 16.124369 11.910740 21.038137 22.588468 14.451470 24.427180 16.060260 10.418408 14.779510 5.746206 21.080023 7.028701 11.174970 16.306331 5.859503 6.586338 18.922327 6.435542 14.541657 11.773913 9.561588 8.775578 20.268226 24.030844 7.803595 24.193624 16.895250 17.833208 19.198528 19.082378 21.396222 14.669373 15.667172 11.476540 7.105152 18.292804 5.672199 10.512701 6.884597 8.814543 17.774618 17.569533 13.421098 6.803440 13.667478 12.054897 19.409183 16.580532 14.831315 14.739642 24.325938 20.125884 14.939591 14.584452 5.529582 23.850185 11.383479 10.118782 24.988179 19.373793 5.947275 6.237710 5.510031 16.992378 6.431290 23.667767 23.738131 15.921081 17.332779 10.837888 6.279451 19.749209 7.035720 6.711153 11.224462 5.249313 13.680712 19.153618 21.026979 17.086146 21.937484 13.130044 21.975442 15.129466 9.460723 23.882913 10.499417 5.524030 9.853481 12.333751 12.026994 15.493350 22.662538 10.846765 15.415412 11.802779 21.435461 8.152030 7.070205 15.059905 18.437752 20.910504 16.792497 20.476995 12.854201 5.657353 7.321986 5.774452 11.578873 14.909827 12.126350 16.211990 14.612183 18.558856 18.339243 11.361283 11.924289 16.702956 16.928649 11.293998 11.606358 18.880900 17.948216 7.701016 13.820838 22.854122 5.726114 22.103279 8.263563 15.144973 13.486729 5.202587 23.307939 14.098505 24.085366 10.734878 22.325515 23.447791 16.136648 9.053556 18.704949 15.979561 23.890593 13.785441 10.370273 7.765740 18.972671 24.482192 5.566875 19.808907 23.538607 6.495631 7.203401 18.839142 17.959268 6.376548 21.688455 15.468477 23.143947 22.559818 21.250155 15.317978 10.034213 15.119510 7.016228 18.176923 7.679544 15.223459 6.087639 10.990250 9.641609 17.400631 20.735734 6.146059 22.005674 22.215354 11.845381 18.180081 13.052261 8.083818 15.573248 6.727193 22.569443 23.485795 21.432263 16.250562 16.151972 24.692148 9.958034 6.518967 16.238818 11.575712 11.446775 5.141707 16.924788 10.280674 8.757171 5.808639 12.287232 22.579377 11.733416 18.581484 20.130939 11.562016 21.432815 18.837593 16.184845 5.019849 5.701815 24.817317 20.645678 23.751305 23.046064 5.408860 20.836946 14.022915 20.791164 5.134316 10.763986 20.026476 20.860416 17.394292 11.025124 11.207252 24.335279 13.784244 13.942511 16.046655 13.190047 16.053431 13.646708 21.534298 23.181020 23.642205 16.285924 13.842971 19.104801 21.766472 16.259645 18.999620 19.994587 18.527876 19.922671 9.172907 14.967491 16.765371 5.049559 22.119250 17.200490 7.582727 21.327141 19.341139 20.165991 12.840849 22.084050 13.280552 16.410183 5.012846 17.897462 19.363516 16.342187 14.931176 21.198729 18.627454 10.561481 24.181467 19.145344 24.758779 24.425226 23.378194 20.107431 17.188587 8.443413 15.867028 20.307530 15.417143 22.364783 7.193118 12.618807 15.119288 13.646506 7.171731 8.070566 21.752346 14.687685 5.974449 5.329825 14.469508 8.287575 19.102519 20.906469 9.565934 16.843539 8.088893 11.071653 22.775910 15.881962 22.717774 9.504956 11.600487 14.419043 14.601602 24.952959 7.288906 22.039301 22.273641 16.063973 11.880743 15.384522 10.849354 20.982149 14.965583 23.516844 17.453827 15.286387 19.221387 15.078659 23.090127 8.688919 24.466974 21.243811 22.214667 14.658157 21.744031 11.135482 20.238964 7.809003 11.141038 13.914653 11.446394 12.740342 21.402095 10.133518 19.905623 6.474241 20.314782 20.840465 13.033976 19.449556 23.302768 21.014259 12.808930 14.684270 20.587151 10.851892 21.077655 11.561423 21.119812 6.736009 5.887946 24.953509 22.389142 22.656950 24.025599 13.766326 10.736711 7.600500 15.024183 9.400966 23.711017 5.080063 7.863935 9.929517 8.979134 9.515569 18.120952 11.550242 17.300488 22.805159 17.051135 18.890656 12.310066 8.194769 11.411681 24.285653 17.436228 10.550222 14.018305 21.710261 18.368871 16.213057 22.703258 18.448791 17.854595 8.795363 7.127774 24.302842 16.977167 13.313668 16.780416 6.236239 21.442545 9.332911 21.090920 15.687569 10.531440 5.604199 21.316667 8.529203 6.036102 20.117555 12.000864 12.786680 9.941352 22.183570 10.946591 9.203851 11.184995 9.062992 11.353104 6.658724 8.170601 13.341058 22.589337 6.145815 9.253494 23.166914 22.800293 18.589017 9.809471 13.396211 9.224420 7.571770 12.599968 16.516432 12.198654 17.216491 10.925095 11.917011 20.813472 22.566295 11.440682 16.430316 10.563246 6.066693 19.757144 8.420070 13.514250 14.740910 8.689432 6.891107 11.960260 24.045718 17.302712 12.628205 5.778216 17.005466 6.845153 15.850881 20.039010 13.471707 10.988230 5.947685 5.495558 13.600531 22.666905 9.881256 16.481110 18.686116 6.216597 8.062008 11.625536 18.401863 13.780702 19.683901 22.351957 20.167446 24.844944 20.087221 22.043584 21.647327 19.605315 21.036036 23.693665 14.504148 17.765740 15.298794 22.020740 13.627192 21.394535 20.987092 24.237722 9.978414 19.192390 20.138390 23.725570 23.138048 16.470517 16.583064 8.345825 24.499254 10.100349 19.494724 20.915900 13.824310 9.223874 8.779208 22.129920 15.215130 6.802740 19.340389 10.003421 22.527895 11.191436 9.005417 6.697169 15.230623 14.014752 20.026243 14.292052 11.876319 10.233098 10.562935 23.556958 8.301572 24.763528 11.538389 6.767805 9.973808 6.168288 20.800595 15.251058 11.739732 18.240992 17.612931 23.797442 24.225210 18.613676 21.356319 20.848502 14.826071 19.089166 6.565180 20.160422 24.236660 6.699495 21.722316 23.659601 9.523778 15.496224 23.557165 24.204520 7.557648 11.980085 18.962893 9.431170 11.495413 5.465821 8.070434 16.246590 18.061801 17.978237 20.567209 13.305628 10.469814 5.311614 9.132597 11.247756 8.564137 5.402889 8.148952 18.321991 17.591708 23.713673 20.963366 16.355122 7.751127 16.281436 6.231901 13.617698 12.805173 13.556276 10.596518 18.716609 21.818889 20.370340 17.555042 15.766896 5.621684 19.458680 15.899659 10.414821 11.556841 23.712136 17.487245 14.518249 17.418435 13.274846 14.403645 10.806185 13.797066 18.711845 5.798839 20.900548 10.659591 18.651196 17.854506 18.052561 17.162578 24.182037 15.166883 19.646382 19.108987 9.725352 10.666117 13.480342 10.553959 12.334862 12.819212 17.077291 9.397801 21.085837 13.750727 19.124882 6.628850 14.399308 5.564391 18.518200 11.874202 23.985056 11.482484 16.276118 10.147752 17.402253 14.340847 12.412565 9.073787 7.230427 7.397583 24.980800 13.246215 5.038594 24.058576 5.399598 13.371723 19.349552 23.291985 19.257726 14.272515 24.488841 5.786388 24.737844 21.987831 23.578600 10.095448 7.849161 18.266306 15.317189 15.463359 23.492384 17.401618 11.221277 13.001331 7.669917 8.846281 7.867001 21.205827 19.097469 15.606900 12.487357 18.369886 21.258107 22.624664 15.940325 21.397702 15.226119 14.490602 22.308637 12.727479 12.918254 11.098227 15.374035 15.897001 18.209223 13.610046 9.356746 22.336841 11.920017 23.458868 9.147067 16.201150 15.732302 21.572957 7.777028 23.198743 15.628563 16.722188 15.203326 5.720498 14.941813 10.270993 11.853764 17.982032 14.953943 6.864364 6.460825 8.713154 8.817703 17.166015 8.556289 22.634388 9.195213 6.822629 22.514920 10.906552 13.508453 24.180528 23.887384 19.298338 6.378779 16.866803 24.781559 23.938325 7.120050 12.919346 11.310735 7.594562 18.895966 10.476967 11.897316 6.807178 14.959351 8.163357 13.641808 7.866844 24.076998 7.899651 15.437743 8.939597 6.527236 9.046172 6.095482 7.787948 14.869683 18.036310 6.746796 13.820372 16.624940 9.684514 12.441568 6.436697 9.402622 14.335059 24.808844 24.925301 24.592434 13.461728 6.613608 11.471469 9.754288 5.282531 6.904672
53
243
0 2 4.273606
0 10 8.371710
0 19 6.801448
0 33 1.695394
0 36 2.279674
0 44 9.101673
1 7 8.960483
1 9 9.566492
1 24 4.850659
1 26 8.056548
1 33 8.454025
2 6 3.841272
2 13 2.308039
2 17 9.973237
2 26 1.271973
2 28 6.376023
2 32 6.851910
2 38 7.136104
2 46 3.300650
3 5 7.494213
3 10 2.947596
3 11 8.461344
3 12 2.972050
3 14 7.270354
3 20 8.050721
3 23 2.700512
3 26 3.141878
3 31 8.011934
3 37 1.773991
3 41 2.716849
3 45 5.099778
3 48 9.371637
3 51 6.056901
4 9 4.489101
4 12 9.805332
4 18 5.173402
4 26 4.903615
4 30 4.704799
4 34 3.809621
4 35 3.931253
4 46 7.190534
5 8 1.367520
5 13 7.136351
5 16 2.810840
5 19 4.457872
5 24 2.318851
5 25 5.974759
5 26 7.564154
5 30 4.191900
5 39 2.470749
5 40 3.038550
5 49 8.363016
6 10 3.408839
6 13 7.972323
6 16 3.980795
6 20 2.698593
6 22 7.545777
6 25 5.216905
6 26 1.281495
6 27 9.639482
6 30 2.329781
6 31 4.180663
6 40 4.463152
6 42 5.404869
6 44 8.068996
7 11 1.054813
7 14 9.392248
7 15 6.813905
7 18 9.555840
7 26 8.356506
7 35 9.350544
7 50 6.409005
8 11 4.215781
8 12 4.986227
8 17 6.922291
8 23 4.842387
8 24 7.585055
8 33 1.826632
8 35 8.469880
8 46 2.837698
8 50 9.495528
9 12 2.399912
9 19 2.162478
9 21 8.306885
9 22 8.368316
9 37 7.648835
9 51 9.644774
9 52 3.434857
10 16 8.439839
10 23 4.168365
10 27 5.836588
10 36 5.010400
10 37 1.052650
10 38 6.170160
10 44 7.727553
11 18 2.570971
11 21 9.384903
11 23 5.773596
11 24 2.604214
11 33 6.813528
11 35 2.727304
11 41 1.571800
11 44 7.167837
11 51 1.996254
12 17 1.955957
12 22 7.659492
12 24 1.496820
13 14 8.287923
13 22 8.165339
13 23 2.272541
13 31 5.665426
13 42 1.869629
13 43 6.693141
13 49 1.566370
13 51 9.500328
14 22 2.869577
14 23 7.146052
14 27 2.154623
14 33 2.886368
14 38 5.058547
14 43 6.157865
14 46 9.989769
14 47 1.233336
14 48 1.002830
14 49 4.153304
14 50 4.295407
15 16 8.954535
15 39 9.213243
15 41 8.924725
15 52 2.288609
16 19 4.708944
16 24 7.712966
16 37 3.813500
16 38 6.969142
16 39 3.134286
16 44 3.910773
16 46 8.743867
16 47 3.254581
16 51 9.678917
17 25 3.756336
17 39 1.211753
17 41 3.294108
17 42 2.540844
17 43 5.561443
17 45 2.014445
18 22 6.634440
18 25 8.874092
18 36 4.262670
18 49 2.516434
18 50 4.600225
19 38 8.073701
19 39 6.323389
19 40 1.910289
19 48 5.834684
19 50 5.212768
20 23 3.944010
20 24 1.991445
20 28 9.830007
20 35 2.584390
20 36 2.734686
20 50 2.310244
20 52 6.131737
21 27 4.993026
21 40 3.246015
21 49 4.864810
21 52 7.061697
22 23 3.535305
22 48 9.237212
23 26 3.757116
23 50 2.783611
24 25 9.591111
24 28 8.295045
24 30 4.088239
24 34 8.572887
24 48 5.669328
24 49 4.120772
25 31 8.556504
25 37 7.769486
25 45 3.680874
26 37 6.460107
26 38 4.324512
26 39 1.009468
26 41 9.656342
27 32 5.946662
27 38 6.385893
27 42 6.399023
27 45 5.955773
27 49 3.610431
28 31 9.744185
28 40 6.595016
28 46 7.038292
28 47 5.093135
29 43 3.590753
29 44 1.579141
29 50 4.152072
30 35 2.584877
30 39 6.958794
30 46 8.911035
31 36 3.724794
31 37 3.995944
31 51 7.033281
32 34 2.343443
32 35 9.364937
32 42 4.274621
32 48 1.910795
33 34 2.572156
33 36 9.394715
33 38 3.224074
33 41 6.960419
33 44 2.405487
33 46 2.746915
33 48 8.913144
34 36 2.332299
34 49 1.168755
34 50 5.511099
34 51 8.764541
35 36 3.933919
35 37 2.153460
35 45 9.840077
35 47 7.090648
35 48 8.656216
35 50 7.769244
35 51 7.284180
36 38 4.461077
36 39 3.919060
36 40 7.452627
36 50 7.450417
37 38 9.555295
37 46 6.117938
37 49 3.651590
38 49 5.405759
39 43 6.523424
40 45 4.840568
41 48 8.120198
42 43 6.261519
43 46 1.084922
43 50 6.128559
44 45 6.702434
44 46 9.237351
44 47 4.723495
45 52 6.170209
46 51 5.274977
47 50 5.784908
234.941766 473.527232 477.301193 373.139482 375.581710 232.139602 387.481093 338.958307 419.415858 229.141078 419.945948 298.064913 402.933422 395.867855 280.802301 342.206759 455.805241 389.677608 235.354050 342.912899 305.216224 400.041681 392.256780 218.583609 390.282384 426.834043 436.573277 232.547718 302.884053 336.693636 267.271650 336.538497 236.041432 248.139952 407.817195 291.073508 420.094899 229.423826 377.348878 328.120188 444.691522 440.948855 323.552739 394.599595 281.005645 382.437997 238.954879 340.525678 268.121372 469.530832 343.485514 385.418064 319.189742
