800
1597
0 1 18.469316
0 2 13.560275
0 5 2.305567
0 8 6.167421
0 9 11.793613
0 11 2.064278
0 13 12.192146
0 19 3.298542
0 22 8.584470
0 32 18.223513
0 39 10.463258
0 58 2.009157
0 74 1.320030
0 116 13.523464
0 154 10.347948
0 224 3.508884
0 270 9.176836
0 293 17.010711
0 296 19.389218
0 324 18.944754
0 377 8.734635
0 379 6.267776
0 406 5.701840
0 420 15.503495
0 423 11.685172
0 536 17.640809
0 565 3.827883
0 597 13.281792
0 712 5.012756
0 717 2.179599
0 760 8.654713
1 2 9.956135
1 3 10.094939
1 4 7.221778
1 7 8.465980
1 17 8.410847
1 38 8.835870
1 39 2.269348
1 40 12.650643
1 42 1.250453
1 44 6.312055
1 49 5.152465
1 55 16.877525
1 64 19.608937
1 66 4.125800
1 71 2.646068
1 109 9.407308
1 112 3.852140
1 149 18.605703
1 160 10.939467
1 191 4.051835
1 212 7.447835
1 219 5.676536
1 303 8.841229
1 336 16.905240
1 370 3.078265
1 386 16.638966
1 387 6.656333
1 410 18.111942
1 445 1.585550
1 506 13.238475
1 522 9.576935
1 579 18.585679
1 632 15.267644
1 677 17.809483
1 678 9.301169
1 745 9.899471
1 758 19.322455
2 3 10.140870
2 6 5.270451
2 8 5.239784
2 13 18.468258
2 14 17.418591
2 19 1.670707
2 27 4.468481
2 53 7.413665
2 59 15.060005
2 60 11.017151
2 63 6.634964
2 70 15.071974
2 77 2.513348
2 88 1.442261
2 100 18.730750
2 102 11.627083
2 104 8.255632
2 126 14.689126
2 127 7.038079
2 131 15.765685
2 145 16.738535
2 150 1.824752
2 157 1.044348
2 168 18.365698
2 170 15.918167
2 201 6.389524
2 202 8.185482
2 203 6.687029
2 240 11.426354
2 262 15.679787
2 282 4.352601
2 306 13.638898
2 327 11.976886
2 376 15.935367
2 390 6.183914
2 396 14.510111
2 407 11.418182
2 428 18.619856
2 457 18.570014
2 471 5.688745
2 482 14.902217
2 598 1.340313
2 620 18.717144
2 652 15.061824
2 697 6.966915
2 701 14.072352
2 750 7.412258
2 761 2.831002
3 4 15.321549
3 5 11.873280
3 6 3.346677
3 12 5.314410
3 15 10.619811
3 20 14.730692
3 29 2.244880
3 31 8.482297
3 33 3.175948
3 43 15.685868
3 48 5.464811
3 50 17.290429
3 55 17.551647
3 68 11.954915
3 71 17.195451
3 120 6.616806
3 125 17.279595
3 130 14.973242
3 137 7.348070
3 179 2.038330
3 233 2.101261
3 235 9.165422
3 260 5.599389
3 297 10.905159
3 298 7.565926
3 316 17.034647
3 333 5.875201
3 348 12.001969
3 361 16.875473
3 368 2.173582
3 395 16.539620
3 409 8.033402
3 416 15.788020
3 444 7.163618
3 456 7.043449
3 469 15.144642
3 584 15.927237
3 646 15.507166
3 659 2.635955
3 703 7.222708
3 708 1.111321
3 709 14.374391
3 718 4.707962
3 770 14.368386
3 782 13.462215
4 10 4.385041
4 14 12.127528
4 24 7.479330
4 47 1.888778
4 62 5.964163
4 67 3.872570
4 81 5.222812
4 88 13.633453
4 122 17.482974
4 136 10.914725
4 141 1.274037
4 164 17.356432
4 222 7.828639
4 291 1.084115
4 358 14.948060
4 359 1.319136
4 424 15.289326
4 507 5.915790
4 541 1.748307
4 698 18.816308
4 736 18.487910
4 758 5.839840
4 765 16.714378
4 769 14.300565
5 11 17.863545
5 16 4.543846
5 25 3.989126
5 58 7.190955
5 65 12.967149
5 76 6.555825
5 79 8.599213
5 95 1.662948
5 163 18.241973
5 198 5.946569
5 275 19.262642
5 323 5.002885
5 332 1.535319
5 484 3.912217
5 517 7.560213
5 584 16.242867
5 783 14.049298
6 7 19.225932
6 21 19.821784
6 86 1.824278
6 124 16.471803
6 134 9.663139
6 153 18.603618
6 203 9.465892
6 340 7.511012
6 441 3.678481
6 447 19.737097
6 490 5.226625
6 542 11.857876
6 558 4.797662
7 12 10.961956
7 17 5.479195
7 24 13.585494
7 26 16.986385
7 27 8.290273
7 28 4.597636
7 34 19.899461
7 41 9.481144
7 48 6.298873
7 49 5.052594
7 64 13.194311
7 70 18.746813
7 84 11.465782
7 89 17.848872
7 97 12.444190
7 107 2.530280
7 108 14.164990
7 112 12.312332
7 121 6.166674
7 128 16.027138
7 159 9.657335
7 168 10.140948
7 211 10.628217
7 224 19.695339
7 254 11.586232
7 265 8.603693
7 290 1.659898
7 328 2.863578
7 417 1.338498
7 425 4.902084
7 438 12.512184
7 449 19.902909
7 478 4.719621
7 498 10.022356
7 540 7.423422
7 612 11.693728
7 675 15.787082
7 729 9.765236
8 9 16.612541
8 10 15.582796
8 23 2.845464
8 35 6.018056
8 52 8.565907
8 53 9.958896
8 67 11.127363
8 72 15.684291
8 132 15.795648
8 146 9.647922
8 228 10.616422
8 233 4.766940
8 246 17.253934
8 304 12.108350
8 320 16.721636
8 347 1.526405
8 399 14.891346
8 514 2.138105
8 526 8.457148
8 533 1.877671
8 566 13.563090
8 581 2.522931
8 603 13.774083
8 614 19.279232
8 616 12.531331
8 658 1.092458
8 661 8.431091
8 675 10.743086
8 712 10.305532
9 15 19.960001
9 18 10.630764
9 20 2.860593
9 29 2.499697
9 30 19.633742
9 37 10.829709
9 65 3.999859
9 93 9.095383
9 100 12.486536
9 105 9.924923
9 119 17.994892
9 150 16.350204
9 154 16.297601
9 188 2.086867
9 201 17.479164
9 228 18.170382
9 236 9.023782
9 267 18.480058
9 305 11.498115
9 311 6.622546
9 312 8.793773
9 369 2.450562
9 385 1.064657
9 451 7.287853
9 460 16.267932
9 490 9.495186
9 609 15.193315
9 657 11.954166
9 720 11.392902
9 793 11.211709
10 16 3.355227
10 18 1.214021
10 35 6.575515
10 36 7.212560
10 46 7.715706
10 72 4.692070
10 75 10.552767
10 158 1.790188
10 192 10.589503
10 315 17.808218
10 344 4.953716
10 376 10.702636
10 387 14.571430
10 624 1.263475
10 788 3.569737
11 83 17.707847
11 110 1.381664
11 626 3.507611
11 671 8.466178
12 33 15.376369
12 43 2.008750
12 66 13.944949
12 189 6.817905
12 218 3.045122
12 430 9.970634
12 466 7.216598
12 474 4.041392
12 664 6.998906
12 670 2.430973
12 705 17.820538
12 748 2.369152
12 759 9.681438
12 789 16.774372
13 28 1.522543
13 92 1.029940
13 106 8.363401
13 204 2.193938
13 242 16.839345
13 365 19.575877
13 380 14.170124
13 668 4.442236
13 760 4.979718
14 243 11.381640
14 248 16.647437
14 351 12.651948
15 37 19.373896
15 196 15.260476
15 306 2.938574
15 375 7.552321
16 173 9.596008
16 205 9.831092
16 345 2.912199
16 478 7.248309
16 481 12.790280
17 21 11.782601
17 22 4.099396
17 25 15.018717
17 50 12.257961
17 57 11.869724
17 101 9.839330
17 115 8.071012
17 199 10.515983
17 211 11.933513
17 286 15.589379
17 291 16.165243
17 571 18.192726
17 590 3.855688
17 711 7.446661
17 744 3.778499
17 799 7.016302
18 69 4.376011
18 80 14.990396
18 102 1.912695
18 304 11.335390
18 581 13.482396
18 701 17.969294
19 40 14.144827
19 45 4.176733
19 78 4.878488
19 163 13.146437
19 278 5.583550
19 525 16.381787
19 555 6.287484
19 560 10.781558
20 23 9.116443
20 76 8.820902
20 130 19.428984
20 151 13.768199
20 165 12.933185
20 183 7.573934
20 212 1.186338
21 56 12.049446
21 122 8.797549
21 184 8.582498
21 227 1.965695
21 307 10.349164
21 337 19.439649
21 487 18.671005
21 528 13.141242
21 621 18.160620
21 643 8.083389
21 706 11.872984
22 26 11.766601
22 41 17.425834
22 46 7.008781
22 69 17.345800
22 106 10.453000
22 123 11.745442
22 175 18.349149
22 343 13.658932
22 380 10.085278
22 560 14.837444
22 733 7.560352
22 766 12.282671
23 30 16.658278
23 63 15.290768
23 73 3.115646
23 339 1.392084
23 450 19.355557
23 559 5.085741
24 31 18.859006
24 38 2.957657
24 57 6.147958
24 94 3.860291
24 101 5.052468
24 117 11.730669
24 120 19.834649
24 176 2.385531
24 190 18.713724
24 221 1.535885
24 276 14.099805
24 349 7.705221
24 358 10.763822
24 369 12.496476
24 459 1.281242
24 507 1.600403
24 512 10.540607
24 549 2.864537
25 59 10.284662
25 463 6.130129
25 489 2.644804
25 520 9.001663
26 236 12.779042
26 279 19.527751
26 413 18.558937
26 427 1.721281
26 455 7.723318
27 34 4.562092
27 167 7.348409
27 338 3.720548
27 525 5.638397
27 638 7.538708
27 660 12.945149
27 715 3.484594
28 36 12.919495
28 82 17.457920
28 132 1.537983
28 138 12.019088
28 156 19.840429
28 265 14.759285
28 355 10.202106
28 794 6.335602
29 197 12.467469
29 245 1.680719
30 44 13.859709
30 60 11.358739
30 91 10.616123
30 133 10.979976
30 225 16.355102
30 352 17.420016
30 445 2.381758
30 696 8.818630
30 775 19.113684
31 32 12.385477
31 74 14.660319
31 108 11.914602
31 157 15.782951
31 281 14.726361
31 397 8.498221
31 625 17.005951
31 741 1.120371
32 42 16.530630
32 54 18.838493
32 80 5.952725
32 86 1.987665
32 96 12.183860
32 143 17.426227
32 177 17.816093
32 251 5.068901
32 706 6.611473
33 62 18.692416
33 141 19.285118
33 237 18.763270
33 381 1.312037
33 383 7.198301
33 595 10.868600
33 730 11.681481
34 61 9.269575
34 99 8.668674
34 541 11.811837
34 607 10.061056
34 721 11.320479
34 757 3.099904
36 179 12.342574
36 735 7.348615
37 272 19.782440
37 434 9.420302
37 537 8.587107
38 97 14.248304
38 239 12.243909
39 68 10.167753
39 96 3.995117
39 145 3.425108
39 169 9.518869
39 290 19.040297
39 335 5.449491
39 519 12.109786
39 578 18.483599
39 586 14.491854
40 54 16.183560
40 559 13.776057
41 103 3.705165
41 146 2.849534
41 177 16.723200
41 193 17.414250
41 213 9.816493
41 294 9.724840
41 297 17.167222
41 314 2.153605
41 368 6.352750
41 409 10.381971
41 438 5.546421
41 520 16.141519
42 51 8.038947
42 93 14.916182
42 432 8.375398
43 45 12.302535
43 47 19.708067
43 56 17.979797
43 136 13.725672
43 180 5.794766
43 181 8.617569
43 227 4.535925
43 232 10.389103
43 256 11.085914
43 281 19.934202
43 311 11.826795
43 567 16.849536
43 621 7.158453
43 651 14.332701
43 669 9.929657
44 77 4.392438
44 397 14.561158
45 75 2.658344
45 87 6.038052
45 131 7.017008
45 207 2.559526
45 239 8.439153
45 364 14.230258
45 401 3.655655
45 668 14.934207
45 703 5.336198
45 787 18.590328
46 52 8.207839
46 82 17.752873
46 231 19.748932
46 267 17.516220
46 342 13.923501
46 718 5.731839
46 738 17.169500
47 51 16.129313
47 182 1.507071
47 534 13.409920
47 727 14.209410
49 94 8.717613
49 288 19.451535
50 124 5.122985
50 147 7.299428
50 166 10.814889
50 283 3.844890
50 357 17.939569
50 375 19.594088
50 524 1.176704
50 695 5.602913
51 73 18.720095
51 206 7.834712
51 338 6.753866
51 494 7.451867
51 602 1.889323
51 700 12.195081
52 755 9.466604
53 81 14.673034
53 113 7.483938
53 155 4.492324
53 189 6.798457
53 400 17.500716
53 493 8.797876
53 601 4.482214
54 105 13.973957
54 114 12.807796
54 115 8.455037
54 198 12.360043
54 392 5.336372
54 398 6.346220
54 606 5.503071
54 613 8.417932
54 719 11.153670
54 781 7.350510
55 103 2.574318
55 142 14.967686
55 183 10.865780
55 225 2.870641
55 519 19.277116
55 610 10.474671
56 84 13.339745
56 90 2.201836
56 99 12.195303
56 129 15.017007
56 656 7.141584
56 762 1.736540
58 85 8.632396
58 91 16.708371
58 174 19.988278
58 321 17.086645
58 326 10.651095
58 415 2.238688
58 491 6.864489
58 704 19.250203
59 111 1.264720
59 139 9.832453
59 247 2.075785
59 260 16.054928
59 298 9.699318
59 389 9.092628
59 634 11.139587
60 61 10.014158
60 83 6.065776
60 138 7.696799
60 268 12.281706
60 401 19.039141
60 431 4.400723
60 439 14.740672
60 530 12.804828
60 564 11.793747
60 627 5.918579
60 714 15.276179
61 78 3.956225
61 85 11.659940
62 252 13.934195
62 496 12.690162
62 546 1.675667
62 622 2.194359
63 501 19.836094
63 573 4.073236
64 152 19.262311
64 185 4.988585
64 285 8.259865
64 308 7.928097
64 448 8.083587
64 676 3.317517
65 107 16.028660
65 140 18.649847
65 148 2.749908
65 152 8.947543
65 178 19.743665
65 209 7.376715
65 318 12.027916
65 406 4.188785
66 174 2.486127
66 258 14.449926
66 289 3.103348
66 346 15.080124
66 662 3.434517
67 264 18.235451
67 396 7.182803
68 133 8.858862
68 140 18.110388
68 171 17.778792
68 273 19.578421
68 285 8.601431
68 325 19.263691
68 573 14.651592
68 692 10.291364
68 694 1.985245
68 754 6.707248
69 125 19.669870
69 187 1.075935
69 284 5.085454
69 372 16.118734
69 377 8.623628
69 390 3.065149
69 428 18.358561
69 615 6.914638
69 624 3.767172
70 259 3.563164
71 79 15.539159
71 90 4.404700
71 127 1.120884
71 205 6.365980
71 269 9.048320
71 294 4.908927
71 653 7.930597
72 159 7.804413
72 185 15.489008
72 302 15.485490
72 315 8.011620
72 317 3.919662
72 326 2.403427
72 332 12.398984
72 402 17.526698
72 407 8.887330
72 468 11.359261
72 553 3.123597
72 574 12.572301
72 609 11.814226
72 622 3.945340
72 725 8.175163
72 731 11.491993
73 214 17.904449
74 280 2.290519
74 513 16.430892
75 89 14.515556
75 171 5.812974
75 176 16.160660
75 194 4.177535
75 261 4.544056
75 442 3.007790
75 450 13.700917
75 501 2.250520
75 616 10.912980
75 647 8.924395
76 123 12.427849
76 350 1.164718
76 497 16.831165
76 508 8.247583
76 661 1.668615
76 717 19.108461
77 92 18.365067
77 135 4.345750
77 181 6.878772
78 506 10.668517
78 599 7.238241
78 632 7.703045
79 109 4.064705
79 114 19.631551
79 251 10.885993
79 284 17.630050
79 482 11.308570
79 488 11.900103
79 538 18.073819
79 686 13.385913
80 87 5.894598
80 216 5.352112
80 322 18.960884
80 354 17.536350
80 367 8.968122
80 374 3.434533
80 424 8.893952
80 598 14.565068
80 660 8.328280
81 300 11.274965
81 472 13.106359
82 95 15.134257
82 148 17.783525
82 277 3.648497
82 371 15.948134
82 382 19.081606
82 516 3.646888
82 666 1.569330
82 671 9.141681
83 190 18.352367
83 303 10.026997
83 429 7.978749
84 371 10.999046
85 98 11.068713
85 121 14.758463
85 178 6.534295
85 235 2.836403
85 678 8.919266
86 98 14.583090
86 467 8.698323
87 167 19.792033
87 209 2.621146
87 210 9.406605
87 238 4.634108
87 292 13.006405
87 333 8.457676
87 363 10.102228
87 435 6.324480
87 774 12.831635
88 155 8.624235
89 288 2.169101
89 320 17.016328
89 444 12.779674
89 572 14.981285
90 200 9.887604
90 246 12.448515
90 342 3.381267
90 354 13.554965
90 437 6.823580
90 443 10.917245
91 119 4.973590
91 382 1.519743
91 644 19.799589
91 688 3.488161
91 716 1.276768
92 117 18.263922
92 151 1.251554
92 172 6.684551
92 286 5.998320
92 530 3.231490
92 716 11.814724
93 144 17.437735
93 160 8.426188
93 173 14.362801
93 182 3.691550
93 186 4.884289
93 234 13.946640
93 337 10.914992
94 104 2.072784
94 118 6.763874
94 161 7.857920
94 356 16.210130
94 456 14.496699
94 515 1.717545
94 601 10.416431
95 111 16.619347
95 113 3.485526
96 219 5.055857
96 392 19.136057
96 548 9.438338
97 149 8.333398
97 295 19.449580
97 435 7.467865
97 795 15.484189
98 126 10.221696
98 169 2.049809
98 269 2.029368
98 348 3.885620
98 497 11.809760
98 767 4.449419
99 110 17.322856
99 193 19.101065
99 249 4.720996
99 637 3.336878
99 665 13.819335
100 135 14.853231
100 363 3.144473
100 674 3.970296
101 494 14.010808
101 771 14.757251
102 481 3.741980
103 128 10.547245
103 240 14.413054
103 274 17.540665
103 319 17.447464
103 449 8.689784
103 524 13.309678
103 571 14.445219
103 610 8.231977
103 721 3.104882
103 752 1.737204
104 603 19.675261
105 208 3.351232
106 241 1.618992
106 350 18.776604
107 259 4.919483
107 747 9.833493
108 116 10.437790
108 118 19.610525
108 200 15.339932
108 215 12.911632
108 405 15.173336
109 188 11.339941
109 245 10.072389
109 271 6.891194
109 464 14.533333
109 724 11.805415
110 144 12.309469
110 191 18.735137
110 250 12.931160
112 345 3.002514
112 388 11.950110
112 466 7.038215
112 784 7.985773
115 134 12.609157
115 299 5.408505
116 192 7.945658
116 256 9.363641
116 274 14.567961
116 739 2.506871
116 783 10.511705
117 238 12.022212
117 241 18.245970
117 591 15.447155
118 210 7.944094
118 499 18.447823
118 604 13.574148
119 429 14.128537
119 586 18.888838
120 218 1.449109
120 344 12.866794
120 726 17.209966
121 129 19.050537
121 302 8.204572
121 316 5.119473
121 431 12.426098
122 186 5.178949
122 195 13.557951
122 206 5.233873
122 331 2.563210
122 464 16.349840
123 137 11.811498
123 162 15.040643
124 196 11.261991
124 487 15.045080
124 683 7.825090
125 143 12.791627
125 194 10.692784
125 222 12.034504
125 330 13.024933
125 470 16.105037
125 477 10.138978
125 649 14.870838
126 158 19.944423
126 172 1.203477
126 217 5.990131
126 253 2.318238
126 275 18.975672
126 293 8.367671
126 384 11.736017
126 436 11.743296
126 446 9.369210
126 457 9.784805
126 480 13.695375
126 745 6.605542
126 778 10.018932
126 780 11.499192
127 153 12.493228
127 325 15.030392
127 527 17.002751
127 791 13.580194
128 207 19.267158
129 147 12.849555
129 243 18.328734
129 385 19.778715
129 412 19.664556
129 452 4.698834
129 503 5.284265
129 589 9.379739
129 623 7.147915
130 139 8.160844
130 164 2.121438
130 197 9.989671
130 283 1.530722
130 663 17.531893
131 242 7.405808
131 321 4.295743
131 389 11.750005
131 472 16.718181
131 505 16.352076
131 568 19.259193
131 592 7.877849
131 600 10.961152
133 175 14.169324
133 202 17.144400
133 208 8.204593
133 330 5.757869
133 484 7.096333
133 779 19.120277
134 142 17.014117
134 249 6.407675
134 353 3.129906
134 764 17.559561
134 796 8.377510
135 170 3.990835
135 248 2.891984
135 374 12.500843
135 631 2.772507
135 775 16.318307
136 231 7.940471
136 512 19.150466
136 737 6.237825
137 166 9.087236
137 599 2.715009
138 220 17.280693
138 735 17.299921
140 156 8.478998
140 252 17.804826
140 263 1.536679
140 336 14.801401
141 423 4.970823
141 554 6.340969
142 162 8.437276
142 234 15.250678
142 357 2.359589
142 502 13.386617
143 223 14.700902
143 299 19.589141
143 640 2.709208
143 794 17.125000
144 204 1.989434
144 253 2.297139
144 360 15.647632
144 422 14.815780
144 630 1.112307
145 322 15.960831
145 346 5.234418
145 623 3.942005
146 161 14.407397
146 480 15.080164
146 523 1.203460
146 545 10.596002
146 629 14.958361
146 689 13.803372
147 230 17.684608
147 655 3.669263
148 416 16.938183
148 539 18.135418
149 625 6.668855
150 165 2.157179
150 187 14.277948
150 255 16.532743
150 300 3.852567
150 309 5.114564
151 349 5.846244
151 356 19.057136
151 440 16.671733
151 488 14.201855
151 615 12.579311
152 689 2.190673
153 461 16.621768
153 551 19.652064
154 229 2.832467
154 426 5.470420
156 408 13.897798
156 575 11.770452
157 533 5.315743
158 216 19.749415
158 229 5.697991
158 308 14.577143
159 305 12.104776
159 378 9.285372
159 404 12.331874
159 421 4.964805
159 474 18.060885
159 479 13.172521
160 261 2.153880
162 394 1.837677
163 310 15.865946
164 215 3.708945
164 502 5.470968
165 195 2.186815
165 266 17.360081
166 479 9.003569
167 391 1.100410
168 244 6.635973
168 276 4.968982
169 373 18.737030
169 713 19.318563
170 535 18.895504
171 257 6.794525
171 273 8.301269
171 413 18.905523
171 422 7.015865
171 440 4.038335
171 492 10.821403
171 513 6.992410
171 553 9.432532
171 577 19.117586
172 199 16.696303
172 244 9.556374
172 258 4.510982
172 339 15.227321
173 383 17.944679
173 588 9.748275
174 725 12.883801
175 633 16.482016
176 419 4.940116
176 645 3.014087
177 180 4.406823
177 362 6.609981
177 606 13.641738
177 663 10.250572
177 734 19.060355
178 453 17.501482
179 184 14.113663
179 272 12.706200
179 384 6.365254
179 521 13.635342
180 221 8.125409
180 301 17.806344
180 453 19.860783
180 580 7.684253
181 226 11.867048
181 335 10.144415
181 366 5.231850
181 410 14.165190
181 486 16.092846
181 532 3.187094
182 405 5.824849
183 232 13.843836
183 266 5.149576
183 341 7.908961
183 366 2.848829
183 583 14.701781
185 415 4.799161
185 681 8.376261
185 699 4.101249
185 736 15.106349
186 679 1.040221
187 608 7.118088
188 220 15.783153
188 279 17.829503
188 353 4.077801
188 381 15.349218
188 537 8.837575
188 630 14.539583
188 696 18.696158
189 352 17.228718
189 414 16.466306
189 693 12.644298
190 223 2.408859
190 230 11.184094
190 462 19.450898
190 503 2.286076
190 583 3.716823
191 318 10.486558
191 611 12.015925
192 247 11.172238
192 683 2.609301
193 292 16.284602
193 343 16.013144
193 500 17.448875
193 728 15.122366
193 738 6.245832
194 226 9.051671
194 254 18.216565
194 255 17.080801
194 307 5.410156
194 749 15.047692
195 214 14.861732
196 282 1.660135
196 451 18.022124
196 570 1.252591
196 579 5.083050
197 404 13.350915
197 504 7.400547
197 509 8.829915
198 309 9.080597
199 237 17.021769
199 280 17.532055
199 529 9.958747
201 531 14.598940
202 296 19.750403
202 641 8.529908
203 647 7.841053
203 756 19.871954
204 217 1.970551
204 278 1.230826
204 312 18.962660
204 361 13.756474
204 403 16.834831
204 536 5.248340
204 635 18.225831
205 653 12.466721
206 270 15.734600
206 763 12.574270
207 495 11.038881
207 654 8.958621
209 508 8.533357
209 597 11.763673
209 659 18.194201
209 667 8.145640
209 766 16.711698
211 743 6.616058
211 776 2.821598
212 213 11.598565
212 262 6.948687
212 461 4.872876
213 287 2.496285
213 323 18.496680
213 562 18.956281
213 582 18.420088
214 644 12.976637
214 685 9.054182
218 465 6.185818
220 313 12.686218
220 454 12.782695
222 370 4.309502
223 331 7.729817
223 733 9.090713
225 509 16.867932
226 250 17.239743
226 257 14.761371
227 726 19.751199
228 264 14.389578
228 289 18.802333
228 608 15.911633
228 751 3.531317
231 527 18.952294
232 271 14.457249
232 475 13.741584
233 277 18.387536
233 473 16.880965
234 443 17.812584
234 572 12.695191
235 295 13.130117
237 313 2.505196
238 327 10.815425
239 611 7.561034
242 287 2.535264
243 790 14.905288
244 439 3.409272
244 514 15.442251
244 568 6.749580
245 447 17.624924
245 463 16.429408
245 540 6.518246
245 709 6.870770
246 263 1.914933
246 673 5.912665
247 319 8.400219
247 414 16.374491
248 544 18.219698
249 446 2.256949
250 268 14.780111
250 437 16.028721
251 708 6.827308
252 441 16.369624
252 590 15.746123
252 747 7.688537
253 529 5.811220
253 702 9.977913
254 355 8.965567
254 535 13.459531
254 545 6.538094
254 577 11.818844
254 585 17.575742
254 774 8.908704
255 602 16.703814
256 412 10.597076
257 365 18.738879
257 379 3.228084
257 638 7.038176
257 795 5.441220
258 394 7.970172
258 495 2.683462
258 521 6.636640
258 585 3.412079
259 433 16.724797
259 500 15.664959
259 669 10.673834
260 364 3.611854
261 388 15.643832
261 651 3.100725
262 340 2.344886
262 434 11.315205
263 301 1.791867
263 373 4.882205
263 729 19.121621
264 473 10.290259
269 351 4.360455
269 372 14.669659
269 378 4.992689
269 476 18.979741
269 516 16.401428
269 636 8.645125
269 734 18.120425
270 442 11.533882
270 531 12.646025
271 334 8.164883
271 367 11.731910
271 528 19.436511
272 314 19.660842
272 359 8.592009
272 462 1.491412
272 650 19.200567
273 418 13.104095
275 324 6.644510
275 347 4.226859
275 505 3.450706
275 797 4.591550
276 582 8.084099
276 612 13.356735
277 329 7.938879
277 393 1.625741
279 548 12.373450
279 707 15.334555
279 785 18.232632
280 420 3.439363
280 780 4.109553
285 485 6.680581
285 588 6.217912
286 483 11.223822
286 591 19.869803
287 395 12.123821
287 459 17.241277
287 476 12.873180
287 556 10.908544
287 685 6.614273
288 743 3.983701
290 362 16.504524
290 427 9.011509
290 555 18.043951
292 468 6.997771
295 773 10.419026
296 491 13.384526
296 674 14.703952
296 680 10.723503
297 328 5.938284
298 334 13.471094
299 664 6.949080
300 399 1.293421
302 569 10.759936
303 617 8.693821
304 317 15.418235
304 411 19.983204
304 458 8.134528
304 592 1.189808
305 329 10.515553
305 425 7.868019
305 504 15.329572
305 670 11.262862
306 458 18.830872
306 642 3.405840
307 310 2.950050
308 642 10.366532
309 595 12.993304
309 750 12.530353
309 756 13.948476
315 730 1.942869
317 724 16.940739
318 419 7.678753
318 567 8.913763
318 569 13.759445
318 711 2.834914
320 448 11.859935
320 641 4.944889
322 534 7.174345
322 628 6.401494
325 475 2.831859
325 607 8.763998
325 682 14.128992
326 563 6.630968
328 650 19.987840
328 672 3.700156
331 589 2.730524
332 341 15.199635
332 499 11.136455
332 778 14.348730
333 421 8.207022
333 784 17.449512
334 646 15.370906
335 682 8.403709
336 408 9.593349
336 666 16.429518
339 360 15.755057
340 740 16.411007
342 511 8.291275
347 786 18.965601
348 465 3.626696
350 692 8.563945
354 547 2.299681
354 576 18.662529
356 543 17.450414
359 436 14.348122
359 517 18.954115
360 411 12.820169
360 489 6.191155
360 564 18.561243
361 754 9.824690
362 400 16.711801
362 544 1.682921
362 580 17.023726
363 398 17.866846
363 785 10.907089
364 549 13.323952
364 702 12.661775
365 455 11.462523
366 403 9.141678
367 699 7.081344
370 496 4.594890
370 791 17.421249
372 391 19.739207
372 418 16.421654
372 483 8.809072
372 557 18.377679
374 605 7.097680
375 386 4.765823
375 486 4.528696
375 523 12.124840
376 587 16.646818
377 417 5.312196
377 639 10.740389
377 705 18.610330
377 732 17.839960
379 655 7.759215
381 700 13.700517
382 393 16.189441
383 792 2.793352
385 433 15.439676
385 498 14.013034
385 538 19.816660
385 619 3.315420
385 722 18.611250
385 751 19.394926
386 471 7.211993
387 452 2.506368
393 637 16.893150
397 402 12.613434
397 558 13.085650
398 460 2.985409
398 648 1.598862
398 781 3.243881
403 552 12.280705
405 467 13.342585
405 526 18.224013
405 773 9.561305
406 797 8.546834
409 691 19.952606
411 454 16.791205
413 687 4.659797
413 798 11.578638
415 430 12.078626
417 432 19.198366
417 485 7.106723
417 550 9.537698
417 640 2.514350
417 767 9.611367
418 426 7.747067
418 511 9.906563
418 575 18.399004
418 723 10.852886
421 742 13.269076
422 684 12.288025
423 744 15.868661
424 492 16.309729
424 562 10.497342
424 613 8.460686
426 688 2.439138
426 732 8.754805
426 746 17.096268
428 469 18.824022
429 522 5.095409
429 662 12.420285
431 493 19.109501
432 719 18.298461
433 518 13.407797
435 596 10.344723
435 635 7.262111
435 645 4.503485
437 566 14.649746
438 593 11.198621
439 777 9.149240
440 687 5.490028
441 593 2.290349
441 594 3.005562
444 532 16.929993
444 547 15.017342
445 570 2.007362
445 576 16.364382
445 627 6.489104
445 710 4.018206
447 515 16.710174
447 634 18.038814
448 518 18.430313
448 697 3.526177
449 677 17.577275
449 714 13.419937
451 604 2.399969
451 618 15.630035
452 746 14.549261
455 477 17.473978
455 578 16.180464
456 614 5.194307
458 617 4.381744
459 777 6.631585
460 771 14.885147
463 470 11.763647
463 753 9.012379
464 563 10.746085
464 618 9.007801
465 672 2.377618
468 594 9.304979
468 633 9.278343
472 542 17.604925
473 510 16.959221
473 695 4.681337
473 757 19.024297
474 587 2.420433
477 552 19.955776
480 680 9.838852
483 686 14.360441
487 681 15.993813
488 654 11.329412
489 554 6.989776
489 620 4.622567
492 753 1.836144
496 551 3.587713
496 600 11.318122
497 768 19.235237
497 776 10.910513
500 543 17.171972
501 731 16.789635
503 510 17.891567
503 557 15.034713
503 769 14.654280
505 698 19.609570
510 737 9.023411
513 748 3.921854
516 565 1.722674
516 679 12.402640
522 539 14.341292
522 693 5.525419
527 648 14.919260
528 636 3.749584
530 550 9.687134
533 546 11.267120
533 639 7.025832
533 710 19.925166
533 715 6.806575
539 574 9.017347
539 793 6.917084
540 749 17.188427
543 556 2.699198
543 596 7.982451
543 720 3.835367
549 741 15.023511
553 561 3.114233
555 561 8.726541
555 772 4.645368
556 656 3.689091
557 770 18.041379
558 690 2.481692
566 727 15.301199
567 704 14.315017
572 658 3.529112
573 652 15.311815
573 707 19.596896
579 605 19.274305
583 713 10.860303
586 742 2.937762
588 787 14.772471
589 619 15.308204
590 628 5.323182
594 629 13.247384
595 631 16.365215
597 657 2.317008
607 789 8.542274
613 676 1.209102
615 759 8.364231
616 626 6.012829
620 667 6.420839
624 643 7.866779
624 691 12.410368
638 694 10.572978
640 649 6.755774
641 673 2.384837
641 722 17.845878
642 788 6.302516
645 782 11.639617
647 796 12.887917
654 798 13.400195
655 690 6.006391
657 665 12.875104
658 762 6.467027
663 764 8.499806
667 684 16.890942
667 740 17.269978
686 728 6.330016
686 786 3.747527
698 772 6.162299
700 768 15.537824
702 792 1.367741
706 739 14.383919
707 723 15.288590
713 790 14.628117
716 752 16.767220
733 761 3.124978
738 755 17.280319
741 779 1.253699
745 765 6.110637
760 763 14.585197
764 799 2.200012
15.929785 7.091398 22.033096 11.627511 17.378052 24.750622 19.721457 10.944894 14.309636 6.822707 13.117315 6.962661 6.720714 23.340097 21.468179 8.589231 15.862252 7.112054 21.238549 18.009008 6.796807 12.630300 18.310321 14.216396 10.096173 21.822196 20.353342 13.603979 14.785713 24.254120 12.653125 14.391451 13.195940 11.240240 21.347148 17.399441 18.446381 24.462410 22.838673 11.437275 11.587977 12.767734 7.507079 20.549351 6.564083 21.741651 7.400420 12.454988 12.269512 21.812282 18.581467 8.744317 19.108984 13.191818 12.716495 8.183434 10.869187 20.805626 7.692002 17.802483 21.357856 20.956273 19.248533 23.650857 8.035473 11.875067 21.545868 23.283610 5.812078 22.554424 9.123582 12.211091 22.360443 16.581492 15.962897 24.990747 20.567760 7.792639 22.517935 22.598959 23.336703 18.918764 13.969117 21.596366 18.400368 12.690304 13.058133 22.682966 9.379426 23.263700 18.306771 20.439311 7.369294 18.722292 17.980491 21.055197 18.144071 7.698160 23.923222 15.802723 10.754488 20.673641 16.281601 24.078338 14.574063 19.702885 6.856614 12.568831 20.818945 19.604924 21.090092 6.100901 13.598732 7.567718 19.394294 14.472558 18.089960 19.437611 12.910895 17.920322 13.110043 11.565788 19.141547 16.998362 13.836649 10.799491 7.361237 22.829405 8.671774 16.986226 17.549004 12.139049 5.599906 24.903760 19.935028 16.569611 24.262892 14.029619 8.999104 14.729973 5.384463 17.003851 7.940318 23.550977 19.485031 15.465470 11.722122 11.226189 11.776523 12.242396 5.345720 12.975917 13.196705 20.580211 15.355172 21.978683 12.868401 12.985953 24.529804 8.772990 10.875377 7.588103 8.918710 6.963214 14.254703 10.760152 8.125236 17.463689 20.236024 14.987155 14.960411 21.810084 24.411779 23.862712 13.365215 11.656844 24.895531 7.046001 23.813483 17.483747 13.626023 9.850978 6.306585 9.631457 20.304245 11.768857 20.869230 17.346794 8.394741 15.279812 20.671951 13.255547 8.352558 5.921106 14.930581 9.570125 19.783632 17.169512 17.087525 18.994158 15.910232 21.921974 24.208377 21.851676 12.070842 22.793155 17.257109 23.967715 10.633235 22.849774 5.060771 5.845041 9.377712 14.050349 8.460837 8.805072 20.719968 22.995488 12.682245 8.428111 14.063545 11.828892 6.670716 15.568873 19.907292 23.639716 15.877977 15.426540 16.465246 5.563624 24.420169 6.762636 9.906959 12.536077 5.537576 6.919918 14.885268 16.823606 21.023527 17.204501 13.036286 5.391982 5.282110 22.451037 23.123582 16.697492 15.994573 22.447798 18.578763 19.347161 9.779541 6.664663 5.505250 12.121607 18.336841 18.317520 14.518881 15.489720 23.929519 12.520750 17.764810 8.966902 9.004169 17.390694 20.433734 23.341936 15.658901 14.723227 19.175293 18.585798 23.462828 17.201260 23.931337 14.035065 8.722508 12.649175 18.982122 7.928428 21.453728 24.329502 9.701480 15.235297 16.893284 5.677940 22.339784 7.323812 10.748632 19.125199 20.333458 24.184369 24.152103 15.345879 10.935715 19.378015 5.527272 23.375542 18.449918 13.607723 11.614859 7.686279 23.385110 17.025767 15.694527 12.533988 21.268362 11.327846 19.539620 9.326193 20.527290 8.763592 8.976572 13.932488 23.647190 16.321634 22.139836 11.361318 10.219914 9.924271 15.992717 12.697471 8.927708 20.635896 10.989092 24.391959 11.071946 20.427651 23.409762 20.438411 14.430715 18.755017 13.978666 21.643065 16.959694 5.995325 23.740229 8.500224 22.386716 16.448410 17.267691 18.005757 7.805877 12.094134 22.525313 6.098500 17.923627 19.271285 15.868044 13.749134 22.712071 6.992379 5.606505 19.836275 10.087536 11.849811 19.362931 24.875507 22.592739 5.893766 12.879748 10.401646 16.324759 8.436952 16.710432 23.744660 5.345123 22.331202 23.115453 23.137148 16.232306 12.420368 11.441600 9.090140 9.239506 10.032943 11.816563 18.595983 14.379259 16.267961 7.385620 7.746780 18.802818 16.168732 8.077355 5.726313 12.612349 10.996752 22.218896 6.214452 14.591503 6.875348 15.721520 22.859376 18.731137 14.371923 15.904685 12.731715 17.590153 18.741965 10.352368 9.216960 23.147676 17.350951 16.922418 16.074071 19.785589 16.011168 9.360142 21.135044 13.850269 9.784335 20.600356 5.322305 19.654551 10.558110 12.916747 11.626773 17.972852 19.282293 17.029089 14.722167 5.731095 21.028440 20.816444 17.216517 18.763068 5.785516 17.191026 17.216747 20.433670 6.314525 20.589213 21.415064 11.543095 9.723387 13.369811 7.760430 5.104730 10.509520 5.157306 21.501925 15.640946 5.726280 16.115607 19.297977 14.189734 20.450144 15.423834 9.037277 20.908465 8.625814 18.606839 21.736491 14.065889 20.437837 24.546554 14.320695 6.131669 22.447495 20.870949 20.693505 24.903059 21.119392 24.553962 6.683262 21.619511 7.595279 7.953019 6.264153 12.467073 16.155365 5.522122 10.532208 15.100626 16.452281 13.831415 16.366573 14.544204 11.041009 8.121822 12.579983 12.232956 12.367982 23.279926 12.629489 23.653078 8.168308 23.902049 19.361921 8.766301 17.174686 19.492956 16.492996 19.634901 7.948554 24.849178 18.399114 22.294748 14.629353 8.258440 22.088117 8.863458 21.020311 15.168746 17.061721 7.105013 14.089064 7.706571 7.595108 19.028891 7.839497 21.898094 23.922869 16.383373 17.519508 10.590147 23.639361 16.136888 10.728583 12.701235 5.535089 21.386175 15.373077 17.195033 20.381496 19.021873 22.426522 11.721212 19.513309 15.044351 15.532012 12.533098 17.632821 13.252222 8.811747 12.320973 16.805390 17.390221 5.418712 7.321249 15.136686 10.789913 19.529272 20.356022 15.434547 19.440351 23.231452 5.071049 21.740174 21.391926 15.103449 20.530169 23.970043 18.289566 8.360321 19.587804 14.206856 24.169773 19.601685 22.255302 19.550911 8.615804 23.905933 21.427057 17.288082 16.032193 24.603118 19.937422 19.710402 8.080784 8.170194 12.021365 9.345169 22.358361 20.733316 5.894791 19.745658 16.717804 19.866439 13.419546 23.329480 20.385395 5.112654 7.629347 16.610952 12.476212 12.743535 23.580913 7.757868 15.944792 23.470379 6.831860 21.453330 20.447856 24.511559 21.379727 16.691596 9.318895 18.888641 11.975420 20.660604 14.900601 24.004042 7.208200 16.542239 17.027659 21.318205 8.198009 15.130447 24.439993 15.875187 9.028746 23.147924 11.905923 17.984551 21.333131 13.856684 11.280603 11.118969 10.694530 16.120480 7.137495 12.724106 6.825725 13.818146 9.777449 21.339116 7.222402 11.806487 18.516577 19.660444 23.970960 13.789682 16.570136 23.990672 14.107074 8.541661 12.975946 14.361128 22.803480 23.660395 10.572562 18.726194 19.885617 23.137526 24.118739 7.774856 18.772060 17.137942 12.994674 17.593097 19.415873 19.655693 8.127179 12.931438 9.172781 16.911402 8.840012 21.537302 6.817300 21.153874 19.995947 13.533115 21.018957 6.729905 7.081952 22.048874 7.526013 16.643997 6.686147 13.655649 23.919420 16.361500 21.574277 6.376028 15.752933 16.812215 6.535938 12.168582 11.635647 9.599969 5.253151 24.751837 20.728487 22.414962 8.707468 7.147970 10.598945 12.008454 7.644045 17.602754 24.407611 15.313734 24.107218 18.342812 19.391399 6.100068 7.890289 12.568206 13.726846 14.351029 21.834731 17.727816 10.319503 10.053875 16.539249 24.559055 18.638962 10.651246 16.152306 12.687651 6.270706 19.356347 5.673589 16.167495 18.653816 6.692323 22.486018 14.242910 10.111003 7.015047 19.132873 12.030648 21.920750 9.033366 16.378919 15.678506 15.490663 6.148878 15.848699 11.333105 20.516371 22.963341 24.056119 5.648815 16.118626 12.365637 8.999536 12.118214 24.300346 11.422322 21.972929 16.008886 17.985656 16.717847 24.649024 21.090850 14.364601 15.764862 5.904637 14.223068 14.598515 23.623939 9.477007 13.480071 23.737942 14.559737 5.928831 13.960445 10.101057 6.054686 7.190811 14.589077 22.008540 12.344204 6.513642 19.946446 23.155093 8.034454 11.423904 24.036604 17.720572 20.213485 12.118993 20.945449 24.622306 7.185772 23.126764 24.890641 5.118218 15.860126 9.662661 16.054545 15.142193 22.896274 11.815550 15.739384 19.489899 20.333724 5.403463 24.602221 15.994520 5.613795 13.760071 5.800257 23.604243 21.226220 16.320375 10.363677 16.310480 12.233843
53
251
0 4 9.770559
0 16 2.146817
0 28 7.239154
0 29 6.074114
0 30 7.283367
0 33 1.325922
0 36 7.658370
0 43 3.288558
0 49 7.604897
1 3 2.185560
1 4 9.303783
1 5 9.889172
1 6 4.425565
1 13 8.193487
1 17 4.694306
1 20 9.507041
1 30 4.255084
1 32 2.536898
1 35 3.602416
1 36 1.484337
1 37 2.537967
1 40 7.501494
1 46 8.490154
2 3 5.463627
2 6 4.277684
2 7 3.887582
2 8 6.285081
2 11 1.241105
2 12 3.899613
2 39 4.555055
2 43 2.411057
2 45 3.992755
2 46 9.946594
3 7 1.153351
3 16 3.808640
3 22 5.955787
3 23 7.250591
3 38 4.287531
3 42 2.810369
3 49 7.067969
4 10 6.228813
4 24 3.175106
4 35 1.045187
4 41 5.049111
4 52 1.311212
5 11 7.604239
5 13 7.525518
5 18 2.996811
5 24 6.352395
5 36 1.075656
5 39 2.429737
5 40 1.871128
6 12 1.027651
6 16 4.898714
6 17 2.488139
6 21 6.941278
6 22 6.712849
6 47 2.758819
6 51 3.566610
7 8 5.846353
7 16 2.380467
7 17 9.928421
7 32 2.266658
7 33 2.723895
8 12 4.985355
8 15 7.199247
8 19 4.394208
8 21 3.383078
8 33 2.250754
8 50 4.510835
8 52 8.986705
9 19 4.719395
9 22 4.164465
9 29 6.277191
9 30 7.863245
9 31 7.820500
9 33 3.100052
9 36 7.329698
9 38 3.060441
9 52 9.058163
10 16 5.907042
10 18 6.671479
10 23 9.068756
10 25 7.459101
10 32 8.126395
10 41 3.000508
10 46 3.229656
10 51 6.341285
11 14 9.731696
11 16 2.669133
11 25 4.194232
11 28 6.000636
11 37 1.774784
11 45 7.113269
11 46 9.090698
11 47 8.465563
11 49 4.529839
12 13 5.585503
12 22 4.273200
12 26 7.667226
12 32 2.042599
12 34 6.942894
12 35 3.673566
12 37 5.621687
13 16 1.028388
13 18 6.818473
13 26 7.779051
13 27 2.537414
13 35 4.082654
13 39 6.711864
13 52 3.326513
14 15 9.724285
14 19 5.131486
14 25 4.735201
14 28 1.419971
14 35 5.020263
14 40 4.480995
14 44 5.371471
14 48 6.101019
15 22 1.758168
15 23 4.691574
16 17 2.681361
16 20 7.629954
16 23 2.305351
16 52 2.746348
17 27 7.192703
17 32 2.808358
17 42 1.889984
17 43 5.823950
17 45 8.124218
18 21 6.693379
18 23 6.736421
18 27 1.364323
18 31 7.242994
18 32 3.482844
18 38 6.277989
18 40 6.824521
18 41 2.629845
18 45 1.683570
18 46 7.912203
18 50 3.159192
19 25 5.655315
19 27 2.891034
19 28 1.086246
19 30 5.936303
19 36 4.347254
19 43 8.609613
19 50 4.028928
20 31 8.053334
20 34 9.512052
20 37 1.038513
20 38 5.627513
20 48 8.863473
20 51 4.413068
20 52 1.763223
21 22 2.257226
21 26 4.308555
21 27 9.281750
21 29 3.045833
21 39 5.401154
21 43 1.477136
21 47 3.157969
21 51 7.047213
22 23 1.195570
22 29 7.651156
22 31 3.912104
22 32 6.058873
22 33 7.547309
22 39 3.951882
22 45 6.595787
22 47 6.115588
22 51 3.114294
23 32 2.031181
23 33 1.013114
23 44 7.686582
23 48 2.283703
24 32 4.567709
24 33 4.830497
24 47 3.409406
24 50 4.446121
25 26 4.581364
25 37 6.219303
25 43 2.385373
25 49 5.260564
25 50 5.516517
26 28 8.989407
26 33 3.676971
26 42 3.530396
26 43 2.267460
26 45 9.053169
26 46 1.892689
26 49 7.398712
27 29 9.445056
27 38 4.906496
27 48 1.631565
28 33 6.865976
28 34 1.453331
28 37 1.601497
28 44 5.097551
28 45 3.703206
28 46 9.350669
28 48 4.345118
28 49 3.689539
29 36 7.284844
29 47 4.093483
29 50 8.399456
30 31 8.000289
30 47 3.129325
30 51 8.820541
31 32 6.288509
31 35 1.390651
31 36 1.439460
31 37 3.280181
31 41 6.902654
31 46 7.950341
31 51 8.899878
32 38 8.437179
32 52 2.408710
33 34 2.145318
33 40 8.954563
34 36 9.408969
34 45 8.327730
34 50 9.064088
35 38 2.822520
35 46 4.465000
36 39 5.258027
36 43 5.723606
36 48 3.548124
36 49 9.040175
37 51 4.940383
38 39 5.106089
38 40 6.245195
38 42 3.224654
38 51 2.551201
39 42 9.319854
39 47 7.259023
40 43 3.056276
40 45 3.772772
41 43 9.919848
41 44 7.556202
41 45 6.014963
41 50 2.708914
42 47 4.430702
42 52 7.660501
44 52 4.484745
46 49 2.161655
46 51 2.800387
47 48 5.216760
48 50 6.354292
48 52 3.062433
49 51 8.145862
417.760409 467.507809 456.201561 239.550066 409.706271 474.783501 457.618619 314.332502 267.844694 403.235310 245.103179 476.433746 425.897150 325.213475 237.591870 339.165974 474.475314 452.345294 229.503736 391.128722 415.054254 429.150710 279.426208 355.469776 318.788597 270.671872 320.136291 385.316973 418.003520 407.020974 451.080535 297.546529 366.827528 410.821332 375.654845 480.283706 297.434185 425.844292 481.116941 451.046286 397.615492 228.494833 319.071458 408.723966 251.631398 472.752657 252.416261 420.519289 404.695943 347.406763 272.054187 295.113207 470.616421
