800
1597
0 1 12.048941
0 2 4.932554
0 3 3.422215
0 4 1.556004
0 6 1.875673
0 10 19.568267
0 11 16.270881
0 13 3.782811
0 16 2.488580
0 17 13.993066
0 29 1.764924
0 32 15.237309
0 49 3.864896
0 50 7.656214
0 62 15.856523
0 65 16.581792
0 72 5.572667
0 76 15.897650
0 78 19.348327
0 120 18.723075
0 124 8.273030
0 155 2.499539
0 166 5.414984
0 168 12.976683
0 212 15.491436
0 228 8.043019
0 232 1.383901
0 253 15.069314
0 258 13.435252
0 283 8.526360
0 302 17.984855
0 306 9.937776
0 375 1.525096
0 418 19.852643
0 487 3.273809
0 509 11.660518
0 576 13.118877
0 609 1.544048
0 614 2.324977
0 674 18.131669
0 704 14.886538
0 706 13.911019
0 722 14.968063
0 725 2.371369
0 793 15.849255
1 2 18.081681
1 3 10.074291
1 10 7.120285
1 18 2.845048
1 28 2.260178
1 31 6.652674
1 56 13.290233
1 76 17.080061
1 105 5.610734
1 155 15.366186
1 198 15.032232
1 210 6.899896
1 225 9.481646
1 246 6.703084
1 247 7.975195
1 268 17.577606
1 288 1.982428
1 334 18.730523
1 539 10.155540
1 595 18.380774
1 612 3.462914
2 4 3.552908
2 6 17.057173
2 8 17.901728
2 16 5.656020
2 23 11.898290
2 25 12.005550
2 34 19.697709
2 35 7.132993
2 38 8.156014
2 42 10.060808
2 44 2.608028
2 48 7.323758
2 74 3.174489
2 78 12.405703
2 98 6.099399
2 107 10.232202
2 170 7.103456
2 191 6.352719
2 214 7.294410
2 216 7.023163
2 357 4.093604
2 400 13.432144
2 462 8.195562
2 562 4.587752
2 597 6.891960
2 635 17.791424
2 640 18.674356
2 662 17.625684
2 705 12.802018
3 5 5.653880
3 7 6.185378
3 12 2.993644
3 22 1.072187
3 57 12.873319
3 71 2.583705
3 88 4.410398
3 106 9.223885
3 126 9.086654
3 165 1.321414
3 175 15.488794
3 182 18.355726
3 195 7.446954
3 301 8.031359
3 318 17.982319
3 347 17.367665
3 364 7.796902
3 397 7.730424
3 406 9.632755
3 427 18.000850
3 434 6.434728
3 454 1.891442
3 455 2.988882
3 472 13.138348
3 473 8.398041
3 489 5.427760
3 576 13.430678
3 583 4.479066
3 585 5.972894
3 692 1.187957
3 721 3.066042
3 753 9.655861
3 764 16.701879
3 783 8.797852
3 796 13.571337
4 5 14.059051
4 9 7.523962
4 26 7.182523
4 33 14.134630
4 38 15.636973
4 47 1.830340
4 61 6.054269
4 106 4.439184
4 115 3.197203
4 157 3.870723
4 233 18.603199
4 322 7.722587
4 338 7.909083
4 373 19.735936
4 437 17.265744
4 697 7.416093
4 744 6.553313
5 7 14.664625
5 8 15.644681
5 22 15.206161
5 33 12.630402
5 36 15.394394
5 43 5.360662
5 48 17.112392
5 55 10.280054
5 63 7.644564
5 64 12.242975
5 75 2.955464
5 82 12.807418
5 105 2.597296
5 117 15.555268
5 169 18.025862
5 179 4.841338
5 213 15.152392
5 217 16.192400
5 260 18.648536
5 282 5.002798
5 295 19.138136
5 313 18.338830
5 320 16.039527
5 322 6.635062
5 327 7.903202
5 346 11.111210
5 372 3.218045
5 429 6.743210
5 435 1.616095
5 457 13.795038
5 596 16.497108
5 621 6.611095
5 628 4.541817
5 725 11.367295
5 769 15.679479
6 14 18.016187
6 21 8.838690
6 67 7.648475
6 83 12.654420
6 99 7.583065
6 184 15.824065
6 450 12.756063
6 709 15.395260
6 719 12.285570
6 761 9.345669
6 791 17.048178
7 11 1.770822
7 17 4.170606
7 19 15.720293
7 25 4.446916
7 134 15.323791
7 150 4.951937
7 237 8.150544
7 249 6.212243
7 280 11.973256
7 295 16.370650
7 336 19.507562
7 390 11.801734
7 449 2.338272
7 495 11.438186
7 512 3.577375
7 563 8.370489
7 688 16.878993
7 743 14.529265
8 9 2.929047
8 15 11.671073
8 20 17.844119
8 31 3.685918
8 50 16.335859
8 66 19.095729
8 80 10.419314
8 102 8.875841
8 126 5.664738
8 147 14.512786
8 151 1.344695
8 154 14.232563
8 177 10.114368
8 257 11.270706
8 315 16.682269
8 321 12.214751
8 363 10.153430
8 369 15.549576
8 380 14.435483
8 449 13.890805
8 451 8.560265
8 460 1.944498
8 511 10.297228
8 551 19.136945
8 617 17.064983
8 631 10.119248
8 657 1.527009
8 693 3.383020
9 12 14.461955
9 20 3.813162
9 24 15.497654
9 35 9.860586
9 54 8.888911
9 55 7.983161
9 69 2.645517
9 90 2.638776
9 104 6.282947
9 114 19.162100
9 125 3.031119
9 161 5.347605
9 173 3.687221
9 202 2.893579
9 238 8.357724
9 249 17.113990
9 261 14.903569
9 290 7.549689
9 320 15.927284
9 343 17.709966
9 396 17.008239
9 507 19.776180
9 520 10.565658
9 527 13.258945
9 556 2.717155
9 633 8.271869
9 665 13.228847
9 728 13.670520
9 772 5.136354
9 773 14.894409
10 13 4.476891
10 133 4.387391
10 180 17.673600
10 233 15.815259
10 303 7.924721
10 429 2.933406
10 480 17.975781
10 509 3.338831
10 511 8.458816
10 513 4.526806
10 630 1.855230
10 653 13.227983
10 669 6.354759
11 14 7.531812
11 15 13.960701
11 18 11.829409
11 21 10.931610
11 37 3.245256
11 44 16.434531
11 108 7.543745
11 152 8.439011
11 193 18.624151
11 225 3.430344
11 264 10.718437
11 306 17.546263
11 309 6.031002
11 323 2.932393
11 370 17.944250
11 393 11.727854
11 464 15.760610
11 507 13.335612
11 618 19.939205
11 658 14.064968
11 683 15.128332
11 795 7.720056
12 64 6.992931
12 114 17.503981
12 182 1.093381
12 195 5.396791
12 282 18.777954
12 348 7.137718
13 30 15.252933
13 36 10.853838
13 52 7.235795
13 79 16.191638
13 172 14.431817
13 199 9.023005
13 252 2.563306
13 381 1.435969
13 567 2.806273
13 594 16.757369
13 626 1.888830
13 788 11.110884
14 32 11.547151
14 53 11.864202
14 95 19.868018
14 104 11.291040
14 143 18.710222
14 425 16.812802
14 587 5.647343
15 19 19.267579
15 27 5.227793
15 43 10.473534
15 45 11.139244
15 54 3.957314
15 85 15.081574
15 92 16.476291
15 96 3.088236
15 113 13.282269
15 120 8.129883
15 142 5.182357
15 275 6.485760
15 304 3.140352
15 332 2.653995
15 340 10.198870
15 342 17.290048
15 344 17.344623
15 418 10.242551
15 520 7.551865
15 700 11.361556
15 703 19.794217
15 710 18.512859
16 65 7.630033
16 99 17.125148
16 145 14.913338
16 310 10.159857
16 329 8.947349
16 402 3.743131
16 403 12.621246
16 419 14.383720
16 420 13.098975
16 426 12.991741
16 625 17.705507
17 52 16.178945
17 214 19.582532
17 259 12.725279
17 594 17.247211
18 27 8.281229
18 49 8.838955
18 89 14.478287
18 245 18.234933
18 348 5.182269
18 544 14.140553
18 655 16.026550
19 238 12.282341
19 269 19.364139
19 286 4.681140
19 325 14.239009
19 500 17.161367
20 73 13.779675
20 464 18.831903
20 502 16.687169
20 732 11.938531
21 24 1.791636
21 26 17.844168
21 41 5.547452
21 68 1.576715
21 86 5.076519
21 92 18.891862
21 148 8.048427
21 183 16.660531
21 248 3.245801
21 266 14.233120
21 280 3.779125
21 305 14.436230
21 390 16.094160
21 401 10.821467
21 405 7.460783
21 580 11.737833
21 633 15.779537
22 23 2.385622
22 30 1.452134
22 51 3.548315
22 61 8.024019
22 70 6.195630
22 80 16.046625
22 135 6.184355
22 147 15.484711
22 202 19.447702
22 340 8.678602
23 115 10.920130
23 337 15.016836
24 28 1.234612
24 29 8.818870
24 34 5.881892
24 41 4.799860
24 45 13.835468
24 46 13.425221
24 69 8.514162
24 77 12.618378
24 91 9.852386
24 108 19.888747
24 112 10.378848
24 122 14.422898
24 124 19.206997
24 172 18.669524
24 286 18.665767
24 394 14.133940
24 444 15.457343
24 481 1.065719
24 502 17.818910
24 537 18.855123
24 632 2.453756
24 748 3.530265
24 792 12.194768
25 40 9.430423
25 171 2.551448
25 197 17.490254
25 215 7.061075
25 292 12.359944
25 470 6.182452
25 474 9.874022
25 475 9.603656
25 530 2.435978
26 42 19.552189
26 59 13.550267
26 83 8.642230
26 121 10.382725
26 139 14.843222
26 171 10.039781
26 179 15.772412
26 222 4.965452
26 259 16.658644
26 298 11.247855
26 301 12.336441
26 355 9.007728
26 387 17.977343
26 453 19.814479
26 708 14.314434
26 774 10.093889
27 60 14.313379
27 176 18.734058
27 188 6.302495
27 242 2.584352
27 296 8.636888
27 593 3.019067
28 101 1.115144
28 236 5.880176
28 559 18.814610
28 720 2.472813
29 40 2.804277
29 47 6.644514
29 58 12.931786
29 77 9.472065
29 224 5.332069
29 236 3.561108
29 294 3.506781
29 379 13.786893
29 404 11.097027
29 552 13.994378
29 574 6.778281
29 714 1.716515
30 53 4.492925
30 86 3.146151
30 103 3.010498
30 130 9.330724
30 160 15.134862
30 166 5.542938
30 185 5.056261
30 281 16.237323
30 317 5.790864
30 350 17.845094
30 384 2.679255
30 465 4.546783
30 531 5.288508
30 549 13.767185
30 589 1.580627
30 668 5.765697
30 712 14.812820
30 796 8.466939
31 68 13.998963
31 284 5.157885
31 428 4.125758
31 440 18.755162
32 51 7.908464
32 153 10.186907
33 46 13.815597
33 174 18.671917
33 366 3.457001
33 381 8.141764
33 642 3.931406
33 765 10.646494
34 74 17.513682
34 79 10.646380
34 110 10.901153
34 113 6.857821
34 201 15.117488
34 240 3.511517
34 290 12.182959
34 303 15.534108
34 346 18.234003
34 359 16.268638
34 393 3.639240
34 412 10.182510
34 420 18.225061
34 525 10.401744
34 567 5.424043
34 749 5.105559
34 752 9.225124
34 775 1.154503
35 37 10.947289
35 39 19.311473
35 56 9.604256
35 73 3.354547
35 129 14.096429
35 184 4.197267
35 463 4.458494
36 39 17.426246
36 180 16.602685
36 260 15.743309
36 590 14.242499
36 652 8.678504
38 149 5.775824
38 197 14.590605
38 779 6.532240
40 59 1.787770
40 60 4.293980
40 66 14.167840
40 94 18.073020
41 506 16.563525
42 118 8.437932
42 188 17.456099
42 192 7.835060
42 265 10.711960
42 321 6.801467
42 430 11.938234
42 519 19.458571
42 579 1.119795
42 731 6.374926
43 62 10.057550
43 138 15.460642
43 250 10.869877
43 275 1.846608
43 285 15.185156
43 362 4.205337
43 664 7.198587
43 666 19.523190
43 692 4.423166
44 67 19.169259
44 97 7.920545
44 98 13.319067
44 227 13.738490
44 315 17.081735
44 518 1.566191
44 592 19.623561
44 764 3.765807
44 787 4.534242
45 220 18.852801
45 263 7.975224
45 285 18.962730
46 273 16.430657
46 514 5.187700
48 109 2.492465
48 165 15.791518
48 216 12.637580
48 279 11.992038
48 313 6.846761
48 333 6.861721
48 345 4.194110
48 351 14.541738
48 356 14.669956
48 452 17.086622
48 547 12.733288
48 573 2.607446
48 615 14.649457
48 619 9.581027
49 111 11.004737
49 192 8.017116
49 205 18.967108
49 230 10.221754
49 235 7.476822
49 456 7.730204
49 745 13.825097
50 131 5.620028
50 271 2.267318
50 739 6.103847
51 94 15.221838
51 141 12.029818
51 154 5.802130
51 158 15.554948
51 221 19.737258
51 262 10.230723
51 289 10.398458
51 314 13.971167
51 374 10.494804
51 568 10.023901
51 770 17.715304
52 57 14.718616
52 58 16.505050
52 81 8.292903
52 84 3.090271
52 87 10.313844
52 88 12.061680
52 96 16.031790
52 219 4.904302
52 338 14.880038
52 388 3.064568
52 469 2.877367
52 536 11.396023
52 596 19.693110
52 618 1.318111
53 75 19.231915
53 93 13.173520
53 141 18.197777
53 143 4.727666
53 337 11.634165
53 547 14.651112
53 721 17.186698
53 748 18.307891
54 140 2.895356
54 162 13.505422
54 226 13.354659
54 620 9.792396
54 690 1.147270
55 152 14.832296
55 221 16.195482
55 251 1.693446
55 385 17.194895
55 638 13.613838
56 63 14.811282
56 110 6.548713
56 116 6.940093
56 121 8.913643
56 123 14.362471
56 201 11.171749
56 267 13.729388
56 360 6.785020
56 387 2.164222
56 399 8.066947
56 469 14.814770
56 488 10.636612
56 541 10.463006
56 624 1.637513
58 103 2.449969
58 119 15.757581
58 608 6.232769
58 782 7.279097
59 70 3.040553
59 95 5.588668
59 251 16.998946
59 377 8.830867
60 71 12.660990
60 107 19.808124
60 157 10.523979
60 170 3.514429
60 237 17.434059
60 272 1.246288
60 483 3.187866
60 727 11.950258
61 102 17.113739
61 127 7.416075
61 158 16.481911
61 255 6.436792
61 284 4.603472
61 419 3.897678
61 597 1.632615
62 161 9.520476
62 178 4.465701
62 368 1.040463
63 89 5.162037
63 187 19.759076
64 131 4.429838
64 754 9.801044
65 90 17.491473
65 93 1.427015
65 232 12.435377
65 767 17.978494
67 72 9.328309
67 148 4.286434
67 199 4.477533
67 325 9.138239
67 434 5.371497
67 687 17.091955
68 311 9.487256
68 402 5.189957
68 564 16.522112
69 167 2.356084
70 84 7.215872
70 130 14.057340
70 211 6.825521
70 294 2.648145
71 100 16.157344
71 194 18.190224
71 224 7.171585
71 247 19.959106
71 353 10.916644
71 693 16.323118
72 123 9.293128
72 132 16.271534
72 142 14.933343
72 167 7.292643
72 186 3.350101
72 220 8.636831
72 235 6.119287
72 241 12.413901
72 372 8.108986
72 408 11.418570
72 572 14.988658
72 647 4.748062
72 732 18.364334
73 82 10.411480
73 316 9.300626
73 476 8.825119
74 101 4.485607
74 168 4.655206
74 289 7.567461
74 571 5.822949
75 87 1.926850
75 206 9.780114
76 194 13.826374
76 276 7.978645
76 542 6.858968
76 645 6.098547
77 185 1.167720
77 248 5.739419
77 305 1.447530
77 328 10.049952
77 610 12.800801
77 751 13.621966
78 81 10.446974
78 97 18.071351
78 112 4.012984
78 163 2.623103
78 332 15.888207
78 384 10.735508
78 413 4.779228
79 91 6.090368
79 163 18.600213
79 186 18.171292
79 187 16.028082
80 85 2.321426
80 119 8.532933
80 183 18.026807
80 357 5.735618
80 465 17.928279
80 482 15.248535
80 616 5.434480
80 624 16.257035
80 730 19.290026
81 145 15.023091
81 159 16.373921
81 542 9.791048
81 643 9.239152
82 127 3.316247
82 128 11.808085
82 136 1.224410
82 211 5.009943
82 234 14.375324
82 291 4.698576
82 312 6.958031
82 319 11.482862
82 371 15.147064
82 441 11.760429
82 467 17.938018
82 541 9.930661
82 553 6.016017
82 601 12.399065
82 699 15.233898
82 754 15.514038
83 226 17.471509
83 379 10.591082
83 563 3.588116
83 606 13.080935
83 688 16.335168
84 136 10.342603
84 244 7.387585
84 262 13.646002
84 347 19.472796
85 150 5.829375
85 307 10.992736
85 308 9.836118
85 385 5.115637
85 476 10.531933
85 486 17.442725
85 532 4.567238
85 620 6.246874
85 762 10.980735
85 775 6.541700
86 253 7.058415
86 371 2.135973
86 423 6.504329
87 117 11.712540
88 350 5.679570
88 416 1.409554
88 484 9.684047
88 750 11.728528
89 326 14.494737
89 334 3.963103
91 100 7.150920
91 140 2.568758
91 164 17.460712
91 735 4.704425
92 297 13.050891
92 729 4.064379
93 144 12.752813
93 156 18.723381
93 210 12.530047
93 330 8.333254
93 395 8.264000
93 678 19.518581
93 729 9.893424
94 266 15.359855
94 355 17.059577
94 426 16.572032
94 470 16.840157
94 604 16.527810
95 109 8.248459
95 173 12.769224
95 278 3.930235
95 503 13.368301
95 644 11.761231
96 208 18.065425
96 769 5.860798
97 128 7.656963
97 175 13.789535
97 206 17.771940
97 370 8.313826
97 432 12.325376
97 586 10.299370
97 646 19.706610
98 176 18.865268
98 331 3.957186
98 414 3.170771
98 533 18.316323
98 562 5.686436
99 352 19.346434
99 456 1.996186
99 513 8.124893
99 712 16.246637
100 118 1.056917
100 162 6.335601
100 261 15.260616
100 361 1.752367
100 438 19.263089
100 681 10.156173
100 789 2.997696
101 111 8.158864
101 125 10.134572
101 380 2.587084
101 442 17.263010
101 496 11.057185
101 560 16.384523
101 686 4.809112
101 778 9.551013
102 190 12.684197
103 129 14.391975
103 169 12.556517
103 219 10.183424
103 227 13.000516
103 240 14.148579
103 277 14.183794
103 354 7.291660
103 459 14.158573
103 607 8.713760
103 660 3.723250
103 791 17.283439
104 239 13.951337
104 271 8.917402
104 317 10.464804
104 373 16.230656
104 599 10.696014
104 637 8.366239
105 447 4.367157
105 461 18.862424
106 518 7.116832
107 263 1.711442
107 440 15.431592
108 448 7.591090
108 634 9.833262
109 116 5.703594
109 137 2.932988
109 149 1.307872
109 396 7.732552
109 667 5.222449
109 698 15.425360
109 766 6.089092
110 134 13.310402
110 146 12.581151
110 160 4.522932
110 207 13.440623
111 178 5.212338
111 190 9.671179
111 212 10.361495
111 258 17.918144
111 378 13.496689
112 193 9.243733
112 267 5.553176
112 666 16.257226
113 422 19.997486
113 613 10.201442
113 777 18.927808
114 230 6.120151
114 611 14.795619
115 573 13.715780
115 577 14.792226
115 704 1.077956
116 135 4.866290
116 451 4.740423
117 196 15.517794
118 122 11.257103
118 137 7.342901
118 156 14.070863
118 203 17.361109
118 242 12.848805
118 368 2.114090
118 394 17.202913
119 153 13.754914
119 213 4.797866
119 229 19.029452
119 495 8.954038
119 554 14.595280
119 565 13.322949
120 552 2.065433
121 265 8.896788
121 448 7.031594
121 715 7.564133
122 138 3.994449
122 241 18.443986
122 243 10.386962
122 304 9.927135
122 359 8.188393
122 717 19.276620
122 776 16.189391
123 209 17.671919
123 218 6.965406
123 228 15.717635
123 404 15.344321
123 669 3.887297
124 281 15.826774
124 318 13.274879
124 600 3.326683
124 635 12.644075
125 343 18.387666
127 204 11.874812
127 215 2.565320
127 288 9.571987
128 349 3.261766
128 409 3.593959
128 455 3.935215
128 782 17.197381
129 133 5.589457
129 181 1.749941
129 636 18.141785
129 684 11.951056
129 757 16.830001
130 132 3.455598
130 139 8.628878
130 675 4.325513
131 203 14.738026
131 378 6.101258
131 406 13.979463
131 417 19.199659
131 663 5.435829
131 682 4.259547
132 277 10.193025
132 452 10.513812
133 270 5.572623
133 639 3.685647
133 730 3.366658
133 778 10.791116
134 307 17.696085
134 543 3.715564
134 724 8.119709
135 164 14.194854
135 365 18.858808
136 711 5.446481
137 498 13.794220
137 723 9.733753
138 146 14.881554
138 198 3.381216
138 254 15.061419
138 391 18.932150
138 510 5.408098
139 144 2.619631
139 159 7.426600
139 181 13.349008
139 351 8.127383
139 401 1.439586
139 446 7.951372
139 758 16.365387
139 785 2.834081
140 436 1.592104
140 524 2.996653
140 558 1.760104
140 649 13.454810
141 410 14.343615
142 257 2.264526
143 467 3.800446
143 731 14.440027
144 442 8.048158
144 504 1.747034
144 584 8.270781
145 245 19.029773
145 314 16.747804
145 326 8.267744
145 335 8.402375
146 229 18.569727
146 741 11.416856
147 268 19.003539
147 395 8.124394
147 569 5.104196
147 671 16.195530
148 174 13.910370
148 287 15.474752
148 417 16.643127
148 473 19.405175
148 480 3.241333
148 609 11.621283
148 639 18.991554
149 151 3.332349
149 492 17.373797
150 293 18.156395
151 591 12.981950
152 204 3.901010
152 474 4.566024
153 274 5.230340
153 506 2.056887
153 510 16.582308
153 586 10.803675
153 587 3.665373
153 713 6.943638
154 244 15.313397
154 255 14.594264
154 354 17.912546
154 736 5.432565
155 177 18.071144
155 208 7.123752
155 545 2.310606
155 560 14.840101
155 578 9.419609
155 759 11.213244
156 723 19.705736
157 492 7.139407
158 392 12.845747
158 564 12.918344
158 733 4.444141
160 302 12.395872
160 329 14.255836
160 382 2.178925
160 676 18.820115
160 797 18.956569
161 287 17.971253
161 443 13.707339
162 243 16.592976
162 345 6.685023
162 407 17.129936
162 605 14.133095
162 691 12.875984
163 483 6.228313
163 595 9.285720
164 408 11.140900
164 545 15.383167
164 579 11.651720
165 200 12.203835
165 231 4.537520
165 250 2.423982
165 254 6.651422
165 365 17.454826
165 430 15.380444
165 437 6.942747
165 526 7.814230
165 678 7.126082
165 709 15.258465
168 205 15.857943
169 398 1.348856
170 222 3.803373
170 234 5.405109
170 300 19.059766
170 410 2.422893
170 424 16.386051
170 490 19.886623
170 533 5.995409
170 781 11.650341
171 200 8.594433
172 298 4.902349
172 598 3.972261
173 789 12.092775
174 189 17.154914
174 218 8.533118
174 312 14.407632
174 333 1.473504
174 716 2.581729
175 656 16.629139
176 499 14.899738
176 581 6.573956
176 648 15.272736
176 672 7.493117
177 497 9.485068
179 252 10.845637
179 590 10.161817
179 718 3.671372
179 785 18.033759
180 223 18.473098
181 382 1.448358
181 409 3.190226
182 413 6.385244
182 591 14.710518
183 191 4.892598
183 328 4.982335
183 675 19.600818
184 627 19.670944
184 655 9.673605
185 264 8.805822
185 515 1.372594
185 647 15.242722
186 189 12.947569
186 344 2.022584
187 521 1.019019
187 738 12.025155
188 479 10.324412
188 548 11.161741
188 653 11.862402
189 339 16.120762
189 445 7.779781
189 605 4.345950
189 629 9.638066
190 534 13.338898
191 207 2.992718
191 466 17.875357
191 644 13.956150
192 383 9.119948
192 407 18.576563
192 501 2.256506
192 623 11.973630
192 777 16.870090
192 779 1.991948
193 292 19.054877
193 728 12.764655
194 274 15.759282
194 797 12.246981
195 196 10.800657
195 239 11.740055
195 450 19.797138
195 676 9.737267
196 256 12.197400
197 246 12.154306
197 269 5.633190
197 780 1.432349
197 781 17.470348
198 209 15.564626
198 293 15.156435
198 296 4.238828
198 431 15.225996
199 472 19.563916
201 297 16.777342
201 432 1.000928
201 696 13.716377
202 439 6.037069
203 272 9.058126
203 583 4.955434
204 308 12.446094
204 523 5.863874
204 555 2.184658
205 217 17.817527
205 231 16.042134
205 360 15.796977
205 397 7.716975
205 574 8.531902
206 273 2.551550
206 319 4.709877
206 398 11.075041
206 516 2.143280
207 299 1.859148
207 316 6.006890
207 389 7.531851
208 383 11.839904
209 493 2.743417
209 500 4.345245
210 358 11.382099
210 444 12.707200
210 488 8.803153
210 746 17.047377
211 279 9.681222
211 771 2.392418
212 223 10.570912
212 299 4.076749
212 459 13.253287
212 508 2.159596
212 550 6.763150
213 757 14.417989
214 702 16.233582
215 463 4.644843
215 763 2.235651
218 369 15.954215
218 714 8.491119
220 703 17.166745
221 431 10.453686
222 342 15.725408
222 512 10.285981
222 681 9.918528
223 446 14.234178
223 460 18.060172
224 735 4.723693
225 546 5.499701
226 532 6.985583
227 424 12.857327
227 546 19.485692
227 646 5.077381
228 643 19.147989
228 680 5.679473
229 751 15.944892
231 529 15.528445
231 654 1.124005
233 612 4.959290
234 374 16.863742
234 581 10.273267
235 300 1.823408
235 477 2.155606
235 687 13.166835
236 763 9.714555
237 389 15.188503
237 487 1.286066
237 494 2.746250
237 600 3.743966
237 613 14.099753
237 616 2.653350
237 707 7.878528
238 310 8.107963
239 766 10.562481
239 768 4.278523
241 514 4.047152
241 670 12.304691
242 475 3.658477
242 726 10.215197
244 663 1.674201
244 747 12.474307
248 411 8.328967
249 270 1.028893
250 784 15.839383
251 256 4.547909
251 276 2.888785
251 327 15.971965
251 421 19.018786
251 479 7.561365
251 707 14.714027
251 745 12.888843
253 549 6.407272
255 466 1.250858
255 505 16.511501
256 324 11.950391
257 324 5.500645
258 336 10.776800
259 278 16.016602
259 283 17.864390
259 362 17.629554
259 674 7.080581
260 461 7.558204
260 602 3.371092
262 363 14.604644
263 435 19.868257
263 577 12.648210
264 515 9.035972
264 710 18.324203
264 798 5.188646
267 698 16.529908
268 339 14.963007
269 291 5.091680
269 556 2.662272
270 335 17.951374
270 505 8.392897
271 530 15.800459
271 588 14.566914
275 323 13.615018
278 522 15.111431
278 529 1.225507
278 660 9.934549
279 566 16.930396
280 715 5.089542
280 795 11.036125
281 496 8.687143
281 540 12.511412
283 684 2.177006
284 376 14.399307
284 425 9.983002
285 462 8.270621
286 629 7.074917
287 571 13.686882
288 617 4.750420
288 636 15.207429
289 341 11.562297
289 358 14.338457
290 309 1.267085
290 377 7.501944
290 415 11.245166
290 453 4.215616
290 538 17.266803
292 330 10.208092
295 598 14.069617
295 697 2.022985
296 516 18.916382
296 521 6.868632
296 705 9.253043
297 498 16.109892
297 531 4.033199
297 539 18.002501
297 740 15.369451
297 773 18.781735
298 367 6.245746
298 436 14.784846
298 592 16.313158
300 412 15.638716
300 543 2.368022
300 634 13.374622
300 685 19.142786
301 388 18.410899
301 427 3.866571
301 554 13.702406
301 671 5.630217
302 364 17.848703
303 544 9.768845
307 399 13.241132
307 742 6.464755
308 441 7.367066
308 534 5.581174
308 593 10.585628
308 784 12.144682
309 311 10.879141
309 367 13.115492
309 540 5.968968
309 670 11.331614
312 405 6.768117
312 489 18.794088
312 491 8.887988
312 794 9.568678
313 701 8.286265
313 734 16.042296
314 386 17.004973
314 403 7.411452
314 611 3.448712
314 701 8.577376
314 739 11.537886
315 423 18.433433
315 458 15.321231
316 352 16.386535
316 585 1.115155
316 641 15.990090
317 331 2.271334
317 753 16.735156
318 706 16.099804
319 353 2.291479
320 768 8.591330
324 366 4.138736
324 454 7.756570
324 742 14.281357
324 755 7.109420
325 376 9.295188
325 526 8.780457
325 679 17.421159
325 780 18.895516
326 375 7.384126
326 386 6.249858
327 391 5.180835
328 414 4.943517
330 799 15.423088
331 341 9.427322
331 356 10.850794
331 422 3.480153
333 468 19.995559
333 524 2.592285
333 679 15.041338
334 349 19.113038
334 482 1.359847
336 415 14.871199
338 471 10.062066
338 478 9.924563
338 499 5.945535
339 392 6.499634
339 439 15.505425
339 447 19.759480
339 561 4.778690
339 659 9.983197
339 792 3.786499
340 400 11.900841
344 626 9.196915
344 631 9.770639
348 568 19.659653
349 608 13.020009
349 621 12.658694
350 527 6.959740
352 762 14.949043
354 555 19.853484
354 569 3.488953
355 741 18.550032
356 607 9.489131
357 535 17.503929
358 584 7.646418
360 361 12.608289
360 416 3.684720
361 421 1.263469
361 433 5.538058
361 603 15.800192
364 648 14.109003
367 433 13.553555
367 486 13.892379
367 610 16.522121
367 641 7.343662
368 504 6.034451
374 651 11.022530
375 711 13.863184
376 550 5.507696
376 716 4.294436
377 538 17.803349
377 642 8.505812
379 497 8.236813
379 771 1.686207
380 767 4.203414
381 522 8.397540
381 690 6.443671
381 695 18.211474
382 411 9.308639
382 438 8.643572
384 471 5.632576
384 536 14.265322
384 578 6.380667
384 689 10.390983
387 761 1.735155
388 525 17.623739
388 570 15.097941
388 604 6.666235
388 667 7.718567
391 517 15.808722
393 558 9.201894
393 659 10.252366
394 490 11.081550
394 565 14.642620
400 589 14.588211
402 654 11.926182
405 445 10.947330
407 457 12.824703
408 517 14.050408
408 537 19.731595
410 758 1.709948
413 575 8.906320
413 727 11.443260
416 651 13.758452
417 649 4.984859
418 477 12.726150
418 677 18.908225
421 428 1.903181
421 686 16.879842
422 493 2.883031
422 677 3.979411
423 582 8.345244
425 478 3.690780
426 535 5.082951
427 501 16.127533
429 519 15.816264
430 630 19.979011
430 726 10.254484
430 787 14.925304
432 700 6.152682
433 601 4.601855
434 468 7.618564
435 770 2.407006
437 443 3.127890
438 737 6.331290
439 485 1.293662
441 523 11.418988
444 672 15.572964
444 765 9.475880
447 680 10.188937
447 691 3.415849
448 756 11.084511
449 559 3.389100
451 485 2.721928
451 665 10.582403
454 548 15.202109
457 458 10.456392
457 503 8.664246
457 744 1.258697
459 481 8.476360
461 650 12.969800
462 628 18.238001
464 561 6.215592
468 491 13.818319
468 619 13.988318
469 484 8.760574
469 702 3.885661
469 724 2.318390
470 575 1.389420
472 603 18.965004
473 627 2.584300
475 783 18.988754
475 790 17.807576
476 528 16.968821
478 640 6.460991
481 553 15.312407
482 508 15.368035
482 696 10.387265
483 750 7.314891
484 528 12.225240
484 614 19.164226
488 794 11.781243
492 494 15.380310
492 708 7.234167
496 602 6.052792
496 668 3.761312
498 733 14.977940
500 632 12.425026
501 788 18.814403
501 790 1.272636
502 645 15.376814
503 582 10.353021
507 572 5.570598
512 615 1.303443
521 557 17.079224
522 566 18.326339
522 661 7.398887
523 637 4.792486
527 599 10.396026
527 752 12.793955
527 786 8.684751
531 625 12.703347
531 694 14.023513
534 551 9.076672
540 720 14.568000
541 570 2.322552
542 694 4.267533
542 699 6.528802
543 557 11.065083
551 682 5.578159
551 685 19.176057
556 588 8.690703
556 622 7.978136
562 580 16.675123
562 743 10.184244
565 638 17.432771
569 749 9.955941
571 622 19.074282
574 664 4.677691
579 623 10.795559
579 662 17.982998
580 717 12.913512
583 734 7.210462
595 606 5.669373
597 719 9.225372
602 689 18.164453
606 755 5.711917
611 737 1.959108
613 652 1.260503
621 657 16.764334
621 658 2.209095
622 656 8.973757
622 673 5.486623
627 738 11.208403
631 650 8.748087
632 799 2.647654
638 774 11.865709
638 798 1.514289
642 736 17.982993
645 713 1.298300
647 718 15.362733
649 661 18.147676
655 683 9.531701
665 673 9.483282
665 740 1.613745
673 760 1.374004
678 786 15.984943
679 772 11.162181
681 695 13.830746
683 756 4.087433
692 722 1.935858
697 746 4.042349
704 760 1.254862
720 793 2.445351
726 776 15.662821
740 747 2.266218
755 759 1.505654
11.132096 19.439453 9.395960 23.276469 19.751767 8.206817 8.261587 22.391419 24.104087 15.042862 10.252026 13.046369 18.919027 15.997581 13.274239 5.987473 13.600577 5.282303 6.643695 17.645127 12.041434 22.651169 20.449893 8.331393 23.144391 11.912904 6.819996 23.238205 20.920346 13.529771 13.292938 19.862869 14.796272 15.879743 18.792075 15.200332 24.374110 5.903303 22.962283 24.958287 12.210283 11.921232 19.640201 17.359277 6.512275 15.853604 16.998240 23.513064 13.912026 10.910699 13.464129 17.905263 24.262776 23.508941 6.108209 21.375474 11.119199 14.485140 15.426643 21.535176 15.210118 23.424254 17.404122 7.263429 15.586106 24.925455 10.381787 16.284776 22.230356 8.401890 16.819251 22.782997 6.750166 23.727658 6.102826 10.897026 16.430850 19.488530 15.481649 7.021442 19.979427 20.605865 17.882336 13.073275 17.326395 10.993468 10.225516 13.976751 6.783835 7.739215 7.692960 21.825001 15.046838 17.138304 23.215135 19.986900 23.493658 18.594354 15.880131 18.165802 8.735382 19.973493 8.604995 21.042728 13.063108 20.200127 23.612662 12.816253 21.232644 20.171600 24.705528 17.730624 24.108366 15.136860 6.948035 22.064190 6.117854 22.948146 17.398528 14.989788 17.524618 23.221071 16.128539 9.954234 24.937392 6.238733 20.221874 21.794066 12.218164 20.971625 6.635817 17.718033 5.313843 22.983057 23.749849 12.116895 20.637491 24.959195 24.647017 10.673767 13.894984 5.542155 7.483186 19.393584 20.001110 12.361131 8.921893 18.933402 13.944008 14.850008 12.042804 21.494562 6.912733 17.471182 10.982838 9.293255 18.019270 23.492147 10.357545 19.343058 10.112660 11.116025 11.843818 17.687446 7.188900 12.694131 15.703292 24.960319 23.878111 5.407563 10.852263 21.285798 21.578142 10.678022 19.296934 24.096331 16.054376 5.246217 21.602966 17.839845 12.454278 9.122734 8.149115 23.875236 21.120253 21.402432 21.117380 19.298108 10.052862 22.441041 23.889215 9.589915 8.091136 15.329829 24.250707 21.884474 17.339236 23.225481 14.655439 22.044701 16.979318 11.213632 11.815484 21.482411 19.089348 19.462989 7.406724 19.924263 6.974708 14.540924 14.133090 18.133871 16.017741 8.865296 12.636324 21.538673 8.730953 24.551356 14.708114 15.174942 12.353505 11.837067 10.914022 15.875212 7.948177 23.900751 7.217302 22.519858 10.455859 13.971009 16.923689 21.651973 8.774880 13.966986 14.272858 6.471361 5.772302 14.400111 23.985904 16.567027 13.812997 22.807674 13.881948 22.929458 13.530947 6.925464 15.240695 22.622495 5.970138 22.241986 13.473778 17.106208 18.176339 22.883779 22.055459 14.847539 19.197146 6.854276 21.180377 6.934927 11.179355 8.495475 19.315297 16.822679 15.318906 18.948202 17.948599 11.575766 24.402820 22.509159 15.968773 19.617691 20.621905 10.614345 8.698506 14.622351 8.860138 6.968268 7.470036 11.141020 7.291686 6.605660 20.967100 5.162666 22.529568 20.152783 9.922837 24.103932 8.193482 6.775001 24.928575 23.831612 21.696936 13.343426 14.398751 11.395843 9.872314 9.927472 20.692454 7.654374 17.434602 10.620725 8.209713 19.082324 12.975329 17.406619 6.804979 20.816576 20.117192 13.184901 22.587293 24.595225 21.420283 10.919112 16.652953 7.310367 23.493822 10.509695 7.080846 17.407598 21.474918 5.878315 17.065380 16.409529 11.014006 24.420701 24.106151 7.455341 18.072267 19.531081 12.826240 11.834690 16.879352 18.157684 9.619811 9.142043 8.745396 17.612825 10.035449 7.165951 20.697798 17.244047 20.276624 18.161442 6.098021 17.694845 8.788525 23.267039 12.910738 19.663803 11.957442 17.387462 20.316228 13.679382 11.010869 21.154617 22.425293 23.238619 22.709414 21.213713 19.310255 23.379473 23.886782 9.392744 17.904890 18.792486 21.136394 24.005076 9.055148 8.544229 7.189330 9.284591 24.325955 18.855855 19.915526 15.627645 9.565286 7.277659 12.259850 17.595681 10.145726 22.550630 12.640176 19.308445 9.573345 22.833380 16.997906 9.074299 5.420294 11.429245 14.018238 22.249358 11.012472 23.933315 19.287987 18.458743 17.995783 13.448948 16.765563 15.767905 11.826989 24.756794 16.282118 10.794903 16.185330 18.675404 7.548943 20.218273 8.279194 12.844873 22.308328 13.605781 5.617824 11.814596 5.371569 24.408471 11.084263 22.301139 7.571448 14.634297 9.879344 7.221243 23.560389 19.046546 16.058737 7.137757 20.314842 22.410468 9.451411 11.702350 21.685680 8.341579 11.556766 6.384867 8.633050 23.724025 8.160851 21.410773 6.582762 19.741731 23.942582 7.719137 10.897663 14.686560 22.340868 12.239000 12.092101 19.511520 12.059551 7.591523 19.858335 13.405411 14.421050 10.846617 18.283047 10.205064 24.013821 24.444480 9.117849 17.221337 17.380670 15.463827 18.374086 8.974340 6.548955 11.968732 14.049700 8.634980 7.976702 21.638843 5.364069 11.109270 13.107069 10.002720 13.832366 14.069431 17.591906 11.731794 20.847487 14.136951 18.673967 13.541470 10.944344 10.335085 20.044920 17.420321 6.006997 14.194652 21.005600 16.819935 14.058594 17.101238 20.212669 19.431495 16.725870 20.779886 18.378814 19.402024 6.210503 24.616241 21.660855 17.698706 6.982706 8.276320 14.923440 17.564582 20.200786 15.093773 6.535281 12.112311 6.172395 7.650847 11.755490 16.601226 6.485312 16.444964 15.104648 6.174728 19.616754 8.507211 11.377700 18.116008 18.404170 20.281237 15.722123 22.080434 22.305449 17.634255 13.983616 21.263765 24.757362 23.397872 19.860037 5.855489 22.174183 17.516081 21.521813 12.405023 9.158099 11.126704 8.205259 18.537136 20.401125 17.451539 24.526291 20.452021 16.762634 21.453281 10.206562 22.756768 21.289224 19.769656 19.134415 13.531179 15.309260 22.802838 6.135649 16.390539 17.921500 13.495616 6.849119 10.862508 12.399842 24.155083 19.032744 20.808351 15.329737 19.063735 15.954678 11.903922 18.167805 12.220954 20.039963 20.252171 17.121272 8.175448 18.794422 18.664502 16.712514 20.045773 23.588752 19.309716 5.821934 16.553505 23.036887 16.693991 9.482953 19.996725 5.623902 11.450897 15.504056 11.619949 7.488630 21.384431 12.307217 19.193419 11.660960 20.878892 24.934432 6.185334 9.617791 23.548277 13.085295 7.128801 7.406381 21.947627 17.954681 15.438218 17.160884 6.963457 24.893546 7.794554 13.711419 15.525157 21.782196 11.615818 7.210957 9.015194 23.459154 6.564414 9.708965 21.013098 13.195105 6.254852 5.275515 14.073446 9.402380 17.583552 5.889302 16.107854 9.848190 21.372255 22.253753 7.240156 24.668694 17.571482 21.011611 23.671780 24.496437 23.469628 18.911458 24.276283 9.674030 6.089764 7.223549 18.693987 23.066981 24.341102 10.553250 20.160538 8.124477 22.387657 17.582943 14.420049 5.526646 18.543858 17.010219 16.765717 23.931992 16.608441 23.958254 23.515280 16.528783 20.470684 24.245643 8.630024 13.458775 14.047182 9.876695 13.338715 14.084263 23.134609 7.684827 12.209907 18.701679 8.053724 11.621505 9.110697 9.397909 8.871441 9.949387 7.559897 13.144420 15.937624 22.123188 21.204106 6.363093 23.763670 13.068638 23.060258 19.811206 7.494940 13.420648 5.884962 8.619967 23.601362 5.320868 9.863885 12.605394 10.447302 12.367555 10.624579 12.225409 6.089113 6.634142 24.442400 17.513803 18.336889 5.919402 10.170682 8.335953 18.440227 14.667135 18.399895 24.084854 21.648989 6.680207 10.384784 12.102046 18.230469 22.520895 9.438695 16.725586 11.016586 13.439364 12.746621 11.568303 6.786662 12.150949 10.612146 14.746354 8.648373 19.004894 13.237689 23.732151 9.902153 10.366245 12.809535 12.409272 6.097901 9.193868 16.230986 24.109713 20.582865 13.145312 5.293344 20.448718 7.704058 9.628584 23.875907 7.459623 17.938254 13.798841 16.778942 10.434081 14.459607 8.471379 23.020605 6.417121 6.515634 20.046627 16.000324 8.748383 12.615422 9.171821 19.287164 14.779744 6.959215 22.351747 15.414362 20.721340 22.721415 21.589497 23.564004 14.569393 9.883149 23.641187 24.500171 16.217895 21.278027 22.889934 15.639728 22.248195 23.096930 17.851939 16.042364 6.757947 23.561339 22.368843 11.924347 21.843126 20.637591 11.515406 14.995661 22.252578 19.688032 21.352998 15.130984 17.499151 8.607795
53
247
0 6 6.379303
0 8 2.420636
0 9 3.364450
0 13 1.983126
0 14 5.484566
0 18 5.615356
0 23 8.597357
0 25 9.367356
0 27 3.415260
0 29 1.401533
0 42 7.086008
0 45 4.975728
0 46 8.117196
1 5 8.409369
1 11 2.825012
1 14 4.639911
1 16 7.479798
1 24 5.615358
1 30 9.884029
1 33 3.596044
1 34 8.445466
1 35 4.187769
1 36 6.880977
1 47 8.859675
1 51 1.329234
2 5 7.133162
2 12 1.080022
2 18 5.973315
2 22 1.942740
2 38 6.108612
2 40 9.253001
2 43 2.112497
3 21 9.955717
3 22 8.280435
3 23 1.000615
3 31 1.254889
3 34 5.584583
4 10 3.691091
4 16 5.659749
4 17 3.818137
4 19 3.534266
4 22 3.596242
4 30 9.069838
4 37 8.983785
4 49 7.758564
5 8 3.163283
5 23 1.504520
5 24 5.905205
5 27 9.111866
5 31 9.649510
5 42 4.576822
5 43 3.205082
5 45 6.030769
5 46 8.003635
6 13 9.899569
6 27 8.207335
6 32 6.920809
6 48 3.878535
6 49 3.382459
6 50 9.951724
6 51 6.306942
7 12 7.133270
7 18 3.053439
7 20 3.923443
7 23 6.218380
7 31 8.014373
7 32 6.726416
7 37 3.740295
7 40 8.935262
7 46 6.219203
7 47 8.950722
8 10 8.226344
8 19 9.406615
8 21 9.999729
8 23 4.264634
8 27 1.709102
8 46 7.136488
8 52 1.523803
9 17 6.830549
9 27 9.840867
9 44 8.448586
10 12 7.131982
10 31 2.206553
10 35 5.886694
10 38 7.157686
10 47 6.540913
10 52 6.952586
11 12 8.693523
11 14 1.720207
11 17 4.584761
11 19 9.729166
11 22 5.771769
11 25 7.841779
11 28 5.901599
11 29 3.511719
11 31 6.232817
11 33 8.250792
11 35 5.968224
12 18 6.406805
12 28 1.776424
12 29 6.363479
12 33 9.012234
12 37 6.894992
12 42 3.882656
12 43 1.211813
13 14 7.851497
13 24 9.718611
13 25 6.365286
13 33 2.165569
13 34 9.883327
13 49 4.006140
13 51 4.973874
14 29 4.116068
14 35 7.772046
14 39 5.010939
14 52 6.467376
15 16 5.618314
15 23 6.103412
15 30 4.267359
15 31 9.210394
15 41 8.019535
15 46 6.402956
15 50 3.016608
16 20 5.951524
16 23 3.890063
16 29 2.468535
16 33 9.976645
16 34 5.903575
16 41 7.813496
16 42 6.357789
16 51 9.130756
17 29 4.963022
17 40 5.372601
17 42 3.822621
17 43 6.021422
17 45 7.881588
17 51 3.989873
18 28 3.904847
18 34 6.846636
18 37 7.247908
18 40 4.584986
18 42 1.494396
18 47 2.921318
18 48 7.052949
18 50 8.232466
18 51 9.773311
19 20 7.277474
19 22 6.495147
19 26 4.510611
19 32 7.240191
19 44 8.345440
20 26 7.906451
20 32 6.695952
20 34 5.559662
20 38 9.995927
20 39 4.868094
20 44 9.460416
20 48 2.088976
21 25 3.690760
21 27 5.025205
21 44 1.132612
22 23 4.914199
22 24 6.853391
22 32 9.593877
22 45 5.786078
22 48 1.846511
22 49 3.263638
22 50 6.640530
23 32 4.186399
23 36 5.515686
24 30 8.957517
24 35 6.622418
24 37 6.948873
24 38 1.100316
24 40 5.374315
24 42 2.716151
24 46 2.595354
25 38 9.899273
25 46 9.907629
26 31 3.583534
26 39 1.932335
26 42 1.318272
26 45 1.617234
26 52 1.053282
27 29 7.112554
27 32 3.218493
27 33 1.943911
27 37 3.353959
27 42 7.216032
27 47 9.906974
28 41 2.098670
28 52 1.644352
29 32 6.098153
29 38 9.684213
29 40 6.003188
30 31 5.519443
30 39 6.008432
30 41 8.548953
31 34 8.815145
31 36 4.685767
31 47 5.577038
32 33 6.046029
32 39 2.517927
32 44 4.342741
33 37 1.056025
33 39 2.256011
33 40 8.877821
33 46 4.386472
33 49 7.586268
34 36 1.450864
34 43 3.061369
34 46 2.092979
34 51 8.233527
34 52 5.489222
35 39 6.589374
35 47 8.229168
35 48 9.494069
35 49 2.112074
35 50 6.081397
36 43 6.488662
36 47 2.990149
36 52 4.049898
37 44 1.494964
37 49 7.325860
37 50 6.847021
38 39 8.879509
38 40 3.362469
38 43 1.113851
38 48 6.227576
39 49 5.205309
40 42 3.984425
40 48 3.648411
40 50 5.287367
41 43 4.503052
41 47 4.331156
41 50 6.819122
42 45 7.153185
42 46 7.567252
42 49 5.683394
42 51 5.171397
43 45 3.378849
43 46 7.260674
43 50 7.727944
43 52 4.252861
44 49 3.838685
46 49 3.337214
48 52 9.795526
262.144873 359.773483 306.872705 451.402778 296.587853 287.583635 302.827774 276.613450 514.925767 411.910509 434.829557 257.500071 228.898248 291.182865 379.429797 510.434334 417.443685 435.233887 371.370558 470.141897 481.345406 512.100306 459.716812 506.417712 311.618159 365.457358 498.334087 227.189010 468.310673 284.485728 258.261934 355.864641 442.474117 254.125156 329.158615 244.104950 338.376715 277.448584 404.646132 336.456420 330.662268 400.721276 226.105117 226.336733 477.176018 251.387980 415.882939 473.495269 325.964765 479.906531 482.518270 463.635571 479.511636
