800
1597
0 1 3.260054
0 2 1.711198
0 3 17.488376
0 4 7.769725
0 5 6.240499
0 7 18.960438
0 13 10.255686
0 14 14.915745
0 22 10.194728
0 24 8.354192
0 33 13.383507
0 36 13.429761
0 38 17.219534
0 39 13.537237
0 53 2.292767
0 81 13.718283
0 84 9.705728
0 100 6.143841
0 109 1.317679
0 119 10.617810
0 123 18.925208
0 125 6.579246
0 131 3.732505
0 164 2.688095
0 203 19.320933
0 249 17.093596
0 262 9.800374
0 283 9.180804
0 335 18.161933
0 366 9.720360
0 367 8.809882
0 369 8.858806
0 439 13.256799
0 462 13.287083
0 482 1.715148
0 509 4.678097
0 571 17.068679
0 630 17.000469
0 745 12.450773
0 774 1.918793
1 2 8.995088
1 5 6.788246
1 12 12.639050
1 25 3.488828
1 41 15.655839
1 89 9.325858
1 129 15.276980
1 185 13.157140
1 559 17.617621
1 634 18.874895
1 647 18.925814
1 686 13.448547
1 695 4.187636
2 3 5.740345
2 6 18.678250
2 10 3.189818
2 46 9.882500
2 72 13.153003
2 89 15.196087
2 90 19.555815
2 91 19.719188
2 117 1.816658
2 136 5.483442
2 163 14.447924
2 164 3.843687
2 174 14.184964
2 240 8.536686
2 261 12.234348
2 308 14.115031
2 323 10.501492
2 340 15.708332
2 364 12.354204
2 428 19.197425
2 472 2.439279
2 486 6.704097
2 513 6.234956
2 515 15.198906
2 534 13.306436
2 535 15.899417
2 546 2.838680
2 627 11.344208
2 693 11.933919
3 4 18.109367
3 8 11.042257
3 10 10.433705
3 17 18.213507
3 23 6.632781
3 29 16.283165
3 46 4.132100
3 54 19.677853
3 65 17.137958
3 87 13.113086
3 88 18.300770
3 109 6.039444
3 125 11.728916
3 130 5.578047
3 189 12.615415
3 191 14.620268
3 269 16.927509
3 282 9.119801
3 286 12.374747
3 387 1.780232
3 483 4.523664
3 601 13.182810
3 690 15.575710
4 6 10.609993
4 7 15.562769
4 9 2.801376
4 28 8.046997
4 47 4.476767
4 57 10.484079
4 83 10.417373
4 88 17.661166
4 90 7.528725
4 94 8.421987
4 107 19.969503
4 120 18.816098
4 146 15.561506
4 182 3.186454
4 186 2.273745
4 208 13.597176
4 215 15.426386
4 228 15.620008
4 265 12.398598
4 279 19.840876
4 321 8.811738
4 579 9.090998
4 729 8.288147
4 763 10.168086
4 791 19.569298
5 8 10.979963
5 12 9.501479
5 13 13.774928
5 16 19.216893
5 17 18.744131
5 38 18.809210
5 58 19.954048
5 85 17.554169
5 126 14.298143
5 127 18.477360
5 133 15.606173
5 217 15.205089
5 274 4.227861
5 313 14.232931
5 352 2.462760
5 500 9.465863
5 504 5.047490
5 551 5.189598
5 630 12.885174
5 685 7.457244
5 699 14.359655
5 714 15.373635
5 756 13.571133
6 9 3.760614
6 11 5.581145
6 20 1.005595
6 29 14.451454
6 31 7.402568
6 36 1.476511
6 96 16.785237
6 101 8.802015
6 121 11.523658
6 122 1.616232
6 151 6.604510
6 288 4.930221
6 297 19.678267
6 324 7.018221
6 325 12.822789
6 365 13.523468
6 479 1.799832
6 592 6.578783
6 662 10.474337
6 665 15.208224
6 779 8.142877
7 25 17.611787
7 45 9.344235
7 54 16.653695
7 60 11.671976
7 82 3.915341
7 115 1.145240
7 176 10.075028
7 185 16.766832
7 214 2.090218
7 274 10.460541
7 313 10.017978
7 406 8.792088
7 566 10.651987
7 600 17.994125
7 624 16.222675
7 734 3.331788
7 786 18.843554
8 15 13.263006
8 79 9.611108
8 93 12.681871
8 99 4.284397
8 187 18.141353
8 272 18.184927
8 320 14.333673
8 547 17.845126
8 550 16.578414
8 592 17.209776
8 691 12.258908
9 11 16.340443
9 14 16.997871
9 16 10.905166
9 26 6.799844
9 33 2.413514
9 35 19.311120
9 48 17.900794
9 64 16.116860
9 74 19.386869
9 113 7.107300
9 207 12.290361
9 210 11.725343
9 223 2.730966
9 231 1.752643
9 295 11.848801
9 349 5.858506
9 425 12.610901
9 499 15.769502
9 623 5.537189
9 671 2.072165
9 746 3.484691
9 799 3.445288
10 19 16.416643
10 20 7.240209
10 30 7.772187
10 31 19.806305
10 41 14.957256
10 154 11.811339
10 187 15.154359
10 424 13.975064
10 487 3.901795
10 504 7.258488
10 527 16.819539
10 533 17.244928
10 555 14.027007
10 594 12.366724
10 656 16.277089
10 710 10.211663
11 23 17.263305
11 27 15.575466
11 28 18.583887
11 42 10.961989
11 50 7.166588
11 100 2.060040
11 104 14.641871
11 258 8.782334
11 306 3.767995
11 316 19.130875
11 341 9.948700
11 408 12.348224
11 413 3.012687
11 489 11.261864
11 555 10.449877
11 594 15.494074
11 702 12.990996
11 799 5.325060
12 37 12.277340
12 87 11.449547
12 97 15.152862
12 664 7.719866
13 15 1.809529
13 80 7.355150
13 117 10.040625
13 615 6.532846
14 45 16.424116
14 51 4.391098
14 80 18.853535
14 102 15.375262
14 131 10.594772
14 134 6.493399
14 201 11.098398
14 222 13.977348
14 305 17.090976
14 324 1.877214
14 440 4.244814
14 493 19.430125
14 678 14.778925
14 709 3.136231
14 785 16.513080
15 18 16.150295
15 19 17.401028
15 49 4.521625
15 112 10.068119
15 155 8.835180
15 275 15.577073
15 285 18.745862
15 293 7.864831
15 304 7.928430
15 389 2.490685
15 554 2.361306
15 583 19.359824
15 639 17.378466
15 683 4.264808
16 21 14.041473
16 27 3.335189
16 37 11.421736
16 128 18.670474
16 152 16.140057
16 169 17.814182
16 205 18.477341
16 206 13.005638
16 385 11.739228
16 462 1.376581
16 552 3.972148
16 703 18.926134
17 18 7.456536
17 40 13.948878
17 56 9.060901
17 58 17.661494
17 61 12.705770
17 69 5.324216
17 111 10.659183
17 136 15.627905
17 144 2.615194
17 232 17.137204
17 338 7.413736
17 405 14.009950
17 461 13.728088
17 684 13.190792
17 791 17.218695
17 796 7.218867
18 24 1.646643
18 75 16.894577
18 85 3.637582
18 96 9.608981
18 151 6.791345
18 181 13.386843
18 227 3.915200
18 257 4.666549
18 327 2.049820
18 336 19.979753
18 443 1.060875
18 569 6.644558
18 731 11.217251
18 798 9.209713
19 21 18.801002
19 30 3.890694
19 34 18.998054
19 52 14.081516
19 93 19.109743
19 102 12.287304
19 407 14.576549
19 475 6.165313
19 599 10.403235
19 688 5.648860
20 22 9.548174
20 44 19.041894
20 338 15.882954
20 372 15.454304
20 386 1.194727
20 545 7.802971
20 726 4.379632
20 773 10.008100
21 86 5.477095
21 115 7.443308
21 171 10.478247
21 200 4.238382
21 463 3.047947
21 654 17.209142
22 40 11.521131
22 43 4.256696
22 62 14.376870
22 72 16.178881
22 127 5.860834
22 138 5.577228
22 204 14.362026
22 211 5.731819
22 270 16.195303
22 533 10.473033
22 593 19.734924
22 626 6.671810
23 26 11.445316
23 47 7.611496
23 48 17.952460
23 63 19.066940
23 84 1.313636
23 97 7.092583
23 98 6.463312
23 111 15.545797
23 122 18.968835
23 124 13.539887
23 180 8.950355
23 199 2.553803
23 215 19.979851
23 294 8.392685
23 315 16.891522
23 389 8.734418
23 441 7.734090
23 444 19.480962
23 451 14.715465
23 671 12.255837
23 753 13.318577
24 70 18.249656
24 81 19.397964
24 176 16.531575
24 259 6.523857
25 130 17.840899
25 405 13.017179
25 490 4.985764
25 771 3.112706
26 49 13.019030
26 311 10.744712
26 484 1.368827
27 68 19.589787
27 77 3.322218
27 107 2.873098
27 449 14.663044
27 761 16.011804
28 39 2.815316
28 66 10.354354
28 68 14.684459
28 76 12.883167
28 101 12.467915
28 129 2.825513
28 153 17.169456
28 167 15.647461
28 181 19.561659
28 221 7.565321
28 264 14.003336
28 371 17.253781
28 409 12.982595
28 487 18.285274
28 508 9.384631
28 646 4.562916
28 659 4.827268
28 674 2.272748
28 724 10.585686
28 768 13.867627
29 32 10.872332
29 35 16.788172
29 44 5.974327
29 150 13.991251
29 153 14.036381
29 163 2.404324
29 188 5.192094
29 232 19.939726
29 234 12.075756
29 265 14.302667
29 300 5.389713
29 381 13.174539
29 461 12.769574
29 561 14.508756
29 564 18.758735
29 567 5.638068
29 659 17.973714
29 710 5.136732
30 32 19.591292
30 34 19.455164
30 55 14.949122
30 67 8.439938
30 135 14.789714
30 179 18.871110
30 188 17.098355
30 266 6.261878
30 468 7.549060
30 540 2.230574
30 644 13.912661
30 700 17.331650
31 62 3.592907
31 67 13.135085
31 128 7.602159
31 156 1.161663
31 159 18.250818
31 202 10.958433
31 225 10.788748
31 361 14.739319
31 433 12.942494
31 766 7.059194
32 42 7.189076
32 137 4.718463
32 270 14.509279
32 329 12.039502
32 409 8.955684
32 690 15.038648
33 143 13.007068
33 197 4.373110
33 230 7.358795
33 320 11.678269
33 415 7.283991
34 95 9.655530
34 105 19.207353
34 106 3.148779
34 145 3.837456
34 278 16.928276
34 315 7.212429
34 354 5.440328
34 438 16.453249
34 775 10.943564
35 82 1.308425
35 132 4.657718
35 233 4.325041
36 43 15.136533
36 92 17.867793
36 192 7.076267
36 200 2.184118
36 280 16.446552
36 302 2.848198
36 307 1.386688
36 340 6.866778
36 345 15.842042
36 390 4.211342
36 419 4.008764
36 491 13.831778
36 601 13.108468
36 728 4.401443
36 758 17.383057
37 76 2.171751
37 113 17.968291
37 162 11.094116
37 254 7.466202
37 257 9.414075
37 550 16.000593
38 73 12.143904
38 144 12.371851
38 152 12.140782
38 175 3.574224
38 290 5.647290
38 330 11.676818
38 347 8.187624
38 386 2.573857
38 575 17.258395
39 56 11.660600
39 66 3.249838
39 78 9.481970
39 86 13.173683
39 170 1.529377
39 194 12.866131
39 214 4.106807
39 239 2.587333
39 243 3.351362
39 319 10.312334
39 337 11.161868
39 360 13.333238
39 422 3.778351
39 440 16.321791
39 471 5.121867
39 484 8.738907
39 643 16.045383
39 716 19.773254
39 765 6.084192
40 140 4.527230
41 299 7.047189
42 52 5.926846
42 63 1.425326
42 78 16.936995
42 105 9.915760
42 112 5.362715
42 133 16.039721
42 182 2.669183
42 273 17.251028
42 307 16.483730
42 395 15.309791
42 475 3.322309
42 612 13.418412
43 441 18.619848
44 180 5.904260
44 266 13.242587
44 273 13.877831
45 57 1.852968
45 150 8.342889
45 172 7.045359
45 211 12.713428
45 219 16.876274
45 241 7.146853
45 650 11.216126
46 50 10.250808
46 149 1.372734
46 177 14.911499
46 193 1.190233
46 198 19.378009
47 51 15.337052
47 148 3.426795
47 302 2.181397
47 334 9.341353
47 384 6.981463
47 434 2.589093
48 370 19.853477
48 453 13.414836
49 59 7.490932
49 118 3.587102
49 226 7.200890
49 296 11.090736
49 332 14.666683
49 514 3.541316
50 53 17.013908
50 59 15.289412
50 61 17.719867
51 258 17.703394
51 704 11.315302
52 79 18.829483
52 92 14.844175
52 655 13.069644
53 55 15.492763
53 69 17.958601
53 77 1.634608
53 99 8.925007
53 172 11.992344
53 252 6.403288
53 303 19.109129
53 457 9.220213
53 775 6.817232
54 70 8.833475
54 108 10.333771
54 135 8.271763
54 243 14.106177
54 379 10.757285
54 574 19.502398
54 766 10.174557
54 792 14.390409
55 60 17.335677
55 98 13.405833
55 160 5.324399
55 184 12.398241
55 289 11.813817
55 416 7.668960
55 596 18.107793
55 732 10.317192
56 74 14.237431
56 157 3.577577
56 173 18.386856
56 174 10.713143
56 212 2.263726
56 221 9.195867
56 244 17.556686
56 271 16.037809
56 423 10.835222
56 426 17.172351
56 439 17.220241
56 460 10.405392
56 494 13.338462
56 545 12.254431
56 577 3.847773
56 616 7.501539
57 191 1.449259
58 195 5.280688
58 207 17.310363
58 299 14.206014
58 467 11.404389
58 638 8.374368
59 64 3.340993
59 73 10.495566
59 137 15.906737
59 193 6.103306
59 203 18.160226
59 224 17.907944
59 277 9.092450
59 648 2.632224
59 755 4.423353
59 793 18.985333
60 65 17.387008
60 71 7.834599
60 134 6.758840
60 159 19.953218
60 287 19.427940
60 348 13.068383
60 357 4.174222
60 427 3.282990
60 486 1.803628
60 645 19.480812
60 696 8.631850
60 705 1.837253
61 165 4.075035
61 306 3.517704
61 362 7.113745
62 103 5.543829
62 110 12.221504
62 310 13.086160
62 432 5.992438
62 448 10.539086
62 607 14.458409
63 114 14.032270
63 175 15.848383
63 471 8.008489
63 510 2.819796
63 682 6.607526
63 782 17.581371
64 179 6.814917
64 318 17.851848
64 391 11.179147
65 83 5.041052
65 94 4.187493
65 305 16.309609
65 522 18.233431
65 650 11.039153
65 783 2.370171
66 106 11.154472
66 201 2.309535
66 229 1.447358
67 71 17.361404
67 119 15.116660
67 178 5.540550
67 322 12.973768
67 353 15.711907
67 643 10.203939
67 681 7.969950
67 689 1.345355
67 719 12.387070
68 75 19.684524
68 138 6.421101
68 256 16.611966
68 328 11.639198
68 452 1.599658
68 491 12.383278
68 649 11.507336
68 760 11.983521
68 796 12.833596
69 212 7.972446
69 657 13.027798
71 619 14.115871
73 240 13.652495
73 242 18.485587
73 280 16.695093
73 359 11.542398
74 183 9.108099
74 213 18.536506
74 247 8.897310
74 337 8.578300
74 608 18.600013
75 108 12.731805
75 110 14.481317
75 121 16.538292
75 132 8.467055
75 275 7.790012
76 104 5.485955
76 116 16.399385
76 124 17.713768
76 246 19.181085
76 341 18.557564
76 421 11.586731
76 503 12.342461
76 604 18.232849
76 635 19.003175
77 189 15.750075
77 195 2.022396
77 318 9.432367
77 477 9.850097
77 749 3.705114
78 95 11.234299
78 177 8.692655
78 346 11.979318
78 396 16.251021
78 411 2.380689
79 194 15.850921
79 346 2.989296
79 422 9.393060
79 512 2.676259
79 633 13.354763
79 661 9.196284
79 666 2.157428
80 373 3.018474
80 382 2.064578
80 383 14.117888
80 430 9.582548
82 325 3.748362
82 658 1.657349
82 785 11.392368
83 378 3.466586
84 262 1.318633
84 263 1.799275
84 406 12.818747
84 437 12.039534
84 447 17.536347
84 666 16.048548
85 149 5.366761
85 161 19.052162
85 226 6.730413
86 91 3.139025
86 357 7.776404
86 376 18.662138
86 410 5.865342
87 223 7.508327
87 260 12.365742
87 618 18.501235
88 234 11.650504
89 255 14.301342
90 126 3.192490
90 455 3.455641
90 780 8.570895
92 114 14.052863
92 147 1.375360
92 167 19.643230
92 178 15.506781
92 235 7.630319
92 249 15.719318
92 277 5.753021
92 283 7.623583
92 348 6.976906
92 379 4.119740
92 595 19.143909
92 654 2.571946
92 687 13.705890
92 689 2.048110
94 459 11.638249
94 564 1.408317
94 636 4.818811
95 147 8.028557
95 400 7.140270
95 539 12.933590
96 116 7.486893
96 145 12.073417
96 158 14.329207
96 190 15.259506
96 209 11.395995
96 268 18.251572
96 271 4.468014
96 331 2.739662
96 430 16.989592
96 584 6.313856
97 298 14.497777
97 570 3.010228
97 675 9.715642
97 704 18.583167
98 142 9.771307
98 294 13.467181
99 298 15.951384
100 168 3.429722
100 388 17.180432
101 103 3.243759
101 123 18.892257
101 199 3.841763
101 394 13.326706
101 637 16.279335
101 760 14.346550
102 148 7.261691
102 206 7.356631
102 217 5.659237
102 368 10.985556
102 580 11.368029
102 661 19.302715
104 139 8.272960
104 140 10.385797
104 329 17.282663
104 479 10.971799
105 118 18.594503
105 142 18.665306
105 162 16.218865
105 168 17.677933
105 170 12.041768
105 186 3.740296
105 219 8.563253
105 264 2.803190
105 375 6.368437
106 497 15.283980
106 521 17.191627
108 120 4.882602
108 225 9.683654
108 528 7.802033
108 532 19.497114
108 547 11.434745
108 709 4.135347
109 349 16.781717
110 146 3.530015
110 183 10.534217
110 236 4.387803
110 260 1.180824
110 292 13.045841
110 443 2.290167
110 597 8.804078
110 629 19.735023
110 681 9.236175
111 639 13.564539
112 157 15.117078
113 161 4.181019
113 381 13.871239
113 617 2.914566
113 657 14.755219
113 695 12.695776
114 192 11.071418
114 442 4.617243
114 505 15.795560
115 158 1.961434
115 213 4.073118
115 511 18.262586
115 744 6.874024
116 431 10.129330
117 575 2.665160
119 435 11.332713
119 529 10.298842
120 238 18.662902
120 412 7.492802
121 202 7.451784
122 786 14.942261
123 141 14.472817
123 204 1.457035
123 322 18.197443
123 599 4.121157
124 328 14.465449
124 431 2.735767
124 512 14.620284
127 282 18.119839
127 632 10.211879
128 139 19.420537
128 466 7.775830
129 239 18.767869
129 284 4.221465
129 384 13.593647
129 453 17.877994
130 336 9.951410
131 244 8.936312
131 518 15.173644
132 770 11.631712
133 528 17.405075
134 224 10.583440
135 368 19.177964
135 496 12.874405
135 565 11.701053
136 141 5.745643
136 160 13.605774
136 360 17.087557
136 364 3.277410
137 553 5.286352
137 563 7.912573
138 143 9.930051
138 292 2.944160
138 535 16.238321
138 576 10.266767
138 771 14.219712
139 166 13.682561
139 190 15.464077
139 196 15.993993
139 256 13.549781
139 398 7.310716
139 756 2.409936
139 788 7.258722
140 725 19.384298
140 790 12.790504
141 166 8.767735
141 205 8.473488
141 220 3.816323
141 250 4.330966
141 287 8.635045
141 304 6.191727
141 310 17.495965
141 501 19.725409
141 598 14.353392
141 668 3.999418
141 670 18.977433
142 218 14.005923
142 247 16.233592
142 330 12.418742
142 343 7.003031
142 698 8.251960
143 245 2.371936
143 276 5.681164
143 293 3.193208
143 392 19.718321
143 507 12.726745
143 683 8.219015
146 216 18.809907
147 269 7.290198
147 473 15.582248
147 647 15.379801
147 777 6.029536
148 297 8.876858
148 521 7.390099
149 156 10.701738
149 417 3.131648
149 529 9.370506
150 196 19.037810
150 242 15.745862
150 510 15.220638
150 557 2.254738
151 154 8.001838
151 238 1.213371
153 645 9.642786
154 155 12.934710
155 229 13.678022
155 374 2.265365
155 427 8.682706
156 407 14.296651
156 667 5.580594
157 218 8.481639
157 253 16.473166
157 312 13.380055
157 527 17.475257
157 668 16.377014
158 342 12.564708
160 165 7.439486
160 171 18.411489
160 197 4.393021
160 237 5.911309
160 444 13.613246
161 169 19.209983
161 781 3.406471
162 245 9.531363
162 291 16.240980
162 309 12.714781
162 311 11.402870
162 673 2.123871
163 445 17.551286
163 536 9.501647
164 228 13.791401
165 418 19.247032
165 420 19.672886
166 316 5.965701
166 382 6.397436
166 519 6.677129
166 653 4.229860
167 222 10.178083
167 331 16.256134
167 537 2.818868
167 589 17.525582
168 284 4.835094
169 173 5.776432
169 552 9.249294
170 286 4.583401
170 404 15.283804
170 581 16.497302
170 672 13.877458
171 198 2.599556
171 209 11.139804
171 281 19.163727
171 424 10.268829
171 776 18.378647
172 435 4.618928
172 476 8.174507
172 518 12.893313
172 525 13.411288
172 624 15.603195
173 428 12.648738
173 498 8.638542
174 184 6.953050
174 253 17.798340
174 290 15.034674
174 502 6.579019
175 469 15.032950
175 473 12.181985
175 625 9.680726
175 768 9.178300
177 395 19.880579
177 584 12.638782
177 609 15.956888
179 237 18.478831
179 764 13.654351
180 289 8.487844
180 524 5.956017
180 554 19.295115
180 580 11.413037
180 741 8.932903
181 210 17.561499
181 600 12.841951
181 677 1.224063
184 261 12.399675
184 276 10.937809
184 519 19.768818
184 603 13.999014
184 789 9.408669
185 230 18.334118
185 626 10.276434
187 267 13.388649
187 715 1.865013
189 553 14.087308
190 458 8.069759
191 664 8.915229
192 423 16.734406
192 458 2.264070
192 583 3.177647
192 705 4.667174
192 762 15.817693
193 544 3.455516
194 252 10.301350
194 629 3.495210
195 227 3.471653
195 231 3.150936
195 246 17.855108
195 291 12.276856
195 383 8.680298
195 478 11.909176
195 613 16.791905
195 715 12.026536
195 773 4.202867
197 236 16.386241
197 421 16.356172
198 390 16.891974
199 233 4.918541
199 375 9.368317
199 530 3.029742
199 578 8.944302
200 241 16.574075
200 447 10.693768
201 582 17.630309
201 655 15.389308
202 278 5.324648
202 355 11.705662
202 454 12.104683
203 208 12.492601
203 254 9.932685
203 413 15.987032
203 451 4.401878
204 301 5.272170
204 387 17.386656
204 414 18.595870
204 733 9.721132
204 744 14.559184
205 496 19.569732
205 572 4.423731
206 216 2.646812
207 606 12.488645
208 358 12.668896
208 403 18.894806
209 279 14.127782
209 288 15.859076
209 326 9.016729
209 372 13.109515
209 414 6.709036
209 568 18.669934
209 642 19.780897
209 669 18.970724
209 703 3.430202
209 716 17.882590
209 740 19.466196
210 263 7.041556
210 314 19.817647
210 362 10.426349
210 396 2.035856
210 400 19.307898
210 448 12.970638
210 495 7.752887
210 520 7.974407
210 665 9.200139
210 727 17.567587
211 495 3.489449
211 717 9.692382
212 363 18.681482
212 464 14.468083
213 374 17.559277
213 697 6.738015
214 356 7.495436
214 481 8.084268
214 531 16.569659
215 248 17.999831
215 251 12.984273
215 656 9.749379
215 700 14.681356
216 220 6.939804
216 235 12.196660
216 679 8.003076
218 308 7.910768
218 433 8.563070
218 653 15.965969
220 755 14.310496
223 332 5.517490
223 470 2.788986
223 572 10.502272
223 677 17.222497
224 250 3.124600
224 365 16.761067
224 646 2.421634
225 417 10.293549
225 797 8.110944
226 511 6.258917
226 620 8.062078
227 438 9.749501
227 493 1.861833
228 323 16.198202
228 500 7.459469
228 508 8.716923
230 281 16.672272
230 385 15.813040
230 621 13.156295
230 633 4.917299
231 255 19.748864
232 251 7.430264
233 314 13.946512
234 267 4.982131
234 388 10.931329
234 482 12.727048
234 776 5.102435
235 356 8.733368
237 503 5.150857
237 541 18.350111
238 557 9.809463
241 272 1.438541
241 303 5.859861
241 326 13.286682
243 248 11.216698
243 556 15.605870
244 663 15.327198
245 452 3.913561
246 467 18.138225
246 489 6.102527
246 579 7.342363
246 767 2.143924
248 259 15.456102
248 317 19.965819
248 429 8.096425
248 596 14.484021
250 367 13.119107
250 376 16.344481
254 399 1.458083
254 568 1.361789
255 401 14.230331
255 757 13.942555
256 523 16.871046
256 597 11.712137
258 442 7.669070
259 333 17.863191
259 625 9.874541
262 342 18.730394
262 343 10.600614
262 380 6.607113
262 410 9.281148
262 456 14.309463
262 560 17.566820
262 660 14.824510
262 772 12.923305
262 793 11.759989
262 795 10.118686
263 268 7.891978
263 295 13.537178
263 296 19.118736
263 321 7.781456
263 485 13.411093
263 736 9.237372
264 333 4.029442
264 476 8.121517
266 752 11.396468
267 350 19.041719
268 285 11.632046
268 464 16.045525
268 514 19.172958
268 663 8.332914
268 713 13.209826
270 312 19.692694
270 351 13.160826
271 392 3.085400
274 549 16.523916
274 565 6.959358
275 465 1.158791
275 541 9.498055
276 478 7.616242
276 485 2.478205
276 627 18.643719
277 347 13.932373
277 513 6.692815
277 567 4.240787
278 339 5.521036
278 393 19.073697
279 361 7.999104
279 611 2.977189
279 741 17.221185
280 300 8.504030
280 377 7.082616
280 401 15.725404
280 526 11.405204
281 359 10.555770
281 515 14.268742
282 397 9.090941
282 425 8.408431
282 573 15.492793
282 631 14.362633
284 363 11.266946
284 727 15.642412
284 748 7.747735
285 335 2.316354
285 408 6.958322
285 558 5.654036
286 344 2.638846
286 380 9.838877
286 587 9.940724
287 377 4.844830
288 327 7.976786
288 397 2.926459
288 399 3.954398
288 548 13.829091
288 598 16.919520
288 658 14.452072
289 309 13.051694
289 352 16.207083
289 459 10.513635
289 556 18.038535
291 698 17.337370
293 353 16.019953
295 398 15.977988
296 449 5.269248
296 747 19.870907
297 334 3.972897
297 679 18.612599
298 602 2.467425
299 317 8.808374
300 301 12.893309
300 742 6.517972
300 759 9.264900
301 551 18.904516
303 394 19.460171
303 429 12.368522
303 672 4.958928
304 344 13.904073
304 350 17.559327
304 355 6.949058
304 468 14.284212
304 670 8.056970
304 714 4.951417
305 465 12.317971
305 542 2.941026
306 418 16.541954
309 470 13.576708
309 501 4.491012
309 544 7.936832
310 339 15.328410
310 371 10.540991
310 391 4.266933
310 613 17.330312
312 561 8.456356
313 373 4.363248
313 480 18.452117
313 582 6.141487
314 319 10.789554
314 605 5.028843
314 781 11.514765
315 402 9.925669
315 488 14.134413
316 750 9.522935
317 571 10.572817
318 747 8.674392
320 466 6.426120
321 492 3.657079
321 676 19.240941
321 730 4.067222
322 403 2.327875
322 634 12.995711
322 720 18.335063
323 678 14.310915
323 718 19.689328
324 590 13.371800
325 680 7.963818
325 734 2.163633
325 788 12.213896
328 762 19.878110
329 345 16.914282
329 432 2.041131
329 445 2.406162
329 457 14.278030
329 591 15.882598
329 686 17.849727
330 437 8.332096
330 569 9.471799
330 608 14.364728
331 570 6.557956
333 378 14.667274
333 581 4.040981
334 416 17.029942
334 474 8.097959
335 369 10.110709
335 586 11.653073
335 797 6.245799
337 351 10.904053
338 354 16.380927
338 798 14.342042
339 691 13.505217
339 707 14.063248
340 606 8.375754
342 358 2.380192
342 497 13.319432
346 605 8.924804
347 745 15.810419
349 370 14.906195
349 456 13.963243
350 706 11.163203
351 718 13.134511
352 516 14.619035
352 593 10.936618
353 450 5.925584
353 532 12.429540
353 632 8.920475
354 393 11.794645
354 404 9.813256
354 539 11.781146
354 607 4.418179
354 628 12.610211
354 761 4.727479
356 460 16.943657
358 411 18.241716
358 494 8.094439
359 420 4.647514
362 469 3.549081
363 366 10.871195
367 587 13.544140
367 684 5.687403
368 707 2.985663
369 402 7.886905
369 490 4.112271
371 483 12.552039
372 480 16.007039
372 498 14.244158
373 446 2.885428
373 492 15.196976
374 651 10.844401
374 731 13.060458
374 765 1.169607
376 506 6.219452
376 546 10.902001
377 660 14.342616
378 680 5.495507
379 415 14.231103
379 548 15.764948
379 602 13.203165
379 738 6.020046
381 543 14.827219
383 739 1.560140
384 559 3.846744
385 694 14.025920
387 540 19.059830
387 682 15.775746
387 736 5.631792
388 434 2.038186
388 588 15.815347
388 604 11.807391
388 759 9.973514
388 782 5.179497
390 436 18.236286
391 642 19.545283
391 743 6.867681
393 436 19.100427
396 446 17.880509
397 735 3.247146
397 794 18.005363
398 713 6.001818
399 472 9.851614
400 522 18.471840
400 651 13.069070
402 563 9.760289
402 685 13.770101
403 537 1.323420
404 419 16.514728
404 614 8.061571
404 767 18.777177
405 463 13.333321
405 526 9.892664
405 619 10.637126
405 673 18.023689
406 454 3.622939
406 516 12.626481
407 586 8.687680
407 636 13.107748
410 412 11.736796
410 455 4.766625
411 769 13.502587
414 426 1.574424
414 531 13.668945
415 507 17.325236
415 560 17.282025
415 589 4.553849
415 770 19.067923
418 450 2.720606
418 517 17.510195
418 591 2.482737
418 640 10.001815
418 717 8.433971
422 644 5.278263
426 477 9.559332
426 726 13.258337
426 737 6.443397
429 712 11.150925
435 499 9.074415
435 562 19.153500
435 772 6.507462
436 603 7.587384
436 774 9.229624
438 474 15.053349
438 753 17.403280
439 481 13.541659
439 697 1.384892
441 638 7.726267
442 595 6.300702
445 524 6.546005
445 649 1.735029
447 610 1.336708
448 590 2.865334
450 566 6.320271
450 576 1.268962
451 517 10.455020
451 635 7.546770
457 505 3.066618
460 534 7.678437
460 746 6.438385
462 506 1.586152
462 523 10.275380
464 536 16.357275
464 675 12.605504
464 692 19.738417
466 702 9.333554
467 502 9.093172
468 578 19.571504
469 588 18.917864
470 694 13.722329
470 777 15.440129
471 763 2.547120
472 530 17.371444
472 751 18.726897
475 795 5.121792
478 488 3.573156
480 754 19.286226
484 542 19.004394
488 520 15.859307
488 538 5.809152
491 719 13.565099
492 708 9.248046
494 509 10.978539
494 549 4.931168
500 538 12.750268
503 764 16.084359
508 628 17.260468
509 751 1.796125
510 585 6.845656
513 676 8.568737
516 525 14.403318
516 543 2.650834
517 585 2.773663
519 617 18.009939
526 622 12.133669
526 739 19.026192
531 574 18.055634
531 662 8.674460
532 631 4.079387
532 758 15.460902
534 622 19.147321
538 687 16.865072
541 610 1.699724
544 721 4.815155
546 562 16.997665
546 669 4.775072
548 558 12.315800
550 699 13.114045
550 742 19.514814
551 641 16.928170
551 730 18.955877
553 615 8.100708
554 618 10.526096
557 573 13.707229
558 609 15.048950
558 640 3.975777
562 693 1.684429
566 577 13.302100
567 711 7.061602
567 794 1.031928
569 722 3.931941
569 789 5.414567
573 614 6.532168
580 621 13.216174
580 696 9.111366
580 720 12.967102
583 667 14.865016
587 611 13.243732
588 769 17.322814
589 620 3.654233
591 711 11.627402
593 652 15.300310
599 787 17.753034
601 612 14.537187
603 623 17.739489
604 778 5.509731
608 701 10.970678
608 706 10.312612
609 783 3.771570
610 648 3.470175
611 616 14.593289
613 641 13.828286
615 723 17.282336
617 784 18.117107
618 692 12.415249
620 740 10.343198
625 652 6.411833
625 674 12.592499
633 712 3.793279
634 637 17.144724
634 729 1.733078
636 688 10.308756
640 725 11.275593
641 790 14.670562
653 754 9.306597
654 752 18.852549
656 728 3.556966
659 724 4.982960
661 750 10.279713
662 738 1.496454
662 743 2.449948
663 784 8.655506
665 757 17.613598
676 749 11.280265
679 733 5.732960
685 778 8.276899
686 708 11.540168
697 722 19.312559
700 701 9.764645
703 748 19.140992
704 721 8.123671
706 732 13.114264
713 780 1.748138
713 792 13.781870
719 723 12.060638
720 779 19.968943
722 787 6.999925
723 735 17.849321
723 737 6.967162
20.206593 9.523595 7.771830 21.994423 11.128484 23.020999 13.130766 21.011505 12.948849 17.814205 14.717047 19.859696 24.994240 7.812073 8.977790 11.831457 12.335784 24.433658 18.928423 23.724203 8.635215 7.140871 11.584076 19.280437 9.714840 6.756862 18.558765 21.966520 6.733016 6.987870 15.040684 16.653076 20.327906 5.444670 5.388846 22.847369 9.460504 8.716561 8.551131 14.803784 10.415810 16.062468 16.800152 6.283327 11.951284 22.265396 14.459588 24.400743 8.131938 18.820624 6.189276 13.444938 21.116800 11.336622 13.969086 11.155061 7.658465 19.998142 7.162415 19.509502 19.743220 22.606678 18.926904 17.887976 20.073287 11.873901 21.759249 23.627042 18.283053 23.244199 22.340359 13.752038 14.567548 13.993983 19.451087 5.543510 20.742409 7.044811 23.355973 22.943382 16.483963 12.180865 17.318354 24.046342 11.264172 13.982892 24.891224 9.984982 6.068153 6.799155 14.354318 21.626988 15.943566 23.588908 6.775680 11.333058 14.967700 24.210818 8.466942 19.830903 24.793800 5.459862 8.861701 6.239279 18.243620 12.378236 17.766961 24.347237 24.179292 15.237958 5.350344 19.746150 16.276739 10.507057 10.700874 7.408631 15.467181 16.730470 15.238721 18.521308 7.045600 12.640983 8.417102 18.642799 9.469917 9.497884 20.005286 9.447325 23.978530 19.360144 13.982999 23.920118 18.870032 24.864355 12.208758 19.572228 22.529983 5.663055 9.346580 21.488773 13.147031 21.690322 17.357698 15.744250 15.102236 16.517739 20.894556 24.621072 14.377176 13.957304 19.401319 24.619129 17.915101 18.474416 24.432339 24.104294 14.715456 5.616626 18.436162 12.536517 12.100039 13.558795 22.781347 15.770869 20.549210 23.924574 16.873750 11.531156 8.880340 16.699723 17.057044 21.941556 12.691718 24.789948 20.131893 18.186302 21.853243 24.355892 17.265332 19.214813 7.168185 23.264268 16.151033 15.044685 7.700218 15.940322 20.751934 20.418263 14.136909 21.790774 5.473257 18.923005 14.307558 15.486729 18.690340 11.665141 24.873501 13.939147 6.750721 13.900307 11.766989 23.179814 10.924648 20.828274 15.803160 13.869746 15.646240 23.994905 23.971918 14.781245 18.917275 11.907051 13.150400 24.851091 14.077979 19.878035 22.635871 14.853281 5.093422 6.155021 22.523693 10.449849 24.583040 17.315365 14.409423 11.344830 11.411318 6.374534 21.554411 12.928068 14.689269 17.322776 9.192395 18.692031 9.073730 8.016113 8.758366 8.794631 7.414523 20.469159 9.418338 8.931908 14.336714 6.138254 21.434010 10.458319 18.896261 12.461072 22.876907 7.304190 17.274481 20.387100 20.248348 6.499957 16.144630 22.932795 20.536645 12.142562 13.788314 12.300954 5.247809 13.848741 21.790978 14.371310 8.293155 12.370655 16.386344 8.668161 15.386110 20.171256 12.965798 20.206522 22.486661 8.056532 24.509970 14.529371 19.974956 19.644481 6.149174 13.541500 18.061900 12.210741 14.690187 7.479587 15.766285 16.238169 24.607495 5.196481 9.433167 11.106664 11.757739 12.548352 19.071317 12.492617 20.145518 9.660644 14.932398 18.971175 10.144643 21.715461 7.704106 16.393347 12.607231 18.514173 24.221010 6.998284 7.055042 21.488895 6.531016 10.520764 21.697405 18.136897 10.997936 7.869267 9.998275 13.401098 12.949758 12.010072 24.551349 8.674382 8.016296 15.539528 13.630501 5.815422 10.089369 12.040098 18.803856 19.148532 13.620894 7.243998 19.479271 24.351931 24.699764 12.016537 13.470340 5.914317 5.712410 12.929099 10.276689 23.816187 15.742176 24.996702 21.557999 12.505275 15.781235 16.066154 10.593033 5.190381 21.582439 17.326196 18.667182 10.339107 17.258276 5.364704 17.501430 19.168368 15.506241 19.416396 15.240461 5.094160 23.918973 17.517208 18.412342 16.414199 8.891027 9.750938 24.878482 8.548458 8.737715 8.428674 15.574252 24.805607 8.038216 17.245277 8.993906 8.472192 19.858094 23.769871 12.240105 10.311741 7.284681 23.069620 15.760965 17.888439 24.618656 13.367610 18.597280 18.662732 5.404714 14.737356 5.845831 12.566121 15.863780 8.312177 9.023331 21.569449 5.271073 6.372788 19.006169 21.895314 19.066324 15.593794 21.477790 24.132166 7.283554 21.300460 16.975728 23.960322 12.821808 13.936648 19.202203 18.150306 22.820361 12.796260 21.947551 23.988962 12.616741 6.688689 21.296126 11.065189 18.883164 5.049513 12.049822 7.660680 5.341506 14.055747 16.051059 11.607681 12.833473 9.437467 12.273945 6.927195 23.875102 6.452424 23.388603 5.172805 17.151598 9.385317 14.802233 8.446795 13.762684 7.277982 21.576895 5.728357 19.763297 21.148681 19.255544 13.984472 10.771211 16.865737 12.116472 21.232287 21.758824 24.708949 10.033038 16.674932 24.622601 19.981361 19.480256 18.931032 6.964332 24.153644 6.168086 17.158544 14.504171 7.460321 16.139631 15.084029 9.229933 8.704456 13.917437 12.588950 7.277583 7.773054 17.613478 10.868513 6.227680 14.838659 21.653339 11.793494 24.368308 15.348350 24.774927 9.011958 17.028828 21.366758 18.250459 19.231096 12.059220 19.983973 19.896641 5.292898 21.004554 12.109624 24.565923 18.917363 22.925244 24.614106 7.969908 10.591250 21.803468 8.661323 17.269791 24.820985 10.022319 18.462392 10.214529 12.941675 7.246757 15.357882 9.458153 11.173560 11.753983 11.275376 15.013641 18.396418 12.228040 11.408454 9.346849 7.564830 6.345197 12.693230 6.313083 15.891890 16.659215 21.782237 13.326432 8.136353 8.789417 17.890349 10.089946 5.393251 15.895991 5.972836 7.685542 24.502643 15.422238 18.682242 19.090862 9.338339 8.938721 21.352682 18.544397 17.304022 10.045205 7.552224 12.793579 10.726341 22.722065 16.961049 10.315078 11.509129 8.814691 21.085029 19.471898 20.471844 10.611228 9.653924 15.097886 5.152562 17.255726 23.376176 7.075124 23.533081 10.134902 12.853268 8.725526 14.013327 10.228452 17.273213 24.917995 6.569203 24.242466 23.948798 14.162803 18.301536 5.406479 9.029428 13.511082 16.191764 22.088822 7.903237 17.331157 10.462269 22.501177 15.664556 7.988927 11.743830 21.871844 11.199194 8.375386 8.924608 22.302133 24.377797 17.268641 8.641484 21.040069 12.314022 15.762401 11.072681 15.151627 9.428580 8.415099 20.642135 20.712626 5.718938 6.951713 17.715698 24.151568 9.948519 16.933987 17.964004 13.946670 6.455101 24.823558 18.999511 13.499952 7.251718 11.211886 7.599462 10.246448 20.032665 21.070087 15.288370 11.065809 11.325770 9.606632 22.963342 13.143390 7.149597 15.572424 16.837406 5.106998 21.382814 15.721156 15.476248 22.894285 16.156354 12.683878 22.126609 8.348411 10.774695 15.880170 19.779527 20.523527 24.457045 21.427518 24.490664 8.421533 24.264291 16.456242 18.013862 7.807362 9.198996 5.476334 20.608794 16.220513 14.148090 22.349452 21.751016 22.769606 14.609040 10.007619 10.751859 20.043934 17.636050 14.193589 16.411735 17.711654 7.213735 14.465229 12.056506 19.090290 11.418605 14.140196 19.372673 10.976603 8.200869 15.915451 22.268716 8.553972 14.875683 10.511135 24.255687 8.954333 13.748028 7.432801 11.861547 9.549786 12.283401 14.968546 17.747394 18.358941 22.307497 9.039098 7.981430 9.895164 19.584305 16.999121 19.296360 18.313902 19.550813 13.189204 18.742940 22.497257 7.586634 23.632470 19.734757 22.245993 7.336057 9.032871 21.172171 12.530640 5.346832 16.624765 20.575949 9.492787 14.598880 10.019571 21.735406 12.715210 23.260910 8.046334 7.968946 18.476898 8.266366 19.769512 16.618823 6.622791 24.500700 23.283842 9.451116 10.673757 6.717644 6.693938 16.169336 9.030846 11.731947 12.468095 19.546575 18.043099 9.875348 23.131429 20.584673 24.225061 18.045191 12.162156 18.951139 16.585325 12.417021 8.476019 6.248074 24.867299 21.507572 15.934043 14.831452 18.734345 11.706870 15.927440 11.076518 10.968271 14.033985 24.491641 6.889974 16.332626 7.166918 9.521981 8.175533 19.964931 20.053832 18.915102 11.252315 16.539602 14.558308 19.411710 15.910486 22.544701 18.033352 14.158873 21.310036 24.099877 5.032654 23.064455 11.913660 15.946042 14.540497 13.508723 21.123314 16.899268 19.310806 11.855805 6.232295 10.328569 7.803928 21.161096 20.429127 5.956851 19.116858 15.531452 16.363153
53
241
0 2 1.931368
0 4 9.273905
0 11 2.098388
0 22 5.029338
0 30 5.358797
0 35 3.866710
0 36 1.391394
0 44 9.610574
0 50 9.542352
0 52 5.410611
1 4 7.519946
1 7 1.877801
1 9 5.452482
1 11 2.845775
1 16 4.370304
1 24 2.869554
1 27 1.742806
1 32 5.082131
1 36 7.199786
1 45 3.275213
2 5 2.919319
2 7 9.024505
2 9 8.427159
2 12 4.702243
2 13 3.352388
2 22 2.489765
2 33 1.818426
2 34 6.317043
2 40 6.675697
2 52 2.872192
3 5 4.138020
3 11 8.388230
3 19 1.472647
3 23 9.180352
3 24 8.102551
3 37 4.752498
3 42 2.774299
4 6 1.400629
4 11 6.331767
4 13 7.801533
4 30 5.540455
4 40 3.031308
4 49 9.605414
4 52 6.478899
5 6 8.707764
5 21 7.407681
5 35 5.880544
5 36 8.468789
5 40 6.176641
5 43 2.814055
5 48 6.562489
5 49 5.501406
5 50 1.172794
6 10 6.948505
6 13 6.389229
6 14 3.623784
6 16 7.269932
6 25 9.839405
6 31 7.013214
6 35 9.189487
6 40 3.290034
6 43 4.328892
6 48 6.146177
7 15 7.417195
7 18 9.408604
7 21 2.121097
7 23 8.069917
7 27 3.027418
7 42 3.159428
7 44 4.265191
7 47 7.905002
7 52 1.800675
8 16 8.642568
8 23 7.264714
8 26 2.472899
8 27 7.839422
8 29 3.597664
8 33 3.276499
8 36 4.873215
9 11 3.799378
9 17 5.875749
9 31 6.086104
9 36 1.028184
9 46 9.315440
9 47 3.102987
10 12 3.971918
10 16 2.210130
10 22 2.372169
10 23 8.102151
10 29 8.111127
10 31 6.770111
10 49 8.318966
11 16 9.735558
11 23 1.321156
11 25 7.984940
11 29 4.387595
11 30 4.805826
11 35 3.350619
11 44 4.298256
12 16 5.530192
12 17 7.240238
12 40 5.971911
12 42 9.113862
13 27 9.974443
13 31 9.242541
13 36 8.205671
13 41 8.789878
14 26 1.370462
14 29 4.188177
14 44 8.713988
15 16 3.210965
15 18 2.322331
15 23 1.487915
15 24 5.403084
15 26 5.744866
15 28 7.740495
15 49 7.500573
16 17 9.908679
16 19 7.511293
16 25 2.243193
16 28 7.290353
16 38 3.313722
16 39 4.879296
16 46 5.343766
16 47 8.957914
16 48 7.342584
16 50 5.258770
17 26 4.141856
17 31 1.350962
17 34 3.119278
17 39 8.275263
17 40 4.026363
17 44 3.216223
17 46 1.304708
18 21 6.947393
18 22 3.001483
18 25 4.696198
18 27 4.033482
18 34 5.211672
18 41 3.750186
18 49 2.475811
19 22 2.748940
19 26 3.599329
19 27 8.186633
19 31 5.149821
19 33 7.710727
19 38 6.335855
19 44 4.617855
19 46 8.814736
19 47 7.512734
20 31 2.389539
20 36 9.070955
20 40 6.715065
20 43 6.025747
20 46 2.093158
20 48 9.377446
21 43 9.204626
21 44 1.366510
21 45 3.438100
21 47 4.662515
22 25 1.541820
22 37 9.519848
22 49 9.611247
22 51 8.376350
22 52 5.556833
23 28 4.158167
23 29 8.782828
23 32 5.450116
23 38 1.967654
23 39 7.884087
23 47 2.112867
24 35 1.009214
24 38 4.702031
24 40 6.905595
24 42 5.851713
24 49 6.887103
24 51 2.933422
25 29 9.277530
25 31 9.947803
25 33 9.551444
25 38 7.929696
25 41 8.638796
25 49 8.097420
25 50 2.782760
26 28 1.769717
26 31 6.724785
26 43 9.321410
26 49 9.933322
26 50 7.897375
26 51 8.520027
27 33 5.382089
27 37 8.189884
27 40 7.047874
27 52 4.239076
28 36 3.303521
28 39 6.341709
28 48 9.235940
29 30 6.382258
29 42 2.221777
29 43 2.003029
29 46 6.471659
30 40 6.540420
30 41 7.664699
31 47 5.565329
31 51 1.921307
32 40 4.207375
32 42 3.625367
32 43 5.682107
32 45 4.242761
32 48 3.835115
32 51 7.311812
33 38 6.349877
33 42 5.172055
33 50 6.115610
33 51 2.862029
34 38 9.914491
34 39 9.340209
34 44 4.427114
34 45 9.777404
34 47 7.807986
34 51 1.367286
35 39 9.834979
36 45 7.249570
37 41 1.700533
37 43 5.666151
37 48 3.470473
38 46 3.942120
38 48 5.275806
38 52 9.566216
39 47 6.111076
39 51 3.812008
40 52 1.504337
41 49 9.994516
41 50 7.332950
41 51 9.726514
43 48 9.621666
44 45 8.226433
44 52 3.632927
45 49 1.184247
46 50 8.926049
50 52 6.496183
333.562723 414.476623 463.687027 474.477574 365.685404 444.820703 502.769496 285.074607 426.499826 371.859134 500.472247 410.628275 397.958702 289.003150 237.598584 393.854598 253.584591 287.093135 481.342073 311.103201 477.059131 341.390765 307.345150 246.372720 347.353046 490.662257 371.917272 347.136228 423.780920 338.423663 268.947669 361.587816 312.334742 302.791183 388.255810 300.447498 416.548641 418.325859 347.544500 441.026097 506.603187 294.379619 402.049108 238.159869 285.406410 476.425984 308.238346 320.365725 358.868417 502.541099 450.362308 317.975368 452.494073
