800
1597
0 1 16.465868
0 2 17.820088
0 6 10.248008
0 7 9.770389
0 11 11.838384
0 17 3.735197
0 23 2.637541
0 24 15.123916
0 29 13.849851
0 33 15.985692
0 35 4.771959
0 42 2.181587
0 49 19.227137
0 52 7.128260
0 69 7.910740
0 72 19.495935
0 110 1.965204
0 160 6.811375
0 204 12.242016
0 209 7.419681
0 257 19.161072
0 263 1.682401
0 358 15.833508
0 363 12.319154
0 375 1.680970
0 388 14.615673
0 407 15.521826
0 527 19.221975
0 577 1.649674
0 647 9.036284
0 702 19.099360
0 778 16.148735
1 2 18.815096
1 3 4.253684
1 6 8.117064
1 8 15.026157
1 15 6.723535
1 20 7.176922
1 22 11.681305
1 29 7.638521
1 37 4.541980
1 61 15.652639
1 62 17.394671
1 98 10.612385
1 100 9.293288
1 124 5.034945
1 144 19.828624
1 173 11.022184
1 241 8.820777
1 258 14.256898
1 330 4.444279
1 373 14.066161
1 557 2.027078
1 574 8.696246
1 612 16.068981
1 627 19.645422
1 642 18.099081
1 748 17.827744
1 752 3.933112
2 3 5.167289
2 4 15.750659
2 5 4.538849
2 7 4.008212
2 8 9.001296
2 9 15.028717
2 11 10.434011
2 15 2.880093
2 18 2.586844
2 25 10.572440
2 32 7.862335
2 40 4.623636
2 50 16.313900
2 60 11.624506
2 65 8.049418
2 68 4.489513
2 85 5.988651
2 102 17.358005
2 105 10.796620
2 128 1.849708
2 129 8.335159
2 133 18.001700
2 146 12.607563
2 195 3.983500
2 207 5.473925
2 236 18.665558
2 240 4.924333
2 281 11.476498
2 290 17.846624
2 322 4.917662
2 341 6.045760
2 367 16.570173
2 404 15.412334
2 471 17.807491
2 480 19.936231
2 493 13.244695
2 494 10.843129
2 525 1.304451
2 545 1.661076
2 568 6.524360
2 589 16.548205
2 609 12.992923
2 622 14.747710
2 651 2.499068
2 694 10.905602
2 768 6.238315
2 779 1.175096
3 4 4.164586
3 5 10.472542
3 13 15.048095
3 16 15.168988
3 21 11.291964
3 30 19.958253
3 36 13.410848
3 67 13.945840
3 69 6.114844
3 71 19.898221
3 101 7.211538
3 102 2.347314
3 104 4.469615
3 141 5.042099
3 180 5.742748
3 190 12.343042
3 205 18.043608
3 208 17.250117
3 225 17.374681
3 261 16.412440
3 284 8.644957
3 295 19.326968
3 438 7.493401
3 449 16.345870
3 522 5.395044
3 542 7.834297
3 554 10.607202
3 590 11.166599
4 9 5.161344
4 13 16.598223
4 22 15.143400
4 90 8.538428
4 117 12.288373
4 128 14.132989
4 138 5.573928
4 206 7.922420
4 374 5.089858
4 377 10.474561
4 382 7.932222
4 391 12.077291
4 552 16.970843
4 741 16.128345
4 745 10.710982
5 10 17.778481
5 12 17.175674
5 17 6.797355
5 20 16.949929
5 24 17.071239
5 26 10.204888
5 46 17.578540
5 63 4.937257
5 64 14.242874
5 89 3.561590
5 98 6.086813
5 107 15.665021
5 125 2.732262
5 127 9.793888
5 132 7.604927
5 142 7.067012
5 189 5.728224
5 222 2.537398
5 290 15.409801
5 299 12.806786
5 335 15.629986
5 345 11.574383
5 362 8.674433
5 447 13.419005
5 480 7.266537
5 504 11.507864
5 516 16.233495
5 578 10.295569
6 10 11.825384
6 30 17.263281
6 41 8.646179
6 44 1.243535
6 56 16.448107
6 79 19.052377
6 94 17.066570
6 125 17.138753
6 131 18.956841
6 137 9.975965
6 139 12.937587
6 170 12.185379
6 174 9.906538
6 175 9.929153
6 218 1.518591
6 239 16.997516
6 282 5.243289
6 359 14.790293
6 361 7.964347
6 460 1.147937
6 565 11.583678
6 712 8.135950
6 721 19.490750
6 741 2.321868
6 791 9.945329
7 12 5.131577
7 14 18.357529
7 43 18.808375
7 107 1.204623
7 479 12.570003
7 634 13.391347
8 50 11.346339
8 97 8.653991
8 116 2.779229
8 539 16.844822
8 599 4.174096
8 740 18.209913
9 21 13.213075
9 41 5.803575
9 57 18.405764
9 82 5.416435
9 90 5.491024
9 182 3.551287
9 360 17.016616
9 459 2.324827
9 485 3.337622
9 487 7.046816
9 532 18.078358
9 594 9.825895
9 680 14.943326
9 760 12.927023
9 797 2.811329
10 66 2.940721
10 155 1.241777
10 183 12.901586
10 197 14.624878
10 212 17.920497
10 215 5.935436
10 229 8.867218
10 249 10.343015
10 274 4.310474
10 275 12.755299
10 312 2.165043
10 317 19.319798
10 337 8.058811
10 394 18.637965
10 457 6.143699
10 472 11.979826
10 543 11.414481
10 614 15.163669
10 635 9.677061
10 678 7.534349
10 794 5.377316
11 14 5.627171
11 25 3.441972
11 27 15.951118
11 36 2.197597
11 38 8.846225
11 39 3.640868
11 57 11.628162
11 58 1.467690
11 76 2.954672
11 124 7.959510
11 134 2.486435
11 154 8.376932
11 161 4.684312
11 234 13.954005
11 271 15.491216
11 279 9.856006
11 286 18.461889
11 306 16.642181
11 325 9.532936
11 410 2.888778
11 417 19.955903
11 439 8.293004
11 518 7.300907
11 631 6.045122
11 646 16.096693
12 43 1.699229
12 133 11.225619
12 494 7.381456
13 45 16.020881
13 53 15.551284
13 221 4.277572
13 269 10.655909
14 16 18.444215
14 18 12.545836
14 32 13.396860
14 34 14.402739
14 40 6.212253
14 51 3.243986
14 60 15.413328
14 67 10.217396
14 83 4.073005
14 86 19.290778
14 115 9.374180
14 145 14.342344
14 155 8.018191
14 195 18.967208
14 202 14.591113
14 219 4.780313
14 227 11.354621
14 228 4.748462
14 231 8.968970
14 246 18.152068
14 426 15.215805
14 430 16.059748
14 466 6.657139
14 636 1.105936
14 726 8.649889
14 742 3.932831
14 757 6.244848
14 798 10.774100
15 19 13.086842
15 84 13.083822
15 96 16.287543
15 109 18.795213
15 283 9.546545
15 670 16.556210
15 754 10.393211
16 19 4.728275
16 37 18.666508
16 81 5.429140
16 120 7.976475
16 122 5.808804
16 233 16.862321
16 278 14.698788
16 458 11.809596
16 693 19.417884
16 760 10.269133
17 31 17.172887
17 38 18.841864
17 106 8.324064
17 401 8.231797
17 515 19.781273
17 539 9.249770
17 719 15.593115
17 759 17.015850
18 34 16.438169
18 49 4.353087
18 119 4.871085
18 138 19.257918
18 169 15.430950
18 172 18.875624
18 187 2.076886
18 196 11.728437
18 203 6.223454
18 277 7.289886
18 305 17.634273
18 450 10.516713
18 465 4.895056
18 687 1.400657
18 738 7.314925
18 788 3.686603
18 795 15.148038
19 33 2.333100
19 72 13.624778
19 110 5.560320
19 181 8.314731
19 226 19.344982
19 254 1.959853
19 281 6.537237
19 348 12.543641
19 376 2.778749
19 379 12.694164
19 410 15.186894
19 492 6.292808
19 569 11.856403
19 581 17.235032
19 586 18.075514
19 588 1.982046
19 736 16.101973
19 756 6.986631
20 28 16.113618
20 177 8.439417
20 232 15.830934
20 253 10.879365
20 278 19.653938
20 536 11.524987
20 592 16.991039
20 799 6.057980
21 58 18.885509
21 82 5.483221
21 242 10.016832
21 244 15.233316
21 324 14.423498
21 349 4.586523
21 442 4.492348
21 459 19.487880
22 23 6.427467
22 134 11.261825
22 203 19.578546
22 205 17.692765
22 327 11.274377
22 343 12.262838
22 403 12.782097
22 559 15.944840
22 593 2.841995
22 597 14.005749
22 665 16.036455
22 745 2.142389
23 45 10.068306
23 63 9.171316
23 71 16.677854
23 74 15.213320
23 80 13.208156
23 88 1.597266
23 100 3.567932
23 126 9.167058
23 136 16.916096
23 163 15.853608
23 174 9.566886
23 320 19.026987
23 458 16.513515
23 535 14.082146
23 684 10.134715
23 699 3.721446
23 784 3.258558
24 26 4.614523
24 35 3.181155
24 44 18.383458
24 78 18.493186
24 199 14.955735
24 219 4.696293
24 223 8.065183
24 262 12.897045
24 309 18.975341
24 332 12.730326
24 360 11.787188
24 414 1.286615
24 430 4.970131
24 440 5.347067
24 456 6.820117
24 718 8.745278
24 731 18.864935
24 751 4.963820
25 28 2.575774
25 53 15.801271
25 61 8.101062
25 109 4.503544
25 156 10.233154
25 164 8.597188
25 192 15.917563
25 294 4.635217
25 366 14.161439
25 416 6.525393
25 445 3.907882
25 462 3.880073
25 669 12.875217
25 723 8.174407
25 789 8.845914
26 27 15.171381
26 31 13.192857
26 55 11.601948
26 105 4.702435
26 108 18.899867
26 111 6.136680
26 276 1.399910
26 308 16.373888
26 345 3.924912
26 618 15.714734
26 656 10.067565
27 47 17.495311
27 97 2.164829
27 135 11.891086
27 165 3.161982
27 199 13.963843
27 238 16.987594
27 254 4.921747
27 292 12.860453
27 347 15.884092
27 353 5.136833
27 405 19.280809
27 429 12.926860
27 523 18.726406
27 582 15.716122
27 642 13.932842
27 704 17.393432
28 235 2.215448
28 248 2.097508
28 329 11.454932
28 386 10.747246
29 73 14.264896
29 313 2.487199
30 48 9.959399
30 64 11.808020
30 249 17.042563
30 654 15.469675
30 656 2.642275
30 780 5.879830
31 103 12.482742
31 119 18.886609
31 211 6.692252
31 306 7.247058
31 388 17.488724
31 416 11.156821
31 762 16.373811
32 68 14.210995
32 325 3.462046
33 455 8.886994
33 509 10.194236
33 744 19.245339
34 75 19.429633
34 91 2.954931
34 104 10.469591
34 191 4.139836
34 302 16.963194
34 677 10.616098
34 695 11.834527
34 771 18.933124
35 42 17.474141
35 52 7.774081
35 56 2.459384
35 78 9.633695
35 86 1.747622
35 92 5.351246
35 117 9.870763
35 120 8.271946
35 270 17.331108
35 321 13.448907
35 337 8.267505
35 386 11.601682
35 413 15.724848
35 451 8.276229
35 672 1.404615
35 716 2.108193
36 472 11.028651
36 521 4.378769
36 621 2.170894
37 314 12.742128
37 344 4.211501
38 39 2.874043
38 47 16.018867
38 51 19.376434
38 54 18.570485
38 66 13.943322
38 70 9.550303
38 75 11.595880
38 99 3.049545
38 158 15.835346
38 159 4.738430
38 169 14.071753
38 271 1.825899
38 272 9.407828
38 293 15.910560
38 358 9.654350
38 378 13.033325
38 383 10.762902
38 392 5.296335
38 429 17.195929
38 446 16.444315
38 467 5.330628
38 512 4.327751
38 533 17.982430
38 583 8.943728
38 596 10.205684
38 616 2.974536
38 625 6.676600
38 780 7.515042
39 114 10.886924
39 143 12.277770
39 223 4.732638
39 371 17.170190
39 463 17.620866
39 524 17.676121
39 595 13.164047
39 626 15.162720
40 59 7.291456
40 77 14.866814
40 147 17.535233
40 242 7.861879
40 269 1.611780
40 311 4.464966
40 387 14.712953
40 439 11.979065
40 625 11.640029
40 627 8.624513
40 659 13.630018
40 771 12.378439
41 81 2.431589
41 126 4.824787
41 175 8.922684
41 315 15.184435
41 551 11.818952
41 713 17.999565
41 742 12.670807
42 48 13.917276
42 54 1.999004
42 55 14.606037
42 59 15.977512
42 62 13.854984
42 79 19.079147
42 88 17.643911
42 91 8.150657
42 118 2.533331
42 182 15.657871
42 613 3.036162
42 679 4.685925
42 724 12.315413
43 46 8.018929
43 74 19.893835
43 103 9.412109
43 193 6.493069
43 232 18.591804
43 380 2.700226
43 645 18.884743
43 716 3.680461
44 351 3.987098
44 461 17.114041
45 116 8.496631
45 178 3.978535
45 318 16.526289
45 402 18.241567
45 440 12.638459
46 495 10.062967
47 106 17.018422
47 127 5.902500
47 356 10.728743
47 413 18.368216
47 663 9.052257
48 667 19.653768
49 89 18.745579
49 145 7.135886
49 152 14.830138
49 243 13.396871
49 245 12.802546
49 510 19.333815
50 324 3.275215
50 336 6.198475
51 130 1.239521
51 186 8.413357
51 288 1.486324
52 167 13.776447
52 172 15.362260
52 200 15.144062
52 245 5.516650
52 250 10.619830
52 256 17.210714
52 257 5.526502
52 295 6.413291
52 431 3.015263
52 579 1.213737
52 638 17.438730
52 689 3.778908
52 788 18.512939
54 132 9.489332
55 646 13.889699
56 94 14.400525
56 123 15.906793
56 153 14.492730
56 168 12.948868
56 369 7.354713
56 411 12.590170
56 449 17.462479
56 540 14.993907
56 714 18.966320
57 129 18.738831
57 419 5.518431
57 466 15.440012
57 518 10.822503
57 587 12.419501
58 70 9.858522
58 272 2.976037
58 444 9.370598
58 490 1.341614
58 526 17.356095
58 729 19.761624
59 65 6.817697
59 96 4.214974
59 259 18.824669
59 401 6.449268
60 130 2.568379
60 164 1.346005
60 235 11.842746
60 250 19.525686
60 486 16.026938
61 143 3.049639
61 184 10.779002
61 264 2.568933
61 309 6.901031
61 425 15.690760
61 503 6.998500
62 83 5.705195
62 150 15.655437
62 189 2.315159
62 213 19.475288
62 280 5.307011
62 334 12.136275
62 415 15.097671
62 427 19.583317
62 547 2.763426
62 549 17.412320
62 635 15.323880
62 728 5.904374
63 262 4.382926
63 473 16.510857
64 118 12.916433
64 157 11.502071
64 180 8.240079
64 233 1.356956
64 562 10.023223
64 643 17.373745
65 73 18.147394
65 101 7.718138
65 266 19.417795
65 300 13.946200
67 76 16.463134
67 77 14.782347
67 92 15.291552
67 207 19.975828
67 251 15.520014
67 289 10.506512
67 302 10.156758
67 330 7.064934
67 395 3.052223
67 398 16.084081
67 477 11.882992
67 520 18.210093
67 687 19.878555
67 753 5.189325
67 796 13.223189
68 123 14.125152
68 154 10.855834
68 167 2.057506
68 411 15.587921
68 581 19.579189
69 80 11.856902
69 114 8.395050
69 148 2.405685
69 161 4.959261
69 176 4.692398
69 491 17.766856
69 585 18.857565
69 774 19.702272
70 158 15.773817
71 85 3.501052
71 87 3.579360
71 95 14.914791
71 108 1.128805
71 452 15.423694
71 541 1.741404
71 555 3.478083
71 664 3.442288
71 727 5.220256
72 197 13.061707
72 247 5.533518
72 267 13.874711
72 575 15.662479
72 708 3.136409
72 782 5.684398
73 87 16.962935
73 93 4.046108
73 140 6.551827
73 166 4.776109
73 200 15.296983
73 213 16.110446
73 255 6.326001
73 355 16.231223
73 523 7.572255
73 542 9.604689
73 544 9.046282
73 668 11.308242
73 785 17.959710
74 95 4.726627
74 113 14.493267
74 214 15.444114
74 558 13.723097
74 623 10.213056
76 113 13.919048
76 122 5.196987
76 322 6.111832
76 412 1.428289
76 535 14.991290
76 683 5.554310
77 208 4.021799
77 284 19.439761
77 288 6.847932
77 327 3.216251
77 368 19.874985
78 566 13.804690
80 341 2.992537
80 550 9.460931
81 84 11.756419
81 136 6.378105
81 141 18.696925
81 287 1.867323
81 312 14.005568
81 432 14.592858
81 505 9.114322
81 707 3.197342
82 210 5.345397
82 216 9.045265
82 508 6.652862
83 112 2.310010
83 218 18.928376
83 795 5.154410
84 135 13.040005
84 142 3.941099
84 280 13.476541
84 297 17.766794
84 308 17.415977
84 414 15.927943
84 446 16.479107
84 737 14.775085
84 770 18.086906
85 179 15.576272
85 314 12.949648
85 489 5.822239
86 225 6.334772
86 409 18.503788
86 487 13.559538
87 185 1.627368
87 474 9.770069
88 93 19.629979
88 193 13.820965
88 503 3.060797
88 592 15.650520
88 668 2.147160
88 751 4.026578
89 418 4.689063
89 441 18.811560
89 500 18.608846
89 690 17.102166
91 412 18.811806
91 601 1.920139
92 112 4.096743
92 508 4.891070
92 763 12.269358
92 796 16.571270
93 162 3.867156
93 351 13.620527
93 374 3.944743
93 475 5.954392
93 481 11.374730
94 234 1.714787
94 289 2.950672
94 333 13.071951
94 551 16.550477
95 147 15.148050
95 160 15.029914
96 300 8.105704
97 252 9.819970
97 276 5.381962
97 328 16.446166
97 364 1.080531
97 365 4.907060
97 395 12.659138
97 400 4.736324
97 425 18.114765
97 730 3.071740
98 99 2.619459
98 131 10.384747
98 453 10.609592
98 624 15.813954
99 150 14.893770
99 348 1.248316
99 447 19.669686
99 468 19.416173
100 224 11.570847
100 299 14.493410
100 303 9.804540
100 315 4.783218
100 637 8.019367
101 212 14.649985
102 206 19.441898
103 215 9.292324
103 463 15.266953
103 573 15.071168
104 230 19.536395
104 231 1.214719
104 252 3.765702
104 285 6.080993
104 397 7.674497
104 405 9.531725
105 424 16.262691
105 735 10.613346
106 340 15.721221
106 574 11.910786
107 148 18.818427
107 286 9.872341
107 310 3.878593
107 331 10.947265
107 361 2.006958
108 171 19.569336
108 194 11.203965
108 305 6.329599
108 338 2.532706
108 647 11.245249
108 655 14.338583
108 662 5.000914
109 115 11.157057
109 157 1.566116
109 183 6.423436
109 237 10.164263
109 408 15.515737
109 479 7.312266
109 491 12.849826
109 538 6.940039
109 731 15.086125
110 111 11.444313
110 121 14.147595
110 140 5.162587
110 277 16.516566
110 594 5.271288
110 649 4.449052
110 734 12.419345
110 735 12.087803
111 151 1.059903
111 293 10.074669
112 221 16.151828
112 462 9.998951
113 137 11.725053
113 282 10.727966
113 316 12.550069
113 710 17.948538
114 500 9.775161
114 595 8.449104
114 765 1.014436
115 121 4.824493
115 165 19.508167
115 187 7.009794
116 237 13.958884
116 598 5.721553
116 641 13.654546
117 274 16.234186
117 307 2.723792
117 454 1.325485
117 499 19.518220
117 537 17.859195
117 660 14.576802
119 266 18.009177
119 321 2.505375
119 443 19.861176
119 467 19.572658
119 540 10.443323
119 623 16.132844
120 166 11.482304
120 220 12.348693
120 428 5.677734
120 469 14.358729
120 717 5.773481
122 384 1.394804
122 406 16.907970
123 146 5.923902
123 470 13.588684
123 567 18.172983
123 777 18.440711
124 151 8.374252
124 181 11.257435
124 228 14.688944
125 689 14.223234
126 188 13.428089
126 238 7.133880
126 484 4.858074
126 582 16.060723
126 587 19.722109
126 610 2.584558
126 672 17.805473
126 778 11.625239
127 149 3.316246
127 152 3.153806
127 163 8.388365
127 171 2.441252
127 188 14.226921
127 210 13.191603
127 340 14.060266
127 649 15.207139
127 678 14.914965
127 754 10.473954
128 422 1.833296
128 605 14.452475
129 263 13.694712
129 469 12.355646
130 291 15.110742
130 334 8.133522
130 357 4.509812
130 364 15.650973
130 370 4.862114
130 629 8.202529
130 769 12.927799
131 194 3.784415
131 256 5.916070
131 537 17.812393
132 216 11.130897
132 224 13.445149
132 436 15.137226
132 502 12.514986
133 144 4.843191
133 477 16.207469
134 153 14.070151
134 222 12.938540
134 380 17.262689
135 162 8.910801
135 362 4.143074
135 408 11.354140
135 553 6.470535
135 561 18.177617
135 644 2.129947
135 652 4.093820
136 236 14.798075
136 335 9.349409
136 367 6.453391
136 607 14.049009
136 691 13.226948
137 139 17.876148
137 196 5.826668
137 304 19.827133
137 391 4.497777
137 427 18.132005
137 478 6.497575
138 178 4.560922
138 381 10.247699
139 168 10.763025
139 433 11.167859
139 558 2.014485
139 633 7.119931
140 375 14.965565
140 548 2.378144
141 185 3.674028
141 418 6.364402
141 498 6.255561
141 576 13.480949
141 580 15.460145
141 639 18.072981
141 752 11.017863
142 176 17.104798
142 283 12.161712
142 452 13.972316
143 437 14.233577
143 706 16.639087
144 149 5.889675
145 622 3.786077
146 190 8.714712
146 399 14.381602
146 450 6.326240
147 159 4.329381
147 258 18.542127
147 260 3.290659
147 352 3.960856
147 661 7.343813
147 718 3.435706
148 170 19.992402
149 156 4.081580
149 599 2.985374
150 316 10.521658
151 319 1.285042
151 758 11.698865
153 227 4.347751
153 355 3.389372
153 572 4.785105
154 191 16.965892
154 202 10.693975
154 370 8.502836
154 448 13.970912
154 516 3.327088
154 591 2.715234
156 517 4.974935
156 578 17.892079
157 192 19.140560
158 559 18.868228
159 435 4.322223
159 605 15.256951
159 730 14.604821
161 179 11.893395
161 214 2.424112
161 291 7.613839
161 298 9.929282
161 363 1.421607
161 538 17.077472
161 608 5.822888
161 701 4.849315
161 710 16.075826
162 279 17.496980
162 296 18.544423
162 724 17.808417
163 198 19.790025
163 690 19.781366
164 177 14.214071
164 435 16.767514
164 615 2.746052
164 773 10.214171
165 201 14.112343
165 240 7.076894
165 317 14.658603
165 422 6.261560
165 781 2.749832
166 609 13.602167
167 173 10.967213
167 211 15.217795
167 229 15.616200
167 246 16.397439
167 344 2.302653
167 657 10.992763
168 365 5.140723
168 384 2.561346
168 533 11.374101
168 565 7.126216
168 798 4.576216
172 209 11.465068
172 576 2.865503
173 326 13.504263
173 406 18.578701
173 457 17.607058
173 497 2.234943
174 201 2.301787
174 525 3.165467
175 628 12.765191
176 184 15.858435
176 301 11.321590
177 434 8.173111
177 602 17.072935
178 441 18.974437
178 471 11.539788
179 198 11.131983
179 556 6.959981
179 571 8.899870
179 708 7.727244
180 251 15.331668
180 437 8.130782
180 507 6.552445
181 268 13.540652
181 733 19.924977
182 385 5.895187
182 671 5.547983
183 248 16.979084
183 259 14.704267
183 323 13.120186
183 353 12.296411
183 489 9.184775
183 588 9.297767
183 633 18.268129
184 354 17.152866
184 454 18.445786
184 756 7.768061
184 791 6.163999
185 186 17.046047
185 217 7.891263
186 220 10.559724
186 468 6.476583
186 563 9.286037
186 570 4.488969
187 432 13.318740
188 268 15.539049
188 397 11.064634
190 265 2.353781
190 294 3.598631
190 319 4.941207
190 534 1.490845
191 298 9.436866
193 342 2.983314
193 390 19.806589
193 577 3.432219
193 600 8.754211
193 620 10.510142
194 275 15.812520
194 399 13.278580
194 632 11.857562
195 230 1.483369
196 204 17.411064
196 239 9.528826
196 484 18.590997
196 775 2.198092
197 387 10.208847
197 546 16.815248
197 613 5.558095
197 654 10.172873
197 725 13.439093
199 217 5.606534
199 396 8.668641
199 443 3.090863
199 547 6.022633
199 583 9.442272
201 323 7.177805
204 601 1.615099
204 740 9.536563
205 356 6.622468
205 485 10.371797
206 473 4.247849
207 512 1.073282
207 561 1.254926
207 584 2.069560
207 661 10.224717
208 253 18.393922
208 329 18.491296
208 346 3.193897
208 366 19.271024
209 273 16.121792
209 297 7.898662
209 331 3.393661
209 359 8.045687
209 396 14.279502
209 486 18.760125
209 638 18.025595
209 675 17.263333
210 226 10.248903
210 673 9.407541
211 436 19.237130
211 482 17.784016
212 349 10.667113
213 265 7.642680
213 373 7.949885
213 474 10.312371
213 493 8.093726
213 696 1.575666
214 332 4.173987
214 571 13.095135
215 304 15.021578
216 378 6.731514
217 336 14.486337
217 390 4.328522
217 495 2.079538
217 611 18.764041
218 267 8.087632
218 342 9.825025
218 369 14.955906
219 381 12.705604
219 470 6.369390
219 531 13.756645
219 616 1.139044
219 702 4.913008
220 354 5.094276
220 681 5.001144
220 757 9.864368
224 591 2.313620
226 652 1.881673
227 243 2.479290
227 255 18.518027
227 264 10.217145
227 339 6.987335
227 772 11.626552
229 682 4.731610
231 749 15.525798
232 241 12.021492
232 333 15.092195
232 572 3.734887
232 704 14.973029
232 719 4.000410
233 247 17.290396
233 301 2.854854
233 347 9.168181
233 371 9.192112
233 465 10.766065
233 619 15.702061
233 713 5.741939
233 749 18.506533
234 606 1.394012
235 287 1.841664
235 464 16.655969
236 453 10.840489
236 748 12.348757
237 310 18.145534
237 326 17.902328
237 758 8.134764
238 709 7.897350
239 244 6.209065
239 673 17.105804
240 260 18.718375
240 421 13.967676
241 560 9.474230
242 273 18.250200
242 585 1.211704
242 586 19.573572
243 546 10.283141
243 705 4.029492
244 313 10.186954
245 445 10.488969
245 550 13.370952
245 658 11.503911
245 685 4.284901
246 376 8.790975
247 350 17.806912
247 393 17.309215
247 444 6.813956
247 669 18.624157
249 270 13.965752
249 497 2.663764
250 507 17.725276
251 511 15.400088
253 557 10.608417
255 307 18.833120
255 339 8.925232
256 296 4.566928
256 499 3.457058
256 674 6.667785
257 402 4.587337
257 799 2.661621
258 528 17.425946
259 261 8.469666
259 372 9.923766
259 637 9.864209
260 464 10.840307
261 311 5.691506
261 606 3.280186
262 688 6.437458
264 318 9.935588
264 590 4.409981
265 338 6.181507
265 717 18.136915
267 285 17.140920
267 515 9.722389
268 383 18.072834
270 564 16.735476
271 346 14.107928
273 328 16.805294
273 684 5.412020
276 393 14.194023
276 611 7.086134
276 715 9.305300
277 519 1.928202
278 521 13.193629
278 604 9.555212
280 350 9.284768
280 541 4.585732
280 703 10.263169
281 448 8.287957
281 532 8.456736
281 589 6.219069
282 584 19.207100
283 404 16.691742
283 514 8.917191
285 292 10.776798
285 372 17.510209
285 549 1.744313
285 691 16.645099
285 723 4.880259
286 303 6.938997
286 527 19.628324
288 320 16.803953
293 768 2.406955
294 764 14.868271
295 434 10.616889
296 460 14.079468
296 461 16.787773
296 786 9.032534
297 481 5.037529
301 403 16.819091
302 417 6.189100
303 433 10.637285
304 475 18.103426
304 617 10.666647
304 794 12.190019
305 657 2.413734
308 596 17.569338
312 722 2.261915
313 502 11.219723
313 509 6.940027
313 514 16.043868
313 575 15.499564
313 720 13.532570
313 734 19.121422
313 761 19.348869
314 451 16.990920
315 423 19.013583
315 431 18.712963
315 548 16.175527
316 737 9.627215
318 382 13.098613
318 421 13.637150
319 377 12.779993
319 385 12.045141
319 676 9.828293
320 476 17.465299
321 423 10.498951
322 626 2.374016
323 755 6.556344
325 563 19.376280
325 755 14.107835
326 343 13.685117
326 530 8.729263
326 793 9.451429
328 653 6.019649
330 424 17.898824
330 733 10.953924
333 419 14.714692
334 566 2.842114
334 698 17.843911
335 379 15.272181
335 420 10.921074
335 738 2.384868
336 352 2.820190
337 389 6.661044
338 498 17.961657
338 658 6.793985
338 747 13.834336
339 560 18.785204
339 570 3.708528
341 438 9.853564
342 426 4.883089
342 482 5.047646
343 428 17.288523
344 624 5.404331
346 368 14.775892
346 510 7.842394
346 776 4.404679
346 789 17.137599
347 603 5.676341
347 650 12.395395
347 667 19.731170
349 394 14.898262
349 398 19.111878
349 608 15.914181
351 522 7.745674
353 483 4.828070
353 620 19.682912
353 727 6.470271
355 357 11.693207
356 629 1.924564
358 569 15.702198
362 519 1.535693
362 783 3.745421
364 762 10.439144
366 407 16.221902
366 505 14.207999
366 664 9.708545
367 400 14.858707
368 389 15.487261
368 420 6.586938
368 639 18.773696
368 653 11.308059
370 786 14.159900
372 709 16.674887
373 392 19.530437
373 545 15.263902
373 552 6.350149
373 640 16.739653
374 409 3.168849
375 415 13.267793
375 506 15.311584
375 536 6.148883
375 773 16.355106
376 488 2.846891
376 681 1.240924
376 790 13.573968
377 524 11.841764
380 615 8.840133
380 630 15.167357
384 492 9.588893
385 478 2.467062
388 501 15.041051
388 747 18.869986
391 506 17.121053
392 490 15.420696
393 442 19.743252
393 531 19.975561
396 456 13.271617
396 743 16.173280
398 617 7.448940
400 674 3.996997
401 621 3.734426
403 703 14.895405
406 476 3.059699
407 517 2.830439
407 753 7.279659
408 783 12.985616
410 767 18.705735
412 520 17.564076
413 631 13.445593
417 567 7.933167
418 496 3.916026
418 610 15.920911
418 648 2.548775
419 534 15.709721
420 675 11.235015
421 774 3.649012
422 529 18.275855
424 455 1.678130
424 488 14.190584
424 496 15.429625
424 648 12.472010
428 777 18.820046
429 763 9.666433
429 776 13.394793
430 543 4.878458
430 728 19.490970
431 726 6.542523
433 564 2.749188
433 604 5.756474
433 679 17.009687
433 707 12.762251
433 769 18.833197
438 685 8.550951
440 553 10.468946
441 759 16.001693
444 530 4.888848
444 686 14.120586
445 555 5.622492
446 529 10.301222
448 721 11.041985
449 513 18.781294
450 628 6.727104
454 483 18.506434
456 568 7.662910
460 580 4.529772
460 736 15.978839
461 797 14.360133
467 511 7.224353
467 528 8.568057
467 781 19.351200
470 603 16.383433
471 501 9.150303
471 680 8.006427
473 544 19.030704
473 686 13.899480
474 593 16.191852
475 645 5.277390
476 526 3.753780
476 614 18.159325
476 695 19.569633
479 556 8.238065
480 562 7.402168
481 597 6.599612
483 641 18.739130
488 504 3.766467
495 715 15.567536
497 513 14.951599
497 676 4.172035
500 698 1.525691
506 746 15.097400
508 706 19.889007
511 636 14.997933
511 650 12.444591
512 632 11.831233
514 761 7.490878
516 787 15.371275
520 790 18.061021
521 600 7.656971
521 630 6.524725
521 739 12.798431
523 701 16.827848
530 782 5.411818
531 554 16.293118
532 725 1.167600
534 662 1.883292
536 602 6.863525
537 655 17.218207
541 612 16.668171
542 640 7.597782
542 700 16.515837
542 765 15.493633
543 607 13.561476
543 644 4.841520
543 682 3.261025
546 573 6.440855
546 665 1.939458
553 766 15.520871
554 579 2.850569
555 677 3.167279
555 750 16.226764
556 714 9.172665
560 618 1.923564
564 692 9.629543
564 712 18.106153
564 722 8.656603
565 693 6.881455
567 720 4.105709
568 643 1.546875
576 666 7.834897
577 619 15.006996
578 694 1.167375
579 659 5.817659
581 598 17.792402
584 663 2.937401
588 744 17.438371
588 787 4.450563
591 692 17.838855
594 651 4.172226
596 634 5.964447
596 699 11.444486
596 792 15.084557
603 697 1.154624
607 775 13.665769
615 660 7.246057
616 772 6.033916
622 711 1.427226
625 666 15.306860
627 743 17.972033
630 671 11.883046
638 770 12.573989
642 688 8.535260
646 670 3.694299
649 700 3.700263
650 746 3.175148
657 784 6.200158
658 696 10.597337
664 705 14.691441
665 683 4.959131
669 711 11.101008
676 785 9.427905
678 697 9.768126
678 732 14.834737
707 729 3.250746
712 793 12.025522
730 732 14.877705
736 767 14.613922
738 739 3.375165
738 750 11.925410
751 766 10.823536
754 764 19.237394
757 792 18.880232
759 779 14.743189
22.645403 20.050875 14.468796 6.498092 14.211843 16.798183 24.556644 21.887458 17.438281 22.270843 19.022107 8.153393 23.964004 13.002083 12.870370 19.587436 16.839693 15.255183 12.189860 23.646210 14.270675 8.504759 20.350066 10.637651 15.716028 21.224388 6.858789 5.543565 14.188680 15.260404 11.051399 24.579779 8.949164 5.433713 20.910809 8.077285 23.832705 11.832202 21.977911 24.993489 7.430771 19.808488 12.147610 24.275684 21.470364 8.386105 20.320001 15.619882 21.344594 5.279893 19.493451 13.739147 22.865965 22.424786 15.549933 6.002182 23.156689 23.028612 7.007188 14.768952 9.783956 13.598631 15.391956 21.393007 10.065660 13.971200 21.913508 20.526050 10.547122 5.722266 9.749947 10.903240 18.538076 10.860816 19.877948 22.433083 21.851881 14.699994 13.888344 11.902603 18.010636 6.076447 10.374084 9.458275 10.974213 23.736156 7.011360 24.964157 11.845227 6.056635 15.287617 13.526821 5.513879 8.522414 16.011543 15.212502 14.742513 5.805749 20.730214 9.996147 24.245301 20.047833 10.032287 5.863446 17.066774 22.320249 9.754193 11.068711 13.753572 17.435532 10.379468 5.450897 17.777226 12.413139 13.634421 12.444582 6.870168 21.308488 9.538929 24.767536 5.276573 19.089849 6.540771 21.034139 20.190199 8.994410 24.744263 16.428161 12.398929 9.562505 6.942041 16.965631 10.342932 11.537178 11.456118 24.087091 21.715946 14.826299 8.566545 8.430601 5.777950 8.538548 22.157261 5.675260 14.470429 6.760894 12.479441 8.197197 7.144248 23.951089 17.968116 9.434523 18.844007 24.928796 20.866003 6.722028 10.125376 23.759699 14.476251 11.711835 15.934123 17.163608 7.375084 21.683282 13.739356 14.659417 13.349500 16.593326 22.834257 14.610192 15.922839 10.779147 24.750105 24.075241 15.704392 18.198212 6.486179 14.069850 15.465971 15.859388 16.717245 11.861102 24.255620 16.790602 12.510221 15.425993 7.956602 18.063058 21.253559 16.844406 13.262076 9.005112 11.431989 20.984742 23.706881 23.434983 13.486994 18.439666 19.609226 5.071632 6.931836 10.273025 15.264283 24.021060 21.079079 6.989725 19.450134 23.439403 14.919888 12.431528 20.660552 18.814414 20.671663 8.537735 21.843973 18.872323 9.813393 24.151095 15.632195 13.944373 20.386735 19.477514 7.700719 9.443531 12.468757 8.392342 21.150755 14.263721 13.550413 20.499623 22.677256 19.125676 8.217372 16.880005 6.385825 23.005562 12.886537 19.676688 7.615533 19.121120 6.434693 21.772162 19.310139 9.879529 15.713677 12.215624 8.363350 14.952116 11.529872 6.003171 10.409497 6.497524 12.337896 21.029188 22.052103 13.577933 16.402130 23.880966 8.853155 15.863568 18.824520 19.882666 6.460917 10.658136 10.355942 6.542652 22.700897 24.236884 16.974878 19.794370 23.302174 11.441671 15.201469 16.711563 10.377391 17.679613 20.059329 14.913537 14.993544 13.243766 14.529943 12.741468 20.625986 12.530239 15.041734 5.649796 9.090293 16.141708 19.863879 19.420919 20.341833 15.511947 21.640077 24.794346 11.016014 9.454460 20.568984 6.717370 6.534387 24.193145 6.270320 12.461115 23.739809 5.097770 23.245753 9.955965 5.225002 11.507599 9.744640 23.110952 10.300578 18.300998 19.130119 21.877363 7.887247 18.177851 7.244338 14.227750 9.115258 17.342412 24.199837 19.418279 19.947549 15.963361 8.619836 18.848660 22.030779 21.430773 20.840814 23.244039 12.371443 16.000944 22.843986 12.296666 9.254895 14.991306 16.141094 23.555650 10.574843 17.490177 8.204578 11.021368 18.900646 21.048690 13.079163 18.870494 13.883204 22.133003 24.704550 18.393690 8.018085 19.091919 10.461987 9.846351 21.601903 5.066833 13.510447 16.507288 10.341677 11.665370 17.025878 19.622997 19.255337 22.481641 16.856294 13.180027 20.983357 12.218584 10.101357 8.571529 5.872216 20.315502 14.428601 8.068622 8.054719 24.693878 21.070277 6.956347 7.470492 7.349910 14.248835 22.523269 16.707020 22.046428 22.090093 17.116146 14.485187 23.252819 14.900704 7.475881 12.107154 23.124282 8.152071 12.760980 23.392238 13.850737 14.157112 22.944171 17.066028 20.672783 18.860490 12.771178 17.621718 22.103772 15.682269 11.420559 12.128452 24.323127 13.623323 11.258111 10.357514 11.934682 24.009730 12.489638 20.999432 6.648624 16.272410 8.874133 13.465880 9.822743 15.613562 7.595141 11.207408 9.928204 11.416143 10.869610 9.111649 24.273224 8.645253 22.564590 7.613468 10.273722 15.553846 16.244493 15.395345 18.340627 12.429908 7.235082 13.389392 8.320105 13.199874 15.924163 5.067093 9.052973 9.572328 17.403879 21.508098 10.301159 6.384750 6.010663 13.904313 15.006215 19.062668 12.027186 7.640213 24.377930 7.136726 14.865375 6.658392 12.927585 23.723956 5.821126 7.547020 24.346779 10.938390 17.502034 16.259516 17.785040 23.779774 19.755389 21.544871 24.017897 8.372118 12.522652 15.629341 23.986110 6.028422 21.302318 14.757287 19.943999 24.256519 6.951436 12.575788 21.858057 16.254562 11.023117 8.065586 13.508550 18.627908 13.458096 19.115784 13.787245 9.578978 14.783621 20.518716 16.563241 9.539104 17.294385 17.141984 13.019275 14.891058 12.196115 13.719063 15.020046 11.285880 12.180815 7.809170 11.133227 21.867981 24.788750 14.271237 22.409720 20.365862 6.982338 22.326796 5.166902 21.652096 12.627155 14.570213 22.530108 6.085229 10.681356 14.077779 17.523978 6.168728 23.652683 21.829638 13.091259 12.850067 17.471474 12.593304 7.091011 14.346201 14.341366 13.588581 17.142574 13.630722 12.626108 20.327205 19.104648 9.627963 9.102186 22.788543 16.072267 20.027019 24.938545 20.371924 17.379978 12.347549 20.799335 21.038927 7.993167 19.081738 21.564731 22.169766 21.793667 12.822385 5.270798 16.151717 12.417297 12.404660 24.523596 18.202518 16.409732 8.521402 5.899095 22.278299 22.965389 19.239475 24.202981 23.314863 18.268481 8.778290 24.736954 6.099073 14.646514 22.302583 14.489411 21.085861 5.902614 14.503599 13.178042 9.334168 16.384627 22.169586 8.020122 17.872592 7.758925 5.384535 24.812771 14.426097 15.124112 12.225231 6.556548 22.667522 15.319819 18.779765 22.693147 17.806758 7.296172 16.880317 13.930711 16.913606 11.629205 21.077040 7.926031 23.805617 15.713555 10.972981 8.980051 14.907817 8.535716 20.513533 7.362637 16.773330 6.448312 18.511714 9.213583 7.534298 24.019581 16.948568 23.781221 21.630125 10.102735 6.990822 15.766299 18.732266 14.154092 23.479056 13.801958 24.598429 20.190415 17.115236 12.650734 6.427001 17.386289 9.114292 21.164144 8.745147 20.068180 15.988385 8.709666 14.404392 7.347637 17.455967 16.516344 22.605972 9.318533 24.572304 12.100544 10.085311 10.874106 9.515196 19.666023 23.487035 22.329638 18.407017 19.640733 19.898624 22.316891 20.734745 24.473494 13.389302 15.276662 14.747976 14.014306 24.952943 14.525425 13.547669 7.492070 20.666501 22.958268 15.488337 20.231521 22.621127 6.147990 5.795216 17.480828 18.576152 9.598637 20.446408 21.681122 13.273767 6.716813 18.627712 22.210067 7.311184 13.721325 7.731853 15.094587 24.683271 16.754403 13.545661 20.789895 7.575556 22.397603 16.118073 16.247742 16.093456 19.926624 14.938266 6.745332 24.340954 13.057190 20.381947 9.446589 20.042498 14.715865 7.366558 15.641556 9.011559 17.547687 23.356829 15.989320 17.075024 6.734315 11.044507 21.868051 9.851743 17.506716 17.825417 16.810292 7.550599 8.191125 5.419025 21.632430 21.471712 14.361013 17.149168 5.379650 5.944782 21.959288 24.152451 18.985791 23.321196 21.223024 18.910029 11.781922 11.739982 16.583446 9.442873 5.242828 7.149922 19.714012 10.297564 5.622746 18.568719 8.732245 8.230966 7.785272 12.308193 24.058069 19.103283 13.625987 13.940111 13.192340 17.194705 17.436322 22.463395 23.621090 6.948846 11.189437 11.920095 21.276784 5.753007 23.940706 15.145836 7.673991 9.704922 11.622675 17.980039 5.705696 15.499892 20.556910 7.411533 9.626102 7.723116 11.702133 5.521879 24.008482 10.531366 13.518299 10.865610 24.995821 12.010373 11.712951 23.270189 21.727671 10.775488 5.992340 6.428994 15.719979 20.547217 14.277100 19.320590 20.064319 19.480931 6.911764 24.417065 20.878401
53
238
0 5 2.439566
0 19 6.963963
0 26 4.487907
0 29 1.670046
0 31 7.323269
0 42 1.108147
0 45 6.660683
0 49 7.859464
0 51 2.632884
1 6 9.405575
1 7 2.021894
1 9 4.837124
1 14 8.811348
1 16 6.298829
1 17 1.866048
1 23 5.793024
1 31 7.665539
1 32 9.861046
1 36 3.990519
1 37 2.599451
1 46 7.971713
1 48 4.845297
1 51 7.084642
2 9 1.169312
2 10 1.105990
2 27 2.379653
2 52 7.166355
3 14 7.915187
3 17 1.497008
3 23 3.600082
3 26 3.191263
3 38 6.412012
3 40 5.423799
3 49 9.743171
4 9 2.039705
4 10 3.992906
4 15 1.282989
4 20 7.588590
4 23 9.648054
4 26 9.316458
4 31 9.440416
4 37 6.757827
4 43 9.869472
4 46 9.959715
5 6 2.245012
5 25 4.870020
5 29 3.850387
5 31 7.884280
5 42 3.563805
5 46 9.578657
5 51 1.489461
6 18 9.864112
6 25 7.700656
6 28 5.487379
6 33 5.591118
6 35 4.615060
6 44 4.730569
6 47 3.498393
6 51 1.192644
7 9 6.731955
7 14 5.990498
7 17 9.745178
7 34 6.335194
7 35 5.626958
7 37 6.638173
7 38 8.948409
7 46 4.362811
7 48 6.936192
8 21 2.743373
8 22 4.564504
8 24 5.318226
8 37 3.685071
8 40 6.259038
8 45 1.030518
8 47 7.237276
8 52 1.496142
9 11 8.439990
9 19 2.360376
9 20 7.168783
9 39 3.854795
9 44 4.189314
9 49 8.801219
10 17 1.294785
10 22 9.457142
10 27 2.117145
10 29 3.580295
10 31 4.853446
10 38 4.365305
11 17 7.725942
11 20 4.273472
11 21 3.955338
11 23 2.897506
11 26 4.104332
11 35 3.874682
11 47 8.161669
12 16 9.560828
12 18 7.127545
12 25 2.665538
12 29 1.400274
12 34 8.936764
12 35 2.498611
12 41 6.315510
13 20 6.897422
13 24 2.044991
13 27 9.030593
13 31 6.296128
14 16 1.241966
14 17 2.092225
14 18 1.872655
14 24 5.431577
14 28 8.455929
14 39 3.747231
14 40 4.810560
14 42 4.624237
15 19 1.891725
15 22 1.960061
15 24 9.464973
15 28 8.462582
15 30 5.261883
15 39 5.632833
15 50 7.259728
16 27 3.233069
16 41 7.826211
16 42 2.463356
16 48 9.396475
16 51 1.207512
17 18 7.054444
17 20 4.645161
17 23 1.234614
17 41 7.172567
17 44 9.159821
18 20 5.059436
18 22 5.639195
18 32 2.310887
18 36 3.921025
18 42 6.830390
19 32 2.593112
19 38 4.449992
19 42 1.365360
19 46 6.924578
20 27 8.371895
20 30 5.851643
20 36 9.571883
20 39 1.223357
20 43 9.763140
20 47 2.032839
20 48 4.775603
20 50 7.060372
20 51 7.213516
21 30 5.515353
21 36 5.126465
21 40 8.690468
21 46 9.579798
21 48 5.687960
21 51 6.083815
22 25 1.022549
22 26 7.103959
22 28 2.722451
22 40 6.417882
22 49 4.152827
23 26 6.100011
23 30 6.275514
23 46 8.559986
23 49 7.074365
24 25 7.551689
24 26 9.868070
24 27 2.919318
24 41 3.260930
24 44 2.904902
24 51 2.381150
25 29 1.609346
25 38 3.259707
25 40 7.465021
25 43 1.171763
25 50 4.661363
26 28 7.199044
26 30 1.371081
26 33 7.535356
26 34 6.763947
26 37 5.188356
26 45 6.601598
26 47 1.399737
26 51 9.142002
27 30 5.257414
27 37 1.038070
27 52 1.024642
28 31 1.241100
28 35 5.192441
28 43 9.747104
28 47 5.261316
28 48 5.389273
29 36 8.859080
29 39 3.626303
29 41 9.443927
29 43 1.713735
30 31 7.533401
30 34 3.736709
30 36 6.889205
30 41 6.191180
30 43 8.899639
30 47 5.027252
30 49 5.074733
31 38 9.533489
31 41 3.733291
31 45 5.638615
31 48 6.449459
31 49 7.479327
32 35 1.311659
32 43 7.510936
32 44 9.641537
32 52 6.971865
33 38 9.301306
33 41 7.870872
33 42 7.203151
33 50 2.898556
34 43 8.078825
34 51 4.471893
35 50 2.316983
36 41 6.179892
36 52 4.789559
37 46 5.237307
38 44 9.818466
38 50 6.898809
39 40 1.219534
39 42 7.151611
39 43 2.011673
39 49 3.455632
39 50 7.670269
40 44 9.739385
40 45 4.960166
40 47 4.193871
41 44 6.545324
41 45 6.867141
42 52 1.272041
43 52 8.617805
46 51 4.921799
48 50 6.142962
51 52 8.999989
504.188940 227.402959 427.972484 450.468604 487.509577 407.370794 359.317977 229.024563 401.602156 371.492698 493.375568 357.836729 482.225455 298.747807 257.193647 469.925161 430.162283 412.511071 456.946667 446.302775 268.138342 226.813956 312.972801 387.957829 264.411296 428.878217 369.995143 508.105433 390.888385 466.818133 303.478844 368.096516 331.837141 371.307757 396.578430 306.218970 510.400806 360.876745 492.715978 255.267095 375.632195 396.766487 309.159688 464.863911 473.557576 320.131699 246.392084 367.765610 504.184050 334.063871 309.054791 463.743206 448.832444
