800
1597
0 1 12.663712
0 2 10.772638
0 11 19.477490
0 12 11.052553
0 13 9.783097
0 20 3.137857
0 24 7.246243
0 48 2.690370
0 95 10.712138
0 100 5.022513
0 118 12.570749
0 137 3.626681
0 141 17.046175
0 146 2.306706
0 165 15.225474
0 198 12.582964
0 226 17.997317
0 256 11.847586
0 273 13.858954
0 275 7.354913
0 278 10.403892
0 290 16.197120
0 306 14.469316
0 342 12.395835
0 388 1.832338
0 407 12.856573
0 488 7.280244
0 664 12.331568
0 674 16.563445
0 695 3.760157
0 746 16.870638
0 783 10.121451
1 2 10.861099
1 3 17.543448
1 12 4.731291
1 15 11.648232
1 16 11.832596
1 21 14.090309
1 32 2.964415
1 37 10.202538
1 126 19.924706
1 128 17.297535
1 167 15.849052
1 200 3.957690
1 291 19.453455
1 310 13.459309
1 389 6.613658
1 437 1.336987
1 476 16.928368
1 521 14.758126
1 612 19.769027
1 621 14.997165
1 686 16.898924
2 3 2.765677
2 4 4.154641
2 5 6.073145
2 6 15.902148
2 17 14.871229
2 21 1.233638
2 23 8.733313
2 31 3.635571
2 34 18.408788
2 53 2.373708
2 54 2.762542
2 61 4.641482
2 79 7.972445
2 116 3.260056
2 139 3.961537
2 163 3.132552
2 176 1.571070
2 206 19.014431
2 207 17.706507
2 215 18.327591
2 258 17.017130
2 285 1.601005
2 293 5.256350
2 317 5.685617
2 349 10.296299
2 547 16.695473
2 567 11.222673
2 596 1.388114
2 602 19.299519
2 631 16.987538
2 638 11.245258
2 662 10.641765
2 679 10.120773
2 703 10.892662
2 778 18.998673
3 4 7.247215
3 5 3.367745
3 6 11.947800
3 7 3.057386
3 8 4.183487
3 9 15.843348
3 14 5.957153
3 15 14.335577
3 38 9.849118
3 42 1.788040
3 47 10.699164
3 56 9.586683
3 58 12.451927
3 67 7.621039
3 69 15.961332
3 91 10.919778
3 97 16.797595
3 99 2.832097
3 127 16.237324
3 139 2.261137
3 162 7.143727
3 177 4.352097
3 185 5.002953
3 189 13.305796
3 190 11.836966
3 206 17.098501
3 251 12.966080
3 270 7.129953
3 272 10.120311
3 336 3.269785
3 341 1.359475
3 360 5.821658
3 383 15.530230
3 441 19.958671
3 442 7.614441
3 452 8.555422
3 462 9.783662
3 503 11.173962
3 549 6.037072
3 554 13.856746
3 609 5.778566
3 624 2.731444
3 626 11.617547
3 658 4.908903
3 689 17.368271
3 700 19.576790
3 701 8.435345
3 769 5.702077
4 19 9.050769
4 22 6.071743
4 26 10.867625
4 28 9.387356
4 37 9.532133
4 39 9.541867
4 47 3.057717
4 52 1.909508
4 56 9.077554
4 60 18.212838
4 87 19.296555
4 104 12.043378
4 187 13.243378
4 237 6.750726
4 338 13.930401
4 378 13.162348
4 401 16.670902
4 409 10.709517
4 426 7.981977
4 438 14.543035
4 548 19.148514
4 549 8.148102
4 568 8.261274
4 583 16.941067
4 594 19.650569
4 601 15.731695
4 607 9.498727
4 636 7.822901
4 684 16.330208
4 756 10.208766
4 767 11.630778
5 7 11.556604
5 8 2.069566
5 11 16.410609
5 27 13.289459
5 29 6.898049
5 36 1.087698
5 45 14.546335
5 59 14.499303
5 63 18.554834
5 64 13.433923
5 65 5.224745
5 122 2.656214
5 128 16.876458
5 135 15.544260
5 138 8.899724
5 168 16.381979
5 186 17.816217
5 193 8.952149
5 214 2.216876
5 267 13.864927
5 291 6.067157
5 310 12.532512
5 384 18.250946
5 429 1.473375
5 435 11.243382
5 439 17.916873
5 539 10.187624
5 543 7.088290
5 678 9.752042
5 694 19.657769
5 731 7.196186
5 759 1.132276
6 18 19.391925
6 43 18.291733
6 76 1.501872
6 106 11.281557
6 113 9.726541
6 146 13.187776
6 210 15.971262
6 211 6.469020
6 275 14.516812
6 301 10.924132
6 315 13.417332
6 404 1.084377
6 486 7.068683
6 565 14.486955
6 748 12.112837
6 749 17.211153
6 770 2.322420
7 10 13.772559
7 13 11.066168
7 20 18.404568
7 27 11.216195
7 31 1.642825
7 40 15.067337
7 49 13.190433
7 86 12.612302
7 101 12.810344
7 103 6.999216
7 134 4.684100
7 144 11.080412
7 152 3.820663
7 156 9.159121
7 165 17.908807
7 198 8.110185
7 259 1.702038
7 274 12.986895
7 283 6.141255
7 288 17.450841
7 292 3.149658
7 299 14.060711
7 318 3.459015
7 368 4.955563
7 381 3.402443
7 421 3.008343
7 459 2.581579
7 471 12.184459
7 480 1.627693
7 482 7.389208
7 483 9.985581
7 509 17.412115
7 551 18.940964
7 566 17.491336
7 722 5.031341
7 760 1.106373
7 798 17.747307
8 9 8.965443
8 10 19.922747
8 14 4.006666
8 35 9.211876
8 38 11.195900
8 58 9.775480
8 106 6.194495
8 138 18.906320
8 179 8.910430
8 196 15.191042
8 247 14.988559
8 282 15.052329
8 289 19.675008
8 327 1.227790
8 377 2.367393
8 397 4.976525
8 400 14.736586
8 434 18.969447
8 464 9.323963
8 472 1.462084
8 520 15.729804
8 577 1.086755
8 611 11.445087
8 644 4.453923
8 713 1.966671
8 761 6.881716
9 17 8.040634
9 18 17.208409
9 66 10.814100
9 112 10.451388
9 174 2.641220
9 224 2.188343
9 404 16.789887
9 416 6.774874
9 431 6.752267
9 577 6.570355
9 660 13.566419
9 696 12.645381
9 728 13.660744
10 16 9.728554
10 30 15.731998
10 49 1.907202
10 71 9.744536
10 102 19.102124
10 231 7.704341
10 425 10.770007
10 443 6.170138
10 500 1.222729
10 526 13.566428
10 531 4.349094
10 601 8.264711
10 730 7.758001
11 35 9.238710
11 84 16.552452
11 126 1.273127
11 375 3.460211
11 481 14.357688
11 639 1.979205
12 23 17.005824
12 46 4.312323
12 140 13.891558
12 579 11.635001
13 39 17.818609
13 50 1.036699
13 74 15.408552
13 94 2.921083
13 132 15.610575
13 166 17.805253
13 434 17.798151
13 510 3.691243
13 757 12.781734
14 25 16.897233
14 30 15.174239
14 46 18.654762
14 54 14.011064
14 74 8.119544
14 92 2.402583
14 123 4.193924
14 161 10.177263
14 179 14.699415
14 213 6.631894
14 406 6.829530
14 484 3.136611
14 586 6.988992
14 760 8.533110
14 798 4.659909
15 25 15.512483
15 44 12.811960
15 55 17.220037
15 65 3.590108
15 72 11.764859
15 212 1.468056
15 218 13.152411
15 223 8.898574
15 309 6.112707
15 338 16.613354
15 396 7.616973
15 405 17.100530
15 412 13.946099
15 457 6.931996
15 486 7.308381
15 518 5.545502
15 587 10.505618
15 618 10.152889
15 675 5.178487
15 724 12.451147
15 759 12.097486
16 136 6.750377
16 171 14.900620
17 19 12.186394
17 33 3.559010
17 36 2.218200
17 91 18.361441
17 121 3.552080
17 281 11.523338
17 341 14.855729
17 385 7.557767
17 409 12.389709
17 542 9.542653
17 563 7.363539
18 29 16.914088
18 41 4.202073
18 59 2.442184
18 61 18.055331
18 62 18.974622
18 69 16.827086
18 82 17.163147
18 83 5.828295
18 125 13.086922
18 157 2.488248
18 160 18.907641
18 190 4.318174
18 285 3.403235
18 316 3.913815
18 363 9.955589
18 370 17.608798
18 373 13.767188
18 513 6.111589
19 26 5.363257
19 75 5.367076
19 85 11.344761
19 158 13.001927
19 227 2.398705
19 254 7.713570
19 263 4.999193
19 415 11.212444
19 436 15.568528
19 501 6.503568
19 595 8.606333
19 622 16.885261
19 714 17.735982
20 63 1.082213
20 73 3.959404
20 333 4.669178
20 559 7.321215
20 666 5.347727
20 682 19.038273
21 22 5.513346
21 90 2.601319
21 170 5.653706
21 474 12.596860
21 656 8.705923
21 730 4.635893
22 28 5.904186
22 41 2.249595
22 48 9.322101
22 53 9.215632
22 57 3.642600
22 88 13.941350
22 157 11.061965
22 173 9.773292
22 196 6.746062
22 227 9.320636
22 288 5.743788
22 295 9.394143
22 308 1.808795
22 313 3.157282
22 339 15.694052
22 403 13.061777
22 487 13.643382
22 514 18.258381
22 627 17.722814
22 667 13.296438
22 791 12.464487
23 24 14.747212
23 33 10.163159
23 34 3.946064
23 281 11.208974
23 766 19.417874
24 44 4.593866
24 62 4.422088
24 124 5.418942
24 150 11.366486
24 153 10.130785
24 188 6.805642
24 355 3.662218
24 382 2.385092
24 561 4.806835
24 582 5.543236
24 615 3.305365
24 752 5.973014
25 491 18.035042
26 32 19.383226
26 40 9.079320
26 42 8.010527
26 133 1.317734
26 143 18.081879
26 167 4.753737
26 276 8.153116
26 287 3.260145
26 328 15.016831
26 352 1.780565
26 574 1.832005
27 566 11.675496
27 688 18.024386
27 799 6.193901
28 68 1.620411
28 89 17.082520
28 100 15.458777
28 117 16.485280
28 224 14.355555
28 239 3.830317
28 279 13.715607
28 289 7.684982
28 371 3.973577
28 377 8.608029
28 419 2.654105
28 430 13.766235
28 448 2.904954
28 454 14.555927
28 522 15.690341
28 524 19.010439
29 111 19.305903
30 43 3.008740
30 57 16.623804
30 105 12.061347
30 119 12.992833
30 286 4.726947
30 323 2.532406
30 359 14.986349
30 502 2.988387
30 692 6.100061
30 750 12.684642
31 50 14.934755
31 132 14.505467
31 360 1.019779
32 76 16.095676
32 97 8.023202
32 98 1.959733
32 101 7.472873
32 229 3.185720
32 410 15.150671
32 659 17.519232
32 743 7.027787
32 781 11.405512
33 77 16.249163
33 117 15.649538
33 534 4.025820
33 690 3.463443
34 60 3.081093
34 204 10.164039
34 226 9.017887
34 228 18.242265
34 488 15.029707
34 725 10.983696
35 279 9.289390
35 363 11.548617
35 629 5.235803
36 80 9.580831
36 123 16.051618
36 155 13.340093
36 562 2.363690
37 81 17.433311
37 424 6.937552
37 557 8.663410
37 635 4.715879
38 45 10.720062
38 51 8.192288
38 72 7.784813
38 96 12.052482
38 116 15.587036
38 142 16.743529
38 192 8.055368
38 251 15.555215
38 266 6.410946
38 280 7.459879
38 392 1.413502
38 457 17.329916
38 539 15.301142
38 679 9.789050
39 142 18.051189
39 185 8.692908
39 349 8.818865
39 398 1.028726
39 426 2.162015
39 613 15.873047
39 710 2.854387
40 129 16.669604
40 130 13.257229
40 222 1.438912
40 372 11.339619
40 428 11.427441
40 523 2.355566
40 787 18.690243
42 667 8.202906
43 66 7.410641
43 82 17.891097
43 89 3.777687
43 140 8.112621
43 174 9.590175
43 221 16.722233
43 584 7.883881
43 604 6.392704
43 618 14.695017
44 51 10.136011
44 73 11.231104
44 94 17.384431
44 137 8.860033
44 144 16.078005
44 267 6.967975
44 378 18.057387
44 495 15.824102
44 512 2.251538
44 641 2.306983
44 799 10.488206
45 52 9.258758
45 129 4.884076
45 201 11.544463
45 322 13.044852
45 350 4.100066
45 423 9.001476
45 605 6.066523
45 703 4.578665
46 509 10.796002
47 111 13.474372
47 203 16.253974
47 257 9.773639
47 336 12.517704
47 395 18.721519
47 400 4.136271
47 468 2.313585
47 489 2.493729
47 635 11.770618
47 657 6.664859
48 67 8.163045
48 68 3.167766
48 71 1.636650
48 448 18.301759
48 470 7.684206
49 107 12.894148
49 131 10.168737
49 163 13.501953
49 387 11.670570
49 492 16.137928
49 557 6.308063
49 753 7.649755
50 314 11.294396
51 81 12.658512
51 84 18.453675
51 107 7.841220
51 169 7.314998
51 184 17.715221
51 220 6.781099
51 595 8.590023
51 675 18.513221
51 720 14.666198
51 746 7.311497
51 778 11.623351
51 788 8.321018
52 105 5.962035
52 120 19.698882
52 156 6.532690
52 254 15.358106
52 340 7.529820
52 505 5.698465
52 645 9.867630
52 747 9.587405
52 780 7.017059
53 55 4.061759
53 78 18.397719
53 154 13.925939
53 172 1.990359
53 304 13.257318
53 405 2.265667
53 629 6.041854
53 764 1.091855
54 80 17.252010
54 115 1.458583
54 175 9.526271
54 651 18.713270
55 191 16.626488
55 345 14.011073
55 477 8.871781
55 676 2.207814
56 85 9.082411
56 113 6.294458
56 283 5.385094
56 287 2.329356
56 346 9.588879
56 440 17.963367
57 64 1.643183
57 70 9.049935
57 122 1.619299
57 172 12.176590
57 262 9.775364
57 320 19.022517
57 325 14.746633
58 70 13.361630
58 114 7.482882
58 134 3.007173
58 152 15.310575
58 175 16.530611
58 189 8.187683
58 274 5.351475
58 460 16.378396
58 467 9.967183
58 638 14.482082
59 88 10.922512
59 131 9.035821
59 149 6.996980
59 168 6.575920
59 232 7.737461
59 238 6.732942
59 244 17.536012
59 297 5.069548
59 527 19.082363
59 578 9.969235
59 594 6.640625
59 637 4.540917
59 685 5.725148
60 108 16.753889
60 236 18.662620
60 452 12.672297
61 78 11.785488
61 200 19.046343
61 738 3.902493
61 789 3.035335
61 790 4.279585
62 120 16.088586
62 177 12.214834
62 210 13.215539
62 367 5.039128
62 487 13.379163
62 769 10.872974
63 75 11.713837
63 133 15.978450
63 148 13.979316
63 313 14.370527
63 334 3.760782
63 463 10.046333
63 630 11.225516
64 79 4.827989
65 86 7.825161
65 102 3.516842
65 353 12.071496
65 362 2.725851
65 394 5.895343
65 422 10.860798
65 475 6.479547
65 717 14.689250
65 792 18.818020
66 164 9.582812
66 195 12.052931
67 96 1.578150
68 77 17.255588
68 103 14.365264
68 354 17.616055
68 661 1.693885
69 478 11.097597
69 504 5.147119
70 507 5.218166
70 541 11.641132
70 797 2.181738
71 83 1.020084
72 149 19.902465
72 153 7.183697
72 154 1.092500
72 180 12.049529
72 369 3.222452
72 582 14.938622
72 710 3.810952
73 158 13.789043
73 159 4.798737
73 706 1.940782
74 108 19.985008
74 225 9.004527
74 242 11.132982
74 292 18.493160
74 322 6.345332
74 332 2.814229
74 552 5.584974
74 575 5.238889
75 92 16.213703
75 124 15.174458
75 272 1.972869
75 643 1.977139
75 680 15.938166
76 148 7.627811
76 173 2.572058
76 202 5.015644
76 265 6.730267
76 328 9.428092
76 389 19.719162
76 568 1.653045
76 755 4.792283
77 93 9.866016
77 316 10.216213
77 433 18.240471
78 119 18.579800
79 298 4.573413
79 740 8.065302
80 162 12.230284
80 209 10.726550
80 276 9.989192
81 182 14.021076
82 353 17.885499
82 412 8.982926
82 574 4.950490
82 786 12.229970
83 118 11.139944
83 290 15.546190
83 337 15.020056
83 485 16.291312
83 570 12.225093
83 616 6.434390
84 723 7.075593
85 95 15.828936
85 98 11.162654
85 104 17.213638
85 229 10.999963
85 447 1.292622
85 764 7.548064
85 774 15.395664
86 87 5.589314
86 245 9.402715
86 414 12.532568
86 421 19.912684
86 518 14.922024
86 627 14.066558
87 240 1.444047
88 433 11.912293
88 449 3.639182
88 456 18.688283
89 90 7.671964
89 127 2.427102
89 581 9.452338
89 651 14.758212
90 109 13.337427
90 171 13.003196
90 219 17.290443
90 284 15.765492
90 422 16.880900
90 439 8.672601
90 722 14.370472
90 744 1.519672
90 775 14.599969
91 115 14.238883
91 180 16.073888
91 181 14.047205
92 93 12.987964
92 141 6.850709
92 160 15.179316
92 445 3.963993
93 99 10.057319
93 202 3.192925
93 268 9.916676
94 110 1.280873
94 392 14.507013
94 649 15.680644
95 711 15.728630
96 253 5.240183
96 255 2.806102
96 390 18.107906
96 406 3.596013
97 395 3.887981
98 176 2.586976
98 252 17.651523
98 269 8.388029
98 315 7.726984
98 399 4.678823
98 538 14.331909
98 763 19.291244
99 110 3.573457
99 231 17.996360
99 308 3.898322
99 519 10.520256
99 564 16.589497
99 671 17.381350
100 192 7.468726
100 417 10.348080
100 498 4.083277
100 696 2.748826
100 737 5.524224
101 130 15.605906
101 136 17.362199
101 155 18.551187
101 188 2.052438
101 262 17.656332
101 317 11.437416
101 333 13.520041
101 503 8.381236
101 506 9.212252
101 507 15.600861
101 593 10.151497
102 143 15.977579
102 314 15.875859
102 511 17.284912
103 186 9.541465
103 242 14.371299
104 772 7.367369
105 236 11.166498
106 109 1.079582
106 204 1.361587
106 284 1.137319
106 376 5.834467
106 440 4.543925
106 456 4.786527
106 551 16.676537
107 150 1.593649
107 184 13.814938
107 208 4.089564
107 215 7.321489
107 248 16.804831
107 381 6.655557
107 430 7.241023
107 431 12.592091
107 464 19.965005
107 465 6.525527
107 489 1.499853
107 632 11.576180
107 748 17.667328
108 112 5.737803
108 491 11.912413
109 216 1.701655
109 357 3.875174
109 411 10.219621
109 483 13.169150
109 789 2.918511
111 166 16.662047
111 243 17.338432
111 361 1.105321
111 634 15.159855
111 744 9.665980
112 164 12.511053
112 234 13.931917
112 237 15.432417
113 114 5.494952
113 230 9.315477
113 233 4.041636
113 555 18.705433
114 125 3.745284
114 416 16.090487
114 564 13.335085
115 652 4.857458
116 194 6.770367
116 527 19.728428
117 347 5.692604
117 579 5.440961
118 195 1.936132
118 738 3.862758
119 121 1.003804
119 147 12.866715
119 569 14.763121
119 735 1.098017
120 216 19.176488
120 268 18.059816
120 270 8.242994
120 473 8.170160
120 500 10.898569
120 556 10.933171
121 514 18.271288
122 182 15.447735
122 197 7.400219
122 340 11.391839
122 589 15.018044
122 745 19.313363
123 212 12.042180
123 364 2.581224
123 532 7.574771
125 169 2.462202
125 220 4.653039
125 261 6.290220
125 294 16.441154
125 305 10.929070
125 326 17.082040
125 393 10.026222
125 466 11.627750
125 597 3.808472
126 222 5.766348
127 253 10.826163
128 366 17.897118
128 442 5.068093
129 411 7.123802
130 135 15.735221
130 194 17.836855
130 506 11.298900
131 145 2.029075
131 151 1.250256
131 217 9.534965
131 235 1.380938
131 391 19.841075
131 413 8.987555
131 474 18.938801
131 505 6.504746
131 563 15.713528
131 588 16.346785
131 717 17.859111
132 418 4.003037
133 460 11.837728
133 548 13.372952
133 612 14.632838
134 247 17.172711
134 331 13.895742
134 645 6.334686
134 693 13.722306
137 159 16.544928
137 170 15.905684
137 211 11.666003
137 235 18.479919
137 240 17.090300
137 545 9.656286
137 578 16.843419
137 779 17.156187
138 147 11.198927
138 197 12.663841
138 239 3.912101
138 321 14.868684
138 376 10.708719
138 428 3.689540
138 620 8.228273
139 223 11.959702
139 232 3.109739
139 238 11.724443
139 345 12.373936
139 444 18.794926
139 496 13.719332
139 650 10.356240
140 348 10.873477
140 438 11.263374
140 493 13.799456
140 528 7.955142
141 145 17.539198
141 178 7.089738
141 330 18.473727
141 385 3.637163
141 494 3.066938
141 498 14.455254
141 724 3.614590
142 151 2.236439
142 178 12.658755
142 181 13.027714
142 249 4.235647
142 373 12.325715
142 379 15.256315
142 435 1.896023
142 499 16.001279
142 520 14.125169
142 545 8.895946
142 593 7.215632
142 600 18.193870
142 684 15.792616
143 221 6.648673
143 249 14.648378
143 372 4.496841
143 495 3.954240
143 762 18.553322
144 207 17.119443
144 386 3.774040
144 680 4.078439
145 191 6.251284
145 263 5.003281
145 446 10.126449
146 246 7.097100
146 359 7.331804
146 368 17.791436
146 517 13.903922
147 304 5.437270
147 646 14.681882
147 663 6.954961
148 183 6.898140
148 255 6.756493
148 677 8.332162
149 382 10.726216
149 528 16.134345
149 555 12.696321
150 271 4.512491
150 493 19.948744
150 591 18.747770
150 707 15.501345
152 201 16.074869
152 244 5.763367
152 479 4.444625
153 161 19.738377
153 234 17.197583
153 383 12.160049
153 704 14.325028
154 245 17.722731
154 257 6.401958
154 301 11.000123
154 445 6.479410
154 530 15.838286
154 553 6.183651
155 356 8.387089
155 357 15.058584
157 295 17.127536
157 319 2.525071
157 352 19.427534
158 203 4.871911
158 217 10.251897
158 278 18.993887
158 700 3.432621
159 214 16.175248
159 250 8.078203
160 299 7.604781
160 525 10.899927
160 526 15.987522
160 709 18.169062
161 228 12.902247
161 634 14.393955
162 187 7.129631
162 277 15.666293
162 425 1.853012
162 657 1.837475
163 364 19.394852
164 455 14.907790
164 519 5.645435
165 199 13.438307
165 617 12.616024
166 699 9.852224
167 241 18.100806
167 335 8.680222
167 628 13.864346
167 771 5.903543
168 446 12.115986
169 205 5.834892
169 230 6.681495
169 334 13.833459
169 727 18.780782
170 209 18.812471
171 606 12.043570
172 647 19.148536
173 199 5.685676
173 556 7.182923
173 590 5.391200
174 776 8.868412
175 213 17.287887
175 256 7.281962
175 320 16.451894
175 365 1.341919
175 575 8.773986
175 682 4.266609
176 205 5.641751
176 335 10.000670
176 761 14.162038
177 219 6.464480
179 183 12.982892
180 250 12.174681
180 332 12.336573
180 763 15.849414
181 273 6.329195
182 355 6.654615
183 300 19.726036
183 525 1.252967
184 306 9.419959
184 522 11.494504
184 596 1.816903
185 365 19.075406
185 762 15.725978
186 397 1.694949
186 427 5.427626
187 252 1.090859
187 374 12.934167
187 453 6.422659
187 478 18.789861
187 588 12.640253
188 302 18.109545
188 504 2.537434
188 516 5.900934
189 193 14.095569
189 208 19.648923
189 218 3.775374
189 396 14.100878
189 462 17.673924
189 502 3.835877
189 616 12.651147
190 298 3.050381
191 261 15.175816
191 265 17.827047
191 271 11.983742
191 695 12.375892
191 739 12.489246
193 326 4.935660
193 394 7.369428
193 529 1.399426
194 241 15.494194
194 362 6.751784
194 410 19.674554
194 602 7.251864
194 678 4.452793
194 713 7.326601
195 300 16.627427
196 513 11.800086
196 544 9.838615
197 296 15.364688
198 225 15.111606
198 243 10.580488
198 603 19.243808
199 343 12.811136
199 465 2.116275
200 386 19.083391
200 387 6.583758
202 260 2.765833
203 259 2.475153
204 264 16.204198
205 233 19.392507
206 419 10.532448
206 492 16.823108
207 344 8.481040
207 351 9.769130
207 669 9.338910
207 708 11.197101
209 264 7.784585
209 481 14.703131
209 711 13.436901
210 305 6.086061
210 432 3.562202
210 436 7.498490
210 753 18.626482
212 269 6.240121
212 297 1.342559
212 441 7.814437
212 468 4.833110
213 246 3.205457
215 348 3.775658
218 469 6.460828
218 765 15.961667
219 791 6.260028
220 321 18.262759
220 599 8.629947
220 720 17.392851
220 721 7.613945
220 775 12.169608
221 286 9.197631
222 666 14.187476
224 613 18.804981
224 787 19.833470
225 258 14.447283
225 324 5.286685
225 390 17.556982
225 515 1.760952
225 729 15.525228
226 343 1.872771
226 459 4.277777
227 758 14.465010
228 307 10.086113
228 553 19.528621
229 307 6.492507
229 356 18.242831
229 393 6.196574
229 780 5.800919
230 417 7.864173
231 633 19.961344
232 260 1.847417
233 683 9.726646
235 388 17.454170
235 485 10.090104
235 688 2.789049
236 248 3.532557
236 443 16.353375
236 747 10.969804
237 537 4.805304
237 572 15.213643
237 692 14.591652
238 312 19.542329
238 501 4.805928
239 277 11.234169
240 530 11.982439
240 536 5.170918
241 726 4.161044
242 361 19.496261
242 712 15.275320
243 358 17.050305
243 380 3.290117
243 401 8.511081
243 674 3.753381
244 311 14.628421
244 585 8.866357
246 339 16.434298
246 346 18.808889
246 734 5.501592
247 266 11.429309
247 282 13.419840
247 318 15.122150
247 350 10.736985
247 351 12.534777
247 432 19.861855
247 450 11.868263
247 472 14.329859
247 533 2.490212
247 702 6.815876
249 623 17.719431
251 585 17.850228
252 624 18.343452
252 672 4.206464
253 319 18.742255
253 447 18.929677
253 662 6.215970
253 742 6.598123
255 538 16.307072
255 558 15.616411
256 329 10.761653
256 347 12.239351
257 470 3.590905
259 294 18.344168
259 366 12.014618
261 414 3.929088
262 296 3.243571
262 323 17.729132
262 782 4.847276
263 280 3.529014
263 331 2.177285
263 344 8.479496
263 573 6.968642
264 302 7.694540
270 617 10.557915
272 303 4.549027
272 327 3.176876
272 330 17.527921
272 337 14.368761
272 398 3.714736
272 510 18.817214
274 324 1.405528
274 467 17.463638
274 640 12.710622
276 560 11.175373
276 714 9.813497
277 293 4.113263
277 636 12.478892
279 312 8.796851
281 649 17.988101
281 663 19.897733
281 793 3.304604
282 402 14.718383
283 576 14.693677
283 580 8.173261
285 642 17.092813
285 690 2.410653
286 309 12.597903
288 561 11.764424
288 606 5.545986
288 683 18.557873
288 727 16.092245
289 325 17.937711
289 407 17.929884
289 562 19.113111
289 689 16.895693
289 706 16.596861
290 619 7.227866
290 672 15.786368
291 379 2.344072
291 668 6.949782
293 370 18.836959
294 311 7.167090
296 367 2.398383
298 399 7.965512
298 733 16.027461
301 303 15.779164
301 709 17.388350
302 655 17.986454
303 384 5.200198
303 490 18.680321
303 623 6.145354
305 676 2.970530
305 681 13.513390
306 497 4.150226
307 745 5.917753
308 408 12.518512
308 508 4.688490
308 547 13.524772
308 737 19.967505
309 358 11.764772
310 329 19.624595
310 449 4.127237
310 615 6.486257
311 479 19.685852
311 652 16.731209
312 776 10.141470
313 665 15.813672
314 659 7.857852
315 354 18.593557
316 542 16.731706
316 573 8.875863
316 728 9.748242
317 694 1.959548
318 785 2.061159
320 374 15.701560
320 450 6.562704
320 668 10.627874
320 741 13.705281
323 534 17.508298
323 697 8.920935
325 626 10.754528
326 523 6.947383
326 572 5.429942
326 765 4.464116
327 712 17.245119
330 418 8.576101
330 517 12.414672
330 653 9.558154
330 658 7.966319
330 749 10.889251
330 777 16.830614
331 660 13.102629
331 773 7.400642
333 423 2.518141
333 735 15.243676
334 558 8.491463
335 342 11.595850
335 531 17.901025
336 420 8.942337
337 424 8.541162
338 630 8.029930
340 625 19.292846
340 734 1.547071
341 490 19.757553
341 554 3.338279
341 670 18.660185
341 697 8.923938
343 371 9.897343
344 794 11.953715
345 508 15.828841
345 569 13.019528
345 641 17.446396
345 790 13.425822
346 375 1.056328
346 380 15.017878
346 403 7.741794
346 511 11.998207
346 550 14.416399
346 580 9.451690
346 587 6.549163
346 715 14.190736
347 632 4.863133
347 718 19.679097
347 784 17.392237
348 451 2.710957
348 499 12.393245
348 598 1.984683
349 391 7.249051
351 369 8.522091
354 473 9.127340
354 546 5.155326
354 610 10.284989
354 768 12.032667
355 484 13.321251
356 570 2.373732
357 451 3.557499
357 691 8.737932
358 576 14.989675
359 603 15.882547
359 754 18.848849
360 583 7.819600
361 469 10.491179
361 586 6.799517
365 408 16.934303
366 544 10.818507
367 784 1.474171
369 444 18.957853
370 716 7.917629
371 584 7.302196
372 521 5.537132
374 476 9.250253
375 756 1.015503
377 607 14.239441
377 792 18.788169
378 415 18.627734
380 628 14.652229
382 559 19.116993
383 437 17.113586
383 648 19.545816
384 458 19.116060
385 621 18.344848
386 670 1.806431
387 732 13.721369
388 429 18.642893
388 654 7.806061
389 567 8.930855
390 420 8.852447
390 726 9.319407
391 402 5.864243
391 427 2.461313
391 533 2.644823
391 610 12.584255
391 648 9.133439
391 767 4.752239
392 608 2.894141
392 673 8.659263
392 691 15.326311
393 515 14.450437
393 535 4.231888
395 455 2.770132
399 453 2.692012
401 454 9.490626
401 543 12.667111
402 458 11.069967
402 591 18.525647
402 642 17.671618
402 736 4.176528
404 698 4.612627
405 631 4.093522
405 701 8.353856
409 560 15.967923
409 637 18.287312
409 721 16.713957
410 413 5.390848
410 608 17.273886
410 708 5.654781
410 781 1.646750
414 480 2.805276
414 609 8.840982
417 707 4.559384
417 755 6.618024
418 537 13.446298
419 475 4.446742
420 650 14.796669
423 786 8.355857
425 643 7.579328
427 477 10.649498
427 719 9.238154
428 604 8.922630
429 471 15.527998
429 546 3.577506
429 592 1.397056
429 605 2.740902
433 494 1.825756
433 597 8.792142
439 512 12.108815
439 552 2.649271
441 656 9.204088
442 614 7.043922
442 718 13.318288
444 461 8.529217
444 516 2.986979
444 751 14.572060
444 796 15.045390
445 535 17.272385
447 611 6.723472
447 733 2.772899
448 669 15.330743
448 742 9.191658
450 783 8.904573
452 461 7.623409
452 529 18.503067
454 463 11.358370
456 687 15.187657
458 599 17.876241
459 466 17.647458
460 681 18.986534
460 729 15.979268
461 731 2.858257
462 772 3.753296
465 536 8.379864
465 664 10.193775
467 704 13.573672
468 741 14.982316
470 482 2.870342
470 743 1.991786
471 496 15.896894
471 497 18.306339
478 532 6.543321
478 782 9.960587
479 550 18.183484
479 715 9.426804
482 571 1.748977
484 793 11.409319
486 590 17.636345
487 540 4.963047
488 541 13.611992
490 639 16.374642
491 524 10.077474
493 771 9.399156
500 540 5.560449
500 647 11.076896
500 705 17.120261
503 777 1.684777
511 719 15.254304
514 644 10.263876
517 592 4.663858
520 699 15.218734
521 614 6.565319
527 740 9.765711
530 698 4.407991
533 725 16.935252
536 565 12.573236
537 653 10.123656
539 589 14.982590
540 622 6.872139
542 600 2.221700
543 581 17.866727
548 620 2.644315
548 673 15.456186
550 702 7.780166
551 598 2.051891
554 685 2.688167
560 752 13.346911
562 571 7.287674
563 757 6.905767
568 640 18.189041
569 625 12.751491
570 646 4.290618
573 655 8.176359
575 705 15.536830
575 794 13.140764
581 723 8.297930
589 716 8.049659
590 633 9.502172
595 736 11.969473
599 796 4.468535
600 661 19.977581
602 795 10.311485
603 677 13.463629
603 754 9.702242
605 654 8.979412
608 671 1.056672
609 619 17.600293
610 770 10.388874
612 750 10.062662
613 768 18.784371
621 758 9.631145
627 751 11.350127
632 773 1.250153
636 732 8.373219
636 739 4.354004
649 665 18.689560
653 797 12.740544
657 686 12.552103
662 687 15.959935
676 774 18.915500
691 693 7.847542
703 788 18.558617
709 766 10.968939
713 785 14.213655
734 795 9.350750
762 779 5.642628
16.452661 17.137350 16.263370 11.175403 10.270098 18.834902 12.867574 7.814490 7.715570 13.503030 6.527551 16.472997 6.304211 21.788692 17.882015 21.437634 13.017921 5.305952 7.140581 18.351450 6.446684 7.178619 22.268209 9.862609 17.793090 20.613367 12.871692 13.367286 17.932719 22.358328 19.380207 13.574544 7.642461 13.759926 22.774575 18.736623 9.749772 21.703249 24.406887 24.027424 13.854139 7.768645 21.201951 14.498233 15.677157 18.322168 7.665657 20.708325 9.283636 6.439069 16.422018 12.088622 20.081343 14.651853 20.030550 9.443055 19.492981 22.614858 23.656506 20.771817 21.764597 5.892357 10.417329 20.293603 20.821981 8.094210 10.503202 12.332414 22.099704 16.206343 12.286155 9.581502 9.906347 14.286777 7.866051 12.007278 13.752657 14.625664 17.482770 14.261751 8.112598 17.887622 24.249375 13.218628 14.148757 14.513987 19.484262 23.028671 15.936342 15.373837 13.601517 23.444856 23.152389 13.938348 14.796586 10.102401 13.672879 24.015930 10.299795 24.832600 10.773824 14.481799 13.153665 18.662274 24.868907 23.277065 17.864769 19.280753 17.608849 23.503477 12.984737 22.641182 10.129324 19.474203 15.815268 16.099892 5.813675 24.725451 7.193114 21.561865 12.592395 22.765961 7.322647 23.632339 8.079100 23.182267 6.255357 23.496773 17.391967 18.163712 7.738252 8.079779 23.732150 10.419471 24.020452 23.326376 14.885324 7.668959 17.613662 15.671775 21.726249 20.792048 9.020440 12.337513 11.097717 17.435585 11.657142 11.504296 10.013096 5.915506 23.474837 11.761186 7.761466 14.294605 8.060658 5.960171 21.546148 21.950728 16.460496 6.709659 9.797791 20.480706 9.773113 16.861236 9.953899 12.257122 8.678835 24.076899 6.295832 14.027080 10.240173 24.469019 19.581130 21.406516 8.403733 18.666546 20.476643 23.718297 24.235213 12.710176 14.600229 23.168511 14.796409 5.829796 13.328593 11.276842 18.542880 16.639568 14.837070 15.192981 6.104995 16.040405 12.276383 10.682258 18.207758 20.219442 19.930230 16.344715 6.705911 11.091052 13.332321 10.848151 15.325351 11.241745 5.676888 14.030101 24.389935 18.113884 23.710822 7.255020 20.076879 19.600604 14.555304 22.746289 16.554384 16.486744 13.125954 9.583924 24.158881 24.526951 24.076463 9.268032 6.848095 9.264624 5.770372 24.861517 19.930450 24.616083 15.807166 21.293403 6.382437 9.064920 14.543805 15.085088 12.936375 22.389112 20.870134 13.432680 19.000505 23.253153 12.581975 15.386296 22.490174 23.835483 16.415547 8.716427 12.541085 9.582361 21.930024 14.313681 23.928824 11.656842 21.577888 7.414844 9.877282 18.159228 12.204242 10.397272 23.189847 15.241917 23.607424 23.085302 10.629730 8.270245 8.333172 7.994589 21.311403 7.890784 8.260155 18.685009 18.474681 20.802429 21.453963 12.680608 11.851443 7.676605 20.500838 11.798839 14.189598 5.711697 18.986498 21.421054 10.853587 18.783026 12.903701 17.897486 24.332049 9.862999 21.648270 19.331884 23.450762 24.363044 18.678432 23.492271 21.451521 21.353798 19.484888 15.688752 16.862382 8.678782 10.023931 18.253430 14.102796 9.081773 23.057129 17.188810 7.212859 15.505171 13.215272 10.021344 11.361468 15.423105 10.808789 12.994995 6.505540 23.324292 6.787366 17.296160 23.659173 20.368455 24.222871 12.848668 23.188810 19.484404 22.506493 6.946904 12.655854 19.031964 15.850389 16.998935 15.472557 18.037014 11.940822 7.507626 12.296017 8.032553 17.857326 19.869187 15.520399 11.533103 12.438128 24.998259 5.346892 17.812162 23.777496 7.285552 18.252604 22.594876 12.854894 21.219567 13.256319 9.842830 22.363712 6.219799 8.680079 9.795220 8.046863 8.241905 10.095182 12.552915 16.574175 16.874364 5.747377 8.420929 6.676176 16.303342 22.874496 22.881181 22.105750 20.140982 17.988247 17.417570 12.996387 14.993718 9.931054 23.549141 13.517717 5.895137 13.012852 21.542535 12.864338 5.250871 23.724194 9.527399 18.488638 8.957509 8.431476 6.961888 15.613057 20.030210 10.551474 23.247112 19.654099 22.733379 14.029855 13.734768 6.295412 16.223467 20.294663 7.698332 20.851326 12.532094 9.630086 13.792218 15.453262 21.320448 19.838852 18.196648 14.814773 10.052208 17.121763 22.524185 16.682113 9.608601 21.794708 23.713839 18.543065 9.489105 17.396152 8.814920 23.617583 6.269343 6.288461 20.653858 11.568702 23.652160 12.752028 21.597095 21.216373 22.920512 24.425417 19.853017 20.792760 10.498428 20.518694 15.736262 14.954489 20.406906 6.528292 23.232572 15.551893 15.606715 5.972012 8.828604 23.975692 12.636843 12.197252 14.546516 20.759841 13.984629 15.679753 16.770072 12.625069 19.719839 12.175484 11.658479 17.799193 24.946304 5.651334 16.373205 12.886173 15.313644 8.958726 15.759384 20.743640 13.388257 6.710779 9.043646 11.975928 6.105021 9.980945 23.666753 7.388657 24.691643 11.243889 6.496365 11.995971 10.587075 22.787537 17.922330 9.877975 17.371193 24.259432 18.589144 13.186864 16.020527 13.068312 23.445339 8.392619 14.083309 6.992319 22.713554 9.699706 12.633322 22.992757 21.430035 19.408407 12.906051 12.502722 23.766141 7.420500 18.784773 22.118484 18.583583 24.376214 21.752254 9.239802 16.468989 7.474632 12.026492 22.195455 11.865703 17.943444 18.386029 13.409861 6.015348 23.657052 19.905659 9.765065 14.060043 10.183209 6.596462 10.209750 8.170028 13.408949 6.704944 21.183099 21.129110 9.517228 14.612394 17.219658 5.445383 22.340051 7.126304 23.164282 8.027870 11.313750 14.544329 22.402342 17.326040 11.868965 17.807518 18.405695 10.606892 11.536660 12.591773 12.326785 10.679020 23.902311 9.846466 8.546629 13.886778 22.545323 18.152235 22.097786 17.289898 19.424023 14.207042 13.878222 8.902391 17.325882 9.107560 12.335404 22.270374 10.866330 19.001833 22.274710 8.630530 24.980127 16.155936 16.522787 16.828102 24.690615 15.922203 10.284906 14.360416 19.004794 7.122027 8.624090 12.176340 11.335454 22.001518 10.924435 20.122590 8.975921 14.634524 21.662046 18.206465 13.306654 14.671360 17.801676 24.161071 21.643402 16.022520 13.929182 11.499277 17.917576 19.216000 24.113288 23.035167 18.610322 14.700826 7.614735 20.631377 17.113728 14.021474 21.337416 7.024386 18.081674 7.754164 18.021217 7.767918 16.960800 11.816788 17.129611 9.217686 15.233708 12.116575 22.242337 15.588560 11.309912 19.854640 22.315351 16.190101 21.821166 16.305470 18.567369 6.135890 7.335883 19.739767 6.877220 7.766743 15.827965 22.181783 12.522922 5.735138 12.640055 15.506374 20.312379 21.343841 14.662051 16.080909 12.336634 20.801729 6.656085 14.530202 8.140576 6.950688 23.668936 5.662184 11.281907 16.219010 11.966348 22.771062 23.817673 20.776825 8.456315 22.654353 6.825806 10.156061 8.405757 6.596346 14.910011 22.641905 21.568050 16.370905 12.897378 21.712213 11.201523 14.613247 14.044177 7.568501 16.623697 22.386965 7.967961 23.570139 13.925751 16.013206 12.576193 19.366880 5.060162 23.102092 12.791632 12.693825 14.450076 14.636623 9.822923 19.667045 7.390065 10.007598 21.525806 7.631293 9.081074 11.307768 20.363752 10.597813 15.555420 7.118471 23.188951 20.320905 21.719512 14.559225 22.166555 12.371804 19.233377 20.036486 12.837027 12.052010 18.006753 11.878263 24.845138 6.675389 8.921852 12.069834 9.726450 14.050758 13.106355 12.755620 11.950028 20.571134 21.925237 6.000456 12.172458 14.960997 14.006106 10.280073 13.142792 9.254889 13.220607 19.243884 7.669847 24.345937 19.220113 6.112187 14.304993 13.677659 22.403382 6.437233 9.936099 22.328968 6.628563 22.881142 24.607686 9.328699 20.386633 16.176946 22.280962 22.553418 7.228627 24.564564 14.115085 22.922676 21.163314 9.064042 12.437125 12.541992 16.221579 11.942928 11.822569 10.112195 24.934984 19.604363 16.160075 21.209598 14.946936 14.739840 11.979796 15.929905 13.610096 20.299493 18.427247 9.313681 21.281552 5.016459 17.667527 18.284535 13.988097 16.733440 8.487738 18.564973 9.502912 6.776939 7.085206 21.023786 11.481075 9.565371 10.842687 20.998283 16.330316 5.929863 19.147496 6.948360 9.522672 13.341241 9.522393 17.300943 6.577459 24.797773 11.791153 17.352104
53
257
0 4 6.233035
0 6 9.613390
0 14 2.220888
0 25 1.239360
0 37 7.176751
0 39 3.846470
0 41 7.750658
0 46 6.222224
1 8 5.276135
1 11 1.029560
1 28 9.175732
1 34 9.690425
1 45 5.407323
2 3 3.180194
2 8 5.398544
2 12 5.671591
2 15 2.126779
2 22 5.008201
2 23 7.172792
2 28 1.730743
2 33 9.399051
2 38 4.991674
2 39 6.483859
2 44 1.575245
2 45 6.417256
2 51 6.238388
3 9 7.128650
3 16 5.009263
3 19 3.085231
3 23 2.859836
3 36 9.680433
3 38 8.392763
3 50 3.990279
4 8 3.586198
4 10 3.351899
4 13 4.207868
4 22 3.593759
4 29 4.740714
4 35 9.099155
4 43 5.731647
4 45 5.150149
4 51 8.601836
5 6 9.462439
5 8 1.189901
5 28 9.237913
5 29 7.797021
5 52 5.341645
6 9 1.041146
6 20 6.919938
6 28 5.552953
6 29 6.501178
6 35 4.079253
6 36 3.637448
7 10 3.392561
7 11 2.744279
7 12 7.850525
7 21 8.398635
7 27 6.095182
7 28 7.703698
7 32 4.655852
7 39 5.618639
7 41 1.888900
7 47 6.704642
8 16 8.314079
8 17 1.339706
8 28 6.416486
8 29 1.701511
8 34 7.590421
8 35 5.189198
8 40 3.741239
8 43 6.933050
8 48 4.719252
9 16 4.069329
9 29 1.994310
9 36 5.926570
9 37 6.075659
9 43 7.648726
9 46 2.750971
10 12 7.429074
10 23 7.251829
10 31 5.948494
10 39 5.856211
10 48 2.727571
11 17 6.446151
11 24 1.280091
11 27 6.151885
11 28 2.979892
11 29 8.629284
11 32 6.733398
11 39 3.606361
11 41 1.699598
11 43 4.915890
11 46 1.993827
11 48 7.021644
12 24 5.447488
12 27 4.701800
12 31 9.170644
12 35 6.158178
12 42 6.102328
12 43 6.104218
12 47 3.296987
12 48 9.918386
12 50 3.641651
13 23 6.673456
13 28 2.294772
13 29 7.876918
13 32 3.313392
13 40 4.039489
13 43 5.808479
13 46 5.435624
13 48 6.612424
13 49 7.749417
14 21 4.746107
14 23 2.044106
14 32 2.972793
14 36 3.825860
14 39 2.635391
14 40 2.094713
14 44 7.813191
14 48 7.932220
14 50 2.302184
14 52 4.238723
15 26 6.866014
15 30 4.119312
15 32 7.495475
15 34 1.684942
15 35 5.259725
15 46 8.919486
15 50 8.180257
16 24 6.540019
16 28 9.089351
16 37 6.751535
16 39 1.962853
16 42 6.167615
16 46 3.626497
16 49 5.156802
17 23 7.136689
17 29 8.882884
17 31 2.811421
17 38 7.544414
17 43 8.139225
18 25 4.128214
18 26 6.289484
18 29 4.698402
18 33 7.761512
18 35 3.116768
18 41 9.730106
18 47 7.852915
19 20 1.807898
19 23 6.232854
19 25 9.227005
19 27 8.865499
19 33 3.884024
19 34 2.602497
19 36 8.607838
19 44 7.645195
19 46 2.363371
19 50 4.069034
20 21 5.712774
20 37 7.574964
20 40 5.269075
20 43 1.059684
20 45 6.212402
20 51 1.416868
21 27 6.354032
21 33 5.797434
21 35 9.307513
21 46 7.678706
21 52 6.940689
22 23 4.720414
22 28 6.046301
22 33 1.443129
22 35 1.310265
22 47 3.707352
22 52 9.466914
23 25 9.732854
23 32 9.890624
23 34 8.637135
23 40 3.086336
23 44 8.553996
23 49 9.037271
24 40 7.847600
24 41 1.521090
24 50 9.133868
25 31 2.288838
25 36 4.694761
25 40 7.059534
25 43 8.074982
25 47 5.860319
25 50 1.527823
26 34 5.654533
26 36 2.416540
26 44 8.128430
26 47 1.349176
26 49 9.080428
26 51 2.095270
27 37 8.026565
27 40 4.296027
27 50 9.433994
28 32 4.047738
28 39 8.019513
28 42 6.335084
28 43 4.028794
28 45 6.674333
29 32 1.924317
29 33 1.271606
29 44 9.078090
29 47 7.863048
29 48 8.081763
29 51 6.815171
30 35 3.552958
30 36 9.336625
30 38 6.517810
30 39 3.277496
31 32 5.790268
31 39 4.179671
31 40 1.376892
31 44 6.094014
31 46 4.947177
31 48 2.413371
32 34 1.935930
32 42 7.290004
32 48 4.249110
33 37 6.674807
33 42 6.666127
33 49 3.837011
33 50 5.641552
34 37 1.143751
34 38 2.496618
34 40 7.148776
34 47 1.363761
34 50 7.632955
34 52 3.649193
35 39 3.070313
35 40 2.707487
35 46 2.892709
35 49 9.349822
36 42 2.304678
36 43 3.083679
36 49 7.125070
36 51 9.302646
37 38 5.353878
37 43 2.952541
37 50 1.235790
39 47 9.515437
39 48 7.038585
40 41 5.047011
40 42 1.257574
40 47 6.446673
42 48 7.579029
42 52 7.598596
44 47 9.283819
44 50 6.346239
45 52 1.277517
46 52 7.872779
47 50 1.191516
51 52 3.994696
242.072810 246.788993 470.385942 394.887770 444.480091 367.974352 311.222463 389.248166 402.200274 342.709563 334.121190 383.200097 275.835221 356.830135 430.769210 397.904588 427.043556 423.362674 418.591077 488.920828 306.267360 269.464602 503.824277 398.436534 441.130471 489.178096 249.655722 237.329063 398.179418 496.859536 240.478846 511.584447 435.010790 276.185610 311.650912 271.999344 316.760912 240.790361 307.378445 432.419770 497.938463 401.154474 334.641828 247.421812 460.042859 426.677679 235.045165 431.571573 245.792971 493.908830 407.226704 260.992768 231.823158
