800
1597
0 1 2.922893
0 2 15.935599
0 3 3.318362
0 4 17.016538
0 5 5.301167
0 9 1.759377
0 10 9.778735
0 11 5.344488
0 13 12.982423
0 16 4.280336
0 20 18.906639
0 47 12.670948
0 49 5.255170
0 54 13.137228
0 58 15.694667
0 75 17.358368
0 78 9.912744
0 102 6.037750
0 104 8.596289
0 115 4.802053
0 164 17.435664
0 185 14.710484
0 186 5.625155
0 190 17.977794
0 225 10.264358
0 230 12.881465
0 264 11.518871
0 295 3.876893
0 302 19.550228
0 305 12.297605
0 343 18.796828
0 351 1.692552
0 383 6.091022
0 472 4.516515
0 526 13.350401
0 530 8.695562
0 649 13.382428
0 725 11.497488
0 726 1.188713
0 745 14.341952
0 754 9.613822
0 787 14.944501
1 2 1.032529
1 14 7.097509
1 24 17.912273
1 28 7.013267
1 36 1.833904
1 42 5.369472
1 59 2.070686
1 92 6.975556
1 102 16.929314
1 107 18.041325
1 109 10.001031
1 143 9.636819
1 169 16.863204
1 176 18.908748
1 239 17.798649
1 253 7.915274
1 419 9.353337
1 475 17.874839
1 497 18.821244
2 3 15.983751
2 4 3.204912
2 12 9.499503
2 21 5.408012
2 23 3.500731
2 28 4.883701
2 29 1.409310
2 34 15.409748
2 70 8.997324
2 76 4.370057
2 86 18.901042
2 100 11.667509
2 112 12.566595
2 119 1.413633
2 174 13.655405
2 183 16.370812
2 202 11.265593
2 211 14.127291
2 234 17.396465
2 240 10.319734
2 287 9.317487
2 396 5.951561
2 429 6.426005
2 489 19.010933
2 576 18.800436
2 662 15.563231
2 701 16.111797
2 730 4.659057
2 751 7.166175
2 770 18.737588
3 6 7.491585
3 7 15.203522
3 8 18.193301
3 11 15.199573
3 12 15.646768
3 21 13.376761
3 27 3.145210
3 31 12.721516
3 39 9.992299
3 60 7.071590
3 70 1.850131
3 81 18.116769
3 82 19.349726
3 87 13.033080
3 101 14.263853
3 142 2.506360
3 172 10.046759
3 199 13.494233
3 208 19.360815
3 246 4.284947
3 270 1.598853
3 275 18.114382
3 290 12.764248
3 295 16.187965
3 333 2.566976
3 344 2.844053
3 354 3.731976
3 377 7.796033
3 384 18.980170
3 408 3.338980
3 447 7.528833
3 468 2.208726
3 480 13.525485
3 490 9.770911
3 519 6.630746
3 535 8.367805
3 604 17.628880
3 615 13.989056
3 619 2.147791
3 636 6.186708
3 651 8.841792
3 662 5.856803
3 721 19.922560
3 753 11.316797
3 792 9.162665
4 5 11.772315
4 6 12.398756
4 7 1.355640
4 15 2.981338
4 37 13.325306
4 53 5.271748
4 62 9.110219
4 66 10.921683
4 71 15.250776
4 72 16.246968
4 122 12.366885
4 193 19.015860
4 223 15.069758
4 249 13.211350
4 330 17.889892
4 416 2.566719
4 459 1.217946
4 467 12.312600
4 539 19.631100
4 549 14.683219
4 555 9.031197
4 601 5.392432
4 625 4.168397
4 673 2.365653
5 15 11.572430
5 65 5.063967
5 88 14.401617
5 89 5.567098
5 103 10.318634
5 120 17.364581
5 133 11.687489
5 134 8.448047
5 154 9.505106
5 156 2.642350
5 162 13.958759
5 167 5.269409
5 222 1.820552
5 241 3.962347
5 259 4.226345
5 291 11.698535
5 362 3.181493
5 395 10.667709
5 428 18.811279
5 486 14.540299
5 520 9.089725
5 765 9.465714
6 8 11.457184
6 9 18.607188
6 10 6.086371
6 14 15.760562
6 19 3.970042
6 22 18.392877
6 23 7.857595
6 24 13.150359
6 26 11.947967
6 32 18.653615
6 35 5.187958
6 41 12.145752
6 47 3.821766
6 57 17.638650
6 63 15.783979
6 72 3.558025
6 74 18.862744
6 77 1.202091
6 82 10.744694
6 85 12.438508
6 100 2.247102
6 113 18.662384
6 114 5.623007
6 125 12.459902
6 141 5.720060
6 156 4.106851
6 171 3.826248
6 180 7.494875
6 190 3.467880
6 203 7.245756
6 219 2.497023
6 239 17.198614
6 289 6.570073
6 326 13.705835
6 364 17.831178
6 424 6.832647
6 474 16.135274
6 587 13.484347
6 596 3.471829
6 600 10.139832
6 613 13.825252
6 653 7.842008
6 682 10.871275
6 690 16.076151
7 266 12.197384
8 16 15.152716
8 17 6.510455
8 18 17.154915
8 22 12.281993
8 25 10.887018
8 26 11.848420
8 29 13.301743
8 31 16.918912
8 35 16.923653
8 40 11.721953
8 44 3.036455
8 46 7.327970
8 49 14.378417
8 51 18.621933
8 56 18.764060
8 69 4.840904
8 79 1.158974
8 106 11.029747
8 118 15.335193
8 120 16.517118
8 150 9.090425
8 159 4.494934
8 192 2.041629
8 209 13.188442
8 220 14.610983
8 232 10.702051
8 247 10.242357
8 255 1.495144
8 285 4.641820
8 286 12.214439
8 310 11.661224
8 336 6.513646
8 349 12.560072
8 380 10.428509
8 393 14.496719
8 410 1.492026
8 418 9.210628
8 472 1.543200
8 480 7.637883
8 487 5.620000
8 500 1.406723
8 515 14.085468
8 571 1.485416
8 621 16.099293
8 624 5.633583
8 639 2.841166
8 670 4.623912
8 682 15.146792
8 688 17.012075
8 793 7.017180
9 13 5.860171
9 17 19.509630
9 54 7.610346
9 65 12.540324
9 89 2.399800
9 93 15.205275
9 96 5.502885
9 116 15.662742
9 125 7.023391
9 144 12.643297
9 157 5.694147
9 163 6.510727
9 194 19.346696
9 201 1.630393
9 322 2.550751
9 417 13.588192
9 625 18.172134
9 630 1.604258
9 639 16.051753
9 660 16.265824
9 734 2.207317
10 27 17.547613
10 37 4.013721
10 43 10.493951
10 88 13.105625
10 108 3.687706
10 137 13.422822
10 202 3.139718
10 214 11.309072
10 235 9.990207
10 238 14.791695
10 267 2.003870
10 381 5.813953
10 456 16.186173
10 545 8.235791
10 595 6.658729
11 20 2.162210
11 55 12.784908
11 242 10.818517
11 299 12.838891
11 357 3.492788
12 30 4.761384
12 50 17.754101
12 73 7.870613
12 110 1.842906
12 132 19.010509
12 232 6.029302
12 246 15.390046
12 345 14.455192
12 389 8.151806
12 536 1.392303
12 717 5.854130
12 727 7.723900
12 733 8.153916
13 41 9.209721
13 56 16.526648
13 84 18.898833
13 105 1.157950
13 127 3.794315
13 139 15.599500
13 146 1.788678
13 260 6.393291
13 341 6.338627
13 371 6.620613
13 431 4.537591
13 478 15.705029
13 493 4.965162
13 548 16.865744
13 653 18.289811
13 697 2.494396
13 746 14.411109
14 68 1.370314
14 90 2.458077
14 159 8.120568
14 196 8.017833
14 271 18.828645
14 362 1.606122
14 786 12.409878
15 18 3.005730
15 30 15.724475
15 44 10.180393
15 60 4.848670
15 69 12.423299
15 109 18.859675
15 150 18.709877
15 187 1.559028
15 189 18.931549
15 198 1.873001
15 218 10.555989
15 256 12.685106
15 296 11.771280
15 358 4.721283
15 370 6.409805
15 378 7.070005
15 392 2.859140
15 448 3.132906
15 461 10.974175
15 464 13.300125
15 475 1.590857
15 498 17.653725
15 719 15.461305
15 776 5.767591
16 38 12.894479
16 50 5.111384
16 61 8.345855
16 62 19.710454
16 117 6.203282
16 138 8.432825
16 144 11.876139
16 145 6.577802
16 205 7.697416
16 268 14.890217
16 314 19.366172
16 342 12.404764
16 385 5.690644
16 465 10.223558
16 470 7.050608
16 496 3.708035
16 529 6.008672
16 534 1.952735
16 541 16.815250
16 628 15.167478
16 672 13.563216
17 33 14.784875
17 53 2.867192
17 126 10.253409
17 229 15.719809
17 240 3.803744
17 250 19.004357
17 261 4.760873
17 276 1.578592
17 301 9.673950
17 325 8.711103
17 339 18.874352
17 372 12.504783
17 434 3.058330
17 559 7.168323
17 567 8.614642
17 596 14.865617
17 629 15.015992
17 729 13.852012
17 753 10.888643
17 776 18.636727
18 19 13.914905
18 42 7.206633
18 97 6.311736
18 101 15.501587
18 108 6.244423
18 127 6.630733
18 128 13.772001
18 129 11.827203
18 149 19.862539
18 197 11.286450
18 229 15.300295
18 254 17.929718
18 273 14.921863
18 375 6.526958
18 462 19.551450
18 516 15.878907
18 582 9.476143
18 598 9.459555
18 618 18.014928
18 686 5.773559
18 728 6.219959
18 788 13.312205
19 46 18.072305
19 64 5.567001
19 91 16.713249
19 452 10.783194
19 553 2.276401
19 790 13.229190
20 45 17.489319
20 51 7.549673
20 166 8.863441
20 521 3.105555
20 557 15.131920
21 40 6.958242
21 61 4.233725
21 280 4.131622
21 396 16.278130
21 449 1.342247
22 36 4.275934
22 57 2.891973
22 83 14.041340
22 112 18.506428
22 130 6.002708
22 155 6.414732
22 244 15.735925
22 317 4.107274
22 334 5.649788
22 398 10.540933
22 440 5.506895
22 537 7.660821
22 581 5.932805
22 585 1.737392
22 640 11.673347
23 25 13.966267
23 33 12.114026
23 94 3.543758
23 178 6.904999
23 374 6.014676
23 423 12.516182
23 513 11.154191
24 45 17.242197
24 63 10.921879
24 135 14.400875
24 258 10.478093
24 438 2.665638
25 132 10.654928
25 151 18.742756
25 255 2.893982
25 289 17.612795
25 334 11.583944
25 420 13.871892
25 632 17.126666
25 635 8.069221
26 71 8.099764
26 93 2.465543
26 200 16.652369
26 210 7.643372
26 310 19.994138
26 473 11.604109
26 495 17.098715
26 564 8.274912
26 640 15.344071
26 696 17.545799
27 52 18.761195
27 140 11.170045
27 186 13.103447
28 81 14.791975
28 105 1.352928
28 461 17.529431
29 32 19.254912
29 92 17.760819
29 106 9.041102
29 149 15.128260
29 157 5.422461
29 250 16.481805
29 282 7.728656
29 309 14.380415
29 486 7.309816
29 507 4.791669
29 551 11.806876
29 644 12.431598
29 645 10.228255
29 675 14.108412
30 511 1.942614
30 778 11.244300
31 67 5.754426
31 110 11.802146
31 193 5.213996
31 404 15.944788
31 467 4.644242
31 487 2.518651
31 749 15.939003
32 34 8.859481
32 48 9.014723
32 52 7.519232
32 143 19.396000
32 182 16.085662
32 444 19.656081
32 540 4.324866
32 797 19.245502
33 38 7.302700
33 39 13.041397
33 64 13.941621
33 90 9.659543
33 218 7.251512
33 220 14.660826
33 311 16.058687
33 443 1.459474
33 521 18.301774
33 572 15.762894
33 591 16.451870
34 58 8.777643
34 115 9.666416
34 407 8.484171
34 450 12.042816
34 527 13.755652
34 646 7.827478
34 729 5.218802
35 87 12.715226
35 122 7.396446
35 131 1.609659
35 170 11.323303
35 173 7.557177
35 204 7.608149
35 290 3.833883
35 346 15.061404
35 612 11.184370
35 758 8.165100
36 43 10.462370
36 66 5.245828
36 74 8.633207
36 179 10.233413
36 279 16.709263
36 285 12.975184
37 91 2.882388
37 188 3.887998
37 315 1.088699
37 419 19.579291
37 664 11.428511
37 684 8.095678
38 170 17.435714
38 265 16.247572
38 762 17.956578
39 79 12.483360
39 119 12.993694
39 131 17.618733
39 153 12.664295
39 168 5.922839
39 282 13.661219
39 440 14.636818
39 543 14.183688
39 561 4.026104
39 766 6.100502
40 67 3.884128
40 94 19.198838
40 262 1.531079
40 300 7.470022
40 324 2.511200
40 353 1.725297
40 430 13.332455
40 492 15.383472
40 702 6.562575
40 740 9.413464
40 755 5.827304
42 48 14.884268
42 99 16.337793
42 123 5.374223
42 153 15.561663
42 401 10.788301
42 637 7.367638
42 712 5.803451
43 55 11.641305
43 68 12.479892
43 75 7.409686
43 77 17.502537
43 84 16.852567
43 114 8.908599
43 263 5.898357
43 387 9.305114
43 452 7.759179
43 471 8.038953
43 482 3.259644
43 544 12.119766
43 635 15.174656
44 98 15.905911
44 394 1.110624
44 398 13.606931
44 543 10.052144
44 686 1.491318
45 95 13.598877
45 96 9.339929
45 121 3.531754
45 145 15.021870
45 195 11.734815
45 248 17.980804
45 263 7.397089
45 301 19.053776
45 423 4.317425
45 623 8.380791
45 766 12.240796
45 785 17.712347
46 332 13.884019
46 348 4.809676
46 426 1.285822
46 759 7.986145
47 59 15.283473
47 78 5.167013
47 103 19.173841
47 148 11.753443
47 328 19.657027
47 460 9.419738
48 732 17.192634
49 86 2.188198
49 172 2.019914
49 199 19.087177
49 247 5.823414
50 337 17.727162
50 339 7.470657
50 415 18.160667
50 615 8.333240
50 710 5.532105
50 715 18.547659
51 138 13.554403
51 507 16.872099
51 520 7.294323
51 579 14.537176
52 80 10.428263
52 168 1.255558
53 80 2.301648
53 226 11.496697
53 570 2.931717
54 133 12.625170
54 146 4.342093
54 162 2.168327
54 664 10.963508
55 723 13.809943
56 97 10.092842
56 209 16.774354
56 498 6.588430
56 577 18.837779
56 633 4.615899
56 783 12.022757
57 248 14.420864
57 546 5.144354
57 594 4.228919
57 752 6.015581
57 764 5.249655
59 627 1.727037
59 638 16.762303
62 231 11.079472
62 309 15.348847
63 118 5.875308
63 206 16.426323
63 755 8.417619
64 116 4.857791
64 184 12.655079
64 277 15.388564
64 283 10.240541
64 481 9.257017
66 206 16.763423
66 479 1.397601
67 124 5.903147
67 191 9.003779
68 147 12.675783
68 175 7.148380
68 542 10.010800
68 563 17.036187
68 691 10.710035
68 765 11.294001
69 147 6.967040
69 319 11.373012
69 321 8.158660
69 456 2.867616
69 668 5.551000
70 73 15.726888
70 135 2.251691
70 158 12.138869
70 272 16.344446
70 464 7.649011
70 523 14.964858
70 589 11.472855
70 707 10.986232
70 773 3.632171
70 780 17.280003
71 76 9.940471
71 117 2.190922
71 205 8.505991
71 252 9.587024
71 425 1.629372
71 519 19.594954
71 567 11.305893
71 580 16.434723
71 611 15.422562
71 711 2.241786
72 151 14.819656
72 215 14.527504
72 221 12.181038
72 297 15.292082
72 405 15.520807
73 95 8.587805
73 136 17.862410
73 256 15.849841
73 368 8.429130
73 525 12.896317
75 121 16.873852
75 692 14.504068
75 761 2.119103
76 284 6.179233
77 173 12.926326
77 505 19.414096
77 777 12.384120
78 85 4.653507
78 98 17.864017
78 233 12.634763
78 268 12.611748
78 303 12.151288
78 365 6.142248
78 731 1.876031
80 697 11.088358
81 141 3.854460
81 210 11.411107
81 215 9.163958
81 484 13.061884
81 701 13.156339
82 83 10.160963
82 129 5.125521
82 358 10.344385
82 654 14.493018
83 111 3.540021
83 161 2.890207
83 187 1.745198
83 261 10.355809
83 403 15.359754
83 421 11.940536
83 781 19.482704
84 356 9.832339
84 359 6.587736
85 158 7.249956
85 217 12.587600
85 414 11.803296
86 346 13.328419
86 357 18.113693
86 710 5.026044
87 177 4.427945
87 180 14.238077
87 196 2.364463
87 245 9.501859
87 329 7.273599
87 356 9.720165
87 509 19.637182
88 128 13.368027
88 296 5.146303
88 386 19.968537
88 412 11.210064
88 458 7.467421
89 111 15.554363
89 336 1.701215
89 426 9.446952
89 445 1.092425
90 680 7.037775
90 685 4.621721
91 99 16.323328
91 107 13.560925
91 154 17.303734
91 160 5.752162
91 242 2.991445
91 292 15.587057
91 513 9.102893
91 534 17.926487
91 711 12.656103
91 795 17.457613
92 104 7.343674
92 325 7.226225
92 365 12.878182
92 381 11.560441
92 429 5.004054
92 465 8.118844
92 721 7.791138
92 774 3.460945
93 181 18.691108
93 609 11.736264
94 408 9.525420
94 506 17.740783
94 516 4.116470
94 581 17.287278
95 224 4.604794
95 483 13.074233
96 281 4.945723
96 433 15.697910
96 552 13.654628
97 142 13.981925
97 331 14.863792
97 351 19.083348
97 374 11.047868
97 382 12.484363
97 406 16.299701
98 347 15.486827
98 453 6.856943
98 556 4.787314
99 137 17.410260
99 194 18.396799
99 207 7.278884
99 221 15.932242
99 266 4.832514
99 559 16.792324
99 590 19.884836
99 606 6.078512
100 134 17.204428
100 277 5.772418
100 448 18.586486
100 598 10.946896
101 161 3.205562
101 191 3.026500
101 275 14.892564
101 288 12.570240
101 327 3.524950
101 373 11.266896
102 163 3.378696
102 236 18.136315
102 237 7.468195
102 270 12.831812
102 326 7.405023
102 363 17.959256
102 442 3.598148
102 608 8.159143
102 655 18.917976
102 743 13.506819
102 763 17.589326
103 136 18.479422
103 259 10.240931
103 557 14.909090
103 620 1.934474
103 738 12.268750
103 747 4.695406
104 244 4.068185
104 251 7.371252
104 330 9.219998
104 477 19.787435
104 613 13.952739
104 730 17.392421
105 538 14.380681
105 580 3.521644
106 671 19.294378
107 549 5.360730
108 177 8.400057
108 192 11.912871
108 308 11.205992
108 716 19.877023
109 123 11.131287
109 299 3.610425
109 332 16.963588
109 560 14.110004
110 113 11.950767
110 175 19.744043
110 184 4.246918
110 185 4.395058
110 200 19.394249
110 491 17.579424
110 502 2.291053
111 130 13.557389
112 679 4.348353
114 126 9.987396
115 139 18.068576
115 140 17.578893
115 401 5.800614
115 505 12.147226
115 688 10.737069
116 287 19.244609
117 284 15.347652
117 393 18.162658
117 547 3.077119
118 216 15.598698
118 703 5.558660
119 165 2.550787
119 251 6.588426
119 369 6.698136
119 391 2.925416
119 768 5.424693
120 152 10.241117
120 183 9.797791
120 307 6.844159
120 514 12.904679
120 696 14.018717
121 451 3.833575
121 506 13.374385
122 155 15.325112
122 750 8.695943
123 124 6.983192
123 532 17.114888
124 376 16.834937
124 619 9.917559
125 227 14.989733
125 241 11.799804
125 395 3.046009
125 535 3.112941
125 731 5.518805
126 148 2.164487
126 179 3.282646
126 367 17.743892
126 572 11.097931
127 345 7.950412
127 477 5.515200
127 490 14.447754
128 212 17.087754
128 237 2.731608
128 316 6.679401
128 432 17.905739
128 479 15.433686
128 616 4.923184
129 164 9.957218
129 181 1.845415
129 744 16.426378
130 305 17.555862
130 369 14.037560
130 544 16.052687
131 320 1.357919
131 575 12.023887
133 204 11.930057
134 252 2.768908
134 317 14.255255
134 421 8.750663
134 744 16.496582
135 390 15.729182
135 718 9.213265
136 651 14.421994
137 152 18.920776
137 478 1.779705
137 761 18.531211
138 278 19.368436
138 547 13.914105
138 548 15.995505
138 551 1.386598
140 165 7.153337
140 451 13.708124
140 469 5.886000
140 742 2.383730
141 169 1.398163
141 213 18.046271
141 411 7.321656
141 515 10.519634
142 233 12.871988
143 304 18.040093
143 646 10.723218
144 195 17.677141
144 216 19.154451
144 236 4.883714
145 568 19.655906
145 622 18.456161
145 667 9.418950
145 676 17.838486
145 732 17.741828
146 223 11.935292
146 659 3.997068
146 666 17.766457
147 434 14.411939
147 497 10.617673
147 565 5.864548
147 694 8.946720
147 779 13.973854
147 792 3.594594
149 166 16.473834
149 174 13.023264
149 176 9.757125
149 178 16.649164
149 243 1.865257
149 335 9.940903
149 341 16.381948
149 359 10.829719
149 388 4.761519
149 699 7.517788
150 340 11.127960
150 707 7.908141
151 207 17.798512
151 214 12.487988
151 323 17.837360
151 368 12.055661
151 500 11.741158
151 517 3.813690
151 643 3.504682
151 670 3.416882
151 760 11.459103
152 201 1.983571
152 219 12.221533
152 294 7.956665
152 677 18.533208
154 364 9.776651
154 530 11.985439
155 160 5.154676
155 678 8.021056
156 189 9.770816
156 488 3.237190
156 601 15.894222
156 703 9.498438
156 748 19.216103
158 203 19.895636
158 300 3.539588
158 518 5.319177
158 633 5.620488
158 798 17.608855
159 182 2.910270
159 431 8.216325
159 484 3.184953
159 554 7.819772
159 691 13.255862
161 335 19.448372
161 342 10.913525
162 197 13.531644
162 779 1.282066
163 280 14.099236
164 264 4.497258
165 167 11.606807
165 238 16.643086
165 422 19.981582
165 518 5.547878
166 361 2.137053
166 501 10.176302
167 171 11.424604
167 258 14.076476
167 306 6.043495
167 348 7.820957
168 459 8.708263
169 524 19.350087
170 188 14.497433
170 323 7.242627
171 245 9.151915
171 427 8.126340
171 443 15.360212
172 457 19.768842
172 527 15.113722
172 541 12.186194
173 390 10.530597
173 405 18.903448
173 636 15.463746
175 502 4.737426
177 225 2.554754
177 574 17.070221
178 211 16.712283
178 294 6.605553
178 681 11.313368
178 757 16.190490
178 775 5.777170
179 379 16.290902
179 503 14.244136
179 656 6.228856
179 693 2.674548
180 413 19.108739
180 435 1.378809
180 695 16.658175
181 212 13.301047
181 599 13.144259
182 687 18.414989
183 224 3.764878
184 198 19.799452
184 318 9.415794
185 217 7.800176
186 420 2.836148
187 372 8.715955
187 522 7.934654
188 228 11.379142
188 329 1.590197
188 446 18.788238
188 658 5.262807
189 274 10.458170
189 637 5.209241
190 267 19.641345
190 463 16.292536
190 603 8.705405
191 260 19.782372
191 262 1.858716
191 288 10.169633
191 433 14.527851
192 743 18.252506
193 319 11.040623
194 387 14.990263
194 787 4.026491
195 226 13.551568
196 231 5.156312
196 293 4.258008
196 416 11.717131
196 494 17.076063
196 793 4.092999
197 312 17.737119
197 512 1.447059
198 213 1.016562
198 322 19.114936
198 375 10.209755
198 540 12.170702
198 667 7.035277
198 676 9.977167
199 435 1.155648
199 642 12.340596
200 558 11.000429
201 652 14.611916
201 735 7.749219
202 230 8.108799
202 704 2.615249
203 338 15.631522
204 344 17.605775
204 352 14.331259
205 313 10.343331
205 683 10.624840
206 269 5.018945
206 363 10.541876
206 634 1.472670
207 208 7.233013
207 265 9.827157
207 320 1.450460
207 380 18.526769
207 741 6.160142
208 227 8.860267
208 257 12.475379
209 306 13.672844
210 666 6.291500
210 698 4.527974
210 700 4.724808
211 222 5.943713
211 291 14.502493
212 228 15.856819
212 504 14.420177
212 593 10.986287
213 274 13.904606
213 706 3.178464
214 234 13.615075
215 302 7.190564
215 402 15.193341
217 271 14.299261
217 798 12.715622
218 293 17.932524
219 316 16.021809
219 555 1.770236
220 243 16.540161
220 254 7.081530
220 361 2.463412
221 269 15.660032
222 276 17.573549
222 278 18.481037
222 286 19.794609
222 340 1.889897
222 349 7.738389
224 283 2.475726
224 303 12.867264
224 457 11.291880
224 605 17.745838
224 714 14.907592
225 249 15.865332
226 253 15.425874
226 343 9.149133
226 720 11.754516
227 659 18.696448
227 750 3.425802
228 235 9.467308
229 397 8.998978
230 347 14.356542
232 273 16.113549
232 360 17.212444
232 399 18.530809
232 681 5.887955
233 660 11.942020
234 318 6.687976
234 366 3.762254
234 427 10.531061
234 430 14.286300
234 582 17.036924
235 279 4.801731
235 298 4.095116
235 415 2.828029
235 468 18.794708
235 746 19.720653
237 438 17.936409
238 298 8.218658
239 321 18.988745
239 327 19.743555
239 439 5.564218
242 493 10.875708
243 331 15.252062
243 382 2.168325
243 418 11.307253
243 658 10.835559
244 308 16.009706
244 489 15.132139
245 257 19.921086
245 511 6.452573
246 476 19.808572
247 641 12.117702
250 583 15.983973
252 771 5.282567
253 350 19.284899
254 488 4.459301
255 281 16.857554
256 350 11.903268
256 606 10.603288
256 709 12.451881
258 324 7.579769
258 337 17.081344
258 612 5.495078
259 272 6.935274
259 338 10.106559
259 605 3.737451
260 385 17.666668
260 437 1.768765
260 592 17.758721
260 616 1.779837
260 671 3.830510
261 315 16.052466
261 411 8.163205
261 669 1.091749
262 328 16.905433
262 508 14.240955
262 588 4.128656
264 499 1.533350
266 460 11.386619
269 528 15.229606
269 556 13.917130
269 663 17.887665
273 404 3.764234
273 562 12.711267
274 297 18.446476
274 307 6.862912
274 377 14.085194
274 445 6.265898
274 504 2.825288
274 528 17.562155
274 579 2.490065
276 458 15.398529
277 386 12.831347
278 333 19.845736
279 353 3.576307
279 389 3.361000
279 510 10.940335
279 533 15.936744
280 436 19.473250
281 367 16.922549
281 554 5.334677
282 312 8.605968
282 313 10.212929
283 436 2.752954
283 683 2.147243
283 736 14.311755
285 292 11.853245
286 366 11.691165
287 657 19.705753
292 360 9.712151
292 566 5.025443
293 422 19.994171
293 569 15.966821
294 455 12.535508
295 441 18.008728
296 304 7.346156
296 311 1.940094
296 403 13.003877
296 529 6.264458
296 704 8.122628
296 747 6.707223
297 553 19.304498
297 610 16.948833
297 719 7.311053
298 314 4.171230
298 745 18.842583
298 756 8.640907
302 391 10.911495
302 407 9.819182
302 600 9.244053
302 649 7.063426
303 355 1.323533
303 638 2.475784
304 354 2.036907
305 397 18.776247
305 568 13.687471
306 576 17.284842
307 526 9.057293
307 587 15.184829
307 706 17.617847
309 523 3.738498
310 370 12.164025
310 409 8.074555
310 446 6.767956
311 414 1.987322
311 517 18.006579
312 476 2.565320
312 599 17.670418
313 531 9.896633
314 642 9.288262
317 789 6.254537
318 376 2.928300
318 797 12.017234
320 442 15.344466
320 453 13.396523
320 454 12.608572
320 614 14.065356
322 689 15.465654
323 773 5.608250
324 424 2.158094
324 533 1.687003
324 565 12.632010
324 726 12.056402
325 674 7.231040
326 378 15.611743
326 449 14.000397
326 574 3.589852
326 656 9.439534
326 687 12.480548
328 400 16.347760
328 573 18.511167
329 355 4.171622
329 466 14.927697
329 563 19.448488
329 621 4.558175
329 692 11.573428
330 739 4.476607
331 470 12.214912
332 503 12.219567
332 578 17.733986
332 618 7.495779
332 727 11.903535
333 410 14.532824
336 610 10.289260
336 712 3.427925
337 525 9.353983
337 603 3.773812
337 749 12.663956
338 499 13.005166
338 509 10.758529
338 650 6.891119
339 648 8.623539
341 622 8.714416
342 383 16.890736
342 655 19.771315
343 652 13.381692
345 428 15.125775
345 626 9.342943
346 384 3.206360
346 717 9.348679
347 352 1.437489
347 399 17.936194
347 722 18.208270
348 371 4.838454
348 402 19.696686
348 611 3.743049
350 481 10.807285
350 736 9.844522
351 394 4.490021
351 447 2.390522
351 482 9.685473
351 775 1.414825
354 532 13.599169
354 589 15.287624
354 713 15.290410
355 425 17.518789
361 406 4.894831
361 417 7.025697
361 566 7.603762
362 400 6.852987
362 496 4.994458
363 578 6.665471
364 437 18.541205
364 450 3.748269
364 550 4.796074
365 586 5.631114
367 466 7.081483
368 373 17.578004
368 597 5.778692
370 444 19.671460
372 379 9.499471
373 522 12.070674
375 463 7.520460
376 786 16.898357
377 758 3.799053
378 454 9.575496
380 737 15.240576
381 573 14.768119
382 455 18.881848
382 693 8.557610
383 412 18.967335
384 392 6.533177
384 725 14.524859
385 388 6.211947
385 630 12.631211
385 764 17.719528
387 413 2.746770
387 510 13.330306
387 524 4.018204
389 694 9.636384
390 471 5.394777
390 608 10.548401
390 785 3.844984
391 474 14.052874
393 538 19.153956
395 550 19.701040
404 609 6.825418
405 409 17.102919
405 614 13.289281
405 644 15.755488
405 716 1.267329
409 607 4.134237
410 432 11.600460
410 537 12.465047
410 695 2.982112
412 552 1.467564
413 702 17.354925
414 495 13.820157
414 631 1.092118
415 501 10.323571
415 767 6.012445
416 724 1.424173
418 439 1.787754
419 483 6.437423
420 469 14.104551
420 545 14.214747
420 648 1.074277
421 473 1.992551
422 735 12.164169
422 788 7.948098
423 571 5.881144
423 794 9.577331
425 641 13.414690
425 789 2.021335
427 715 9.276612
428 492 8.645784
429 602 3.251923
431 560 10.368947
433 441 9.899226
433 491 8.162587
433 684 15.699771
433 768 4.643283
434 494 1.576370
436 585 12.297786
437 586 7.737466
439 462 5.525841
439 531 2.323255
444 569 8.774474
444 577 11.716239
444 595 4.067038
444 628 7.338166
446 617 12.708160
447 583 5.650068
447 590 12.621988
448 508 18.859146
450 546 6.565120
451 673 7.142954
452 626 16.310009
454 594 10.435680
457 741 7.271405
463 485 19.432466
463 627 19.112290
465 668 7.103674
465 689 1.890017
465 724 5.539772
466 485 3.721732
467 771 4.381734
470 748 18.882667
475 705 17.061036
478 620 7.795586
479 708 1.425960
480 542 14.577928
480 737 4.506414
480 782 14.668351
483 514 9.557346
484 623 3.575880
485 709 1.012347
492 654 5.307859
494 512 18.828527
499 645 2.557465
499 738 17.215165
503 564 1.764864
504 708 9.320568
504 791 9.871005
508 740 13.912744
509 597 4.148466
509 757 2.748040
509 799 10.527525
510 752 15.904092
516 536 12.132457
516 631 12.325837
520 602 12.171724
522 791 19.543485
525 769 3.923897
526 562 6.457027
526 685 3.835473
527 539 4.551437
528 593 11.408449
528 760 11.235382
530 561 13.723175
533 591 5.449919
533 714 10.178088
536 558 8.199127
539 672 19.380273
541 722 17.331962
543 632 11.813630
545 661 17.600026
548 665 11.882672
549 584 1.256314
549 794 16.500682
551 647 3.703344
552 770 12.667522
556 617 19.006973
557 657 18.189948
561 588 14.341395
561 723 3.118752
563 584 15.082505
564 690 15.946664
566 570 18.896012
568 592 16.607582
570 607 4.080477
570 643 3.614863
571 575 1.504302
575 756 11.660705
576 650 14.873717
584 604 1.283014
584 624 17.610137
587 665 14.603902
587 675 16.050276
588 634 19.806894
588 790 9.386446
592 705 19.553326
595 663 17.473235
600 677 14.276231
601 728 19.563543
604 772 11.543446
615 678 11.256995
619 629 7.395142
621 680 19.033413
621 718 8.527767
622 674 1.081733
632 661 13.054378
634 699 12.067401
636 784 3.457906
641 777 1.092145
644 647 1.167191
645 679 6.580763
646 799 10.207853
648 700 10.773613
652 720 10.333647
655 774 16.463465
659 739 15.499870
659 759 10.846686
664 733 16.869926
664 751 4.264022
666 669 17.581908
668 754 17.866275
688 698 4.451505
699 767 11.557484
703 713 17.536696
708 734 7.471412
708 795 4.650998
713 742 19.183061
722 763 11.917490
722 772 2.255185
732 782 3.917175
734 780 1.182231
734 783 8.510243
749 762 6.920962
753 796 14.255756
758 778 7.533848
760 784 4.945577
768 769 1.042508
775 781 8.782416
788 796 15.713072
13.860532 11.865276 12.058273 18.053503 12.139415 13.030385 19.709371 17.039496 16.213642 9.314012 10.734113 20.933195 10.809314 8.383758 23.658750 20.029180 9.094157 15.264159 10.160295 16.299164 22.524946 9.757814 23.009069 21.773837 10.894272 24.550565 22.408411 8.363868 8.683781 5.398104 13.711821 14.167360 19.067650 8.091822 22.043723 21.275518 8.022097 14.199570 16.471127 8.645849 18.665127 5.877752 7.517046 7.595908 12.129031 12.762725 15.094229 8.934310 19.592710 19.714916 13.373916 17.691586 7.121799 17.018690 12.124847 6.546325 23.928121 16.236176 22.860571 7.021033 16.052778 5.407495 6.382167 12.210273 22.469406 10.201337 8.419094 9.582457 13.666020 13.032647 22.126406 17.491356 24.610840 11.102966 12.811683 22.582176 10.030185 8.577826 11.424416 23.099614 8.938897 19.519187 8.739936 16.795425 18.310216 14.145560 11.328249 12.507297 24.949607 19.897465 22.433698 5.144989 16.511611 23.634162 7.084107 11.594729 7.262353 22.720312 5.888282 15.613031 24.953023 14.010073 11.111731 10.620238 22.735738 5.961721 23.884590 24.014482 6.098196 5.590076 11.504967 21.756951 7.868116 14.262797 14.546902 15.072890 14.329028 10.692905 8.431621 18.159028 19.660126 20.140548 11.333211 8.240196 20.728237 22.312228 9.200283 16.254219 19.287904 8.018853 11.734602 22.393648 21.042011 24.886343 15.347038 14.279755 12.196183 6.423590 12.783078 22.810266 15.702977 16.066649 19.169246 5.785621 7.981447 10.155063 22.311356 12.568126 10.405720 19.946415 12.202639 10.809314 10.777286 19.533720 9.633681 21.670329 9.105550 9.825737 21.606466 20.167917 6.496979 15.915281 8.210821 8.322768 19.712459 24.721969 19.320582 22.409688 19.302584 5.150451 20.844940 18.176275 5.068611 23.892813 10.536403 16.793078 13.316584 17.569332 16.173759 22.397192 23.790578 22.820027 22.074513 11.936928 16.802827 19.416324 22.783328 11.832821 5.764913 13.132545 20.792190 5.087004 19.412567 17.955062 7.297966 13.938947 22.786190 8.777899 10.570219 19.327771 20.274584 20.784618 17.588910 22.836839 18.956966 20.002691 13.356490 14.374286 18.679055 20.147821 22.163287 7.011754 16.137821 22.547595 10.198878 7.397296 9.062248 14.652805 12.579861 16.596216 18.791916 7.694091 20.725909 13.591608 18.341521 7.434575 9.597219 13.624872 22.554296 22.337450 20.147397 10.697082 16.687160 18.144499 8.062277 8.673156 6.940128 11.314540 19.391097 24.574520 23.341867 11.559180 6.369713 11.248671 13.525518 17.325395 8.361394 18.867254 17.407343 21.965650 18.715100 12.445334 9.917494 5.762738 7.904280 11.799324 10.636029 17.196708 24.438374 15.671613 15.990399 14.003972 21.511741 16.156801 8.906262 18.380768 7.684403 14.191194 7.583884 22.377187 11.744660 18.476697 10.794750 19.907267 7.983432 9.436810 10.984735 15.137583 24.772536 23.663764 18.749304 17.522844 19.409447 14.837634 11.531004 22.340612 20.929886 8.686833 21.047295 22.257978 17.767297 17.787986 19.015716 21.352240 8.008848 8.101493 21.472651 10.059868 20.820675 20.027211 22.839466 22.080869 24.783273 15.199791 11.322808 21.987660 12.921889 12.528566 6.016824 19.942215 8.454371 6.351321 10.237368 14.672695 16.163108 8.071386 20.391952 13.853208 15.226253 16.263778 9.745175 5.426563 7.058901 15.980523 18.045526 11.768106 9.486996 13.596362 14.753088 20.164400 17.984682 20.875961 18.465396 8.335823 7.239128 19.314249 10.449900 16.789813 20.232752 7.845788 9.073450 7.250044 20.728327 22.138934 15.373213 18.544145 12.810696 16.684738 14.741500 9.367320 9.206623 15.013636 20.396033 13.982106 18.269449 10.630843 22.009814 10.003489 17.318781 10.058618 19.354701 23.407464 14.973745 13.168409 11.751181 13.493956 20.392122 17.907320 16.242400 19.331818 9.123565 18.225108 8.770104 17.788201 18.868316 6.037365 17.907190 19.931860 22.642108 12.007431 24.592552 5.900856 22.003558 9.822622 16.252763 17.406448 11.787741 7.138934 15.091605 20.182695 20.669315 10.522255 20.279546 12.850501 18.927906 24.896060 22.370257 22.359119 20.434455 24.315222 23.478069 14.245017 18.134881 17.210753 8.606213 21.476974 20.806284 16.447374 10.849992 7.198773 15.073086 8.492248 12.640833 23.033163 5.100912 18.546858 22.545068 19.261467 19.388471 19.458411 23.480223 17.317555 13.593102 17.308579 22.177872 17.805474 21.682791 12.482853 16.630286 22.115056 23.257173 6.238895 7.862670 7.018367 18.784260 23.449397 11.122166 9.515456 7.390631 7.539136 23.486278 23.329180 6.620324 21.634238 14.967302 9.635788 20.662183 13.464775 15.927081 17.420522 10.162154 10.818080 11.844716 13.086077 10.826126 24.306966 17.945439 10.201484 21.065459 24.194828 7.034787 7.848172 5.408585 17.662540 19.090967 12.922601 8.859782 18.968476 12.757684 24.018077 21.844545 11.099535 11.005744 20.049209 18.257179 11.487142 14.965412 19.661431 23.645764 21.705935 9.371309 8.697292 5.164248 8.287953 16.279847 16.656370 5.308475 21.255698 19.999626 23.253879 7.635871 12.406680 15.389033 18.546312 16.748569 16.955261 17.297774 9.048561 8.383734 18.812463 12.514812 14.155156 23.609538 17.048337 8.627802 15.311204 17.890046 5.849758 5.807849 10.515855 9.246145 23.673416 9.048195 17.020110 22.796629 21.302651 6.526808 21.004494 11.796188 17.140599 15.149715 7.827477 19.461106 9.548633 15.298000 17.763709 12.492743 11.047955 18.544751 8.615648 10.748997 5.019220 20.432238 8.956043 13.074612 10.567674 9.076857 18.752444 5.022298 7.240859 13.434690 18.833897 21.328954 18.933858 10.825894 7.361528 20.638771 18.064605 8.782761 24.593619 17.182079 18.220603 9.291273 23.509866 15.776025 16.981492 13.432696 22.919367 16.310948 12.483431 12.898179 24.184054 19.798625 15.821530 21.152934 9.388841 12.996927 13.770503 16.505933 5.665631 13.453385 14.112063 16.404697 18.132901 20.356174 16.348831 8.470332 8.365210 6.203028 15.304841 12.718103 10.047121 7.857378 24.469653 20.760129 17.211409 6.872938 15.548291 18.044987 8.138714 7.185997 19.496260 8.137974 13.244443 15.750706 19.802993 24.762856 20.770983 24.346052 23.639640 17.679329 23.391611 7.760176 23.297248 9.403495 19.468033 12.318572 7.047010 24.043650 23.807992 13.711081 20.518540 16.012130 9.366749 10.507442 7.793986 15.674408 8.365033 22.155217 21.539644 12.920460 21.179609 8.802309 24.818025 10.873992 8.387756 6.737137 20.776919 21.770608 8.884572 19.184385 5.235509 15.323074 7.609904 6.507819 7.905918 7.571280 22.462154 12.338242 5.138815 18.974774 15.427106 6.347462 9.553986 17.136196 19.238211 15.828816 9.723596 20.489770 20.228057 10.484721 10.488315 19.160330 18.500493 24.538685 21.930912 10.778671 6.359051 10.135827 12.078532 24.882423 21.525211 7.842541 23.404937 15.066583 22.709917 14.419503 8.445573 17.333286 6.572999 24.345010 8.135952 15.425789 22.125100 21.987101 22.329600 21.934254 12.927235 17.743063 15.304619 12.947949 9.822351 6.965102 18.327253 13.719822 9.034433 11.778721 15.843141 22.881785 7.184811 10.140698 6.380196 12.589032 7.407190 5.543919 15.885340 23.488011 6.209125 18.943102 12.019042 11.578162 17.454123 19.828659 24.667382 20.815499 5.563218 7.337828 13.714308 16.974078 15.834776 10.529754 7.505892 18.068128 19.589642 24.277090 17.771249 15.917219 14.291814 16.411400 20.273351 12.430730 8.835030 17.810113 12.970799 13.499315 21.049778 18.455154 8.223943 24.481979 19.571516 16.958058 12.119925 6.507618 15.549079 22.871112 13.544977 16.633658 24.943433 18.049541 21.362154 18.275652 18.160284 21.216283 17.530161 17.610040 9.827583 12.926909 21.878944 20.272961 20.371156 20.792483 24.568956 23.638791 21.671845 11.625169 22.436535 7.395897 12.859515 15.456516 11.655218 12.183065 23.109638 21.106189 19.558104 20.636881 12.402562 14.349248 14.247443 20.675759 17.063778 9.422652 18.773099 21.903052 16.165068 8.057636 9.467446 6.316949 7.756678 7.434984 9.359510 7.421290 23.446742 17.359782 13.140348 9.618211 11.935377 23.865689 7.840727 8.221035 21.517152 9.495336 18.846762 22.831649 8.984407 5.751034 23.081476 8.712343 12.347923 12.252675 21.528017
53
247
0 2 1.805028
0 8 6.863553
0 16 2.151206
0 19 8.699045
0 31 1.022736
0 34 7.344738
0 51 5.790522
1 8 2.599741
1 18 4.074382
1 20 8.229998
1 33 1.696710
1 43 7.983473
1 48 6.615921
2 4 7.460910
2 7 8.537401
2 8 6.771888
2 9 7.150499
2 16 4.875822
2 18 6.057618
2 23 6.127789
2 29 1.760296
2 39 6.303373
2 45 3.126235
2 46 7.773003
2 48 5.294917
2 52 7.369091
3 5 7.455787
3 13 2.265443
3 15 2.170025
3 16 8.774739
3 18 8.284757
3 27 4.804618
3 34 9.378012
3 36 9.206315
3 39 6.094918
3 48 3.045264
4 17 4.291446
4 18 3.403039
4 20 8.726977
4 25 6.198563
4 30 2.967751
4 40 2.030277
4 50 2.697596
5 15 5.383366
5 18 3.783991
5 22 7.545572
5 29 7.729098
5 45 4.877585
5 48 7.079531
5 51 1.528952
5 52 3.330059
6 8 8.354376
6 9 5.123978
6 15 5.320179
6 16 1.157044
6 17 5.168082
6 18 5.135333
6 22 9.148980
6 29 5.150314
6 34 7.841173
6 39 4.561181
6 40 1.416652
6 52 4.046026
7 14 5.969788
7 18 6.903830
7 22 1.978288
7 25 2.988314
7 29 9.233731
7 34 6.052109
7 35 9.496536
7 38 4.095848
7 40 8.532866
7 41 2.174180
7 43 7.209770
7 45 3.077878
8 19 6.154621
8 36 5.998440
8 49 3.744910
9 16 7.882536
9 20 9.731260
9 23 9.142296
9 26 4.600442
9 27 3.266587
9 49 2.417636
10 12 5.697543
10 21 1.922136
10 27 4.983021
10 31 7.540715
10 32 3.553328
11 12 4.865633
11 16 8.025606
11 22 6.790944
11 38 9.226315
11 51 2.244222
12 17 4.469612
12 18 8.110378
12 19 6.844237
12 27 2.626011
12 35 6.790424
12 36 8.282403
12 44 8.585863
12 45 7.773953
12 52 7.440538
13 18 6.682088
13 32 1.855384
13 35 9.225106
13 48 2.203795
13 50 8.331448
13 52 8.462259
14 29 6.996977
14 31 6.802676
14 39 4.948347
14 42 4.124231
14 51 1.805059
15 18 1.135740
15 20 4.423384
15 26 6.277100
15 34 7.026627
15 38 6.809000
15 43 6.939170
15 52 6.045723
16 23 6.550578
16 26 8.509715
16 30 7.424013
16 35 6.690455
17 21 1.641688
17 22 9.018985
17 25 8.181421
17 43 3.275006
18 25 1.694044
18 27 4.180665
18 31 6.695925
18 35 6.356834
18 39 6.194032
18 40 2.342475
18 42 4.240405
18 47 5.062523
19 28 3.462426
19 32 5.177452
19 37 2.173917
20 30 2.143728
20 35 1.342738
20 39 6.312507
20 43 2.997629
20 49 3.143320
20 51 3.623589
21 23 5.704444
21 36 5.935026
21 37 1.348853
21 39 6.778938
21 41 5.551668
21 50 8.897581
22 39 7.299869
22 44 1.151761
22 51 7.045772
23 29 8.884009
23 30 7.235348
23 42 9.359214
24 33 1.758592
24 34 1.312983
24 36 3.763059
24 41 3.492981
24 45 7.415785
24 47 5.590808
24 49 1.008177
25 26 3.125452
25 29 1.969649
25 31 2.291790
25 32 1.344479
25 33 6.285798
25 37 4.561589
25 40 7.705682
25 47 5.400271
25 52 2.082805
26 29 7.192045
26 31 9.042109
26 40 5.428451
26 50 3.300211
26 51 6.756150
26 52 3.025878
27 30 9.474154
27 33 9.286341
27 39 8.396234
27 42 9.994295
27 43 4.559249
28 30 9.550973
28 35 9.267254
28 36 4.739414
28 41 7.954721
28 42 8.478332
28 48 7.850275
28 50 6.227944
28 51 6.691507
29 31 1.443666
29 36 6.864098
29 39 8.911606
29 45 2.412625
29 47 3.409650
30 34 8.743002
30 35 2.966158
30 38 9.924421
30 39 4.568606
30 41 1.558655
30 48 7.725471
30 52 1.586719
31 42 2.709807
31 44 1.802132
32 34 1.472865
32 36 2.284562
32 43 5.936335
32 44 2.133640
32 50 3.139248
32 52 5.566894
33 51 7.925370
34 40 1.556843
34 45 2.070068
34 47 9.570252
35 39 9.570631
35 48 1.843882
36 39 6.890845
36 43 3.038945
37 38 9.855707
37 41 7.811926
37 46 7.131765
37 49 4.097867
37 51 5.805016
38 40 1.678885
38 45 8.697292
38 52 1.402487
39 40 3.503437
39 43 9.785650
39 48 4.502886
40 47 8.629134
40 49 3.881241
41 50 6.900224
42 45 3.539518
42 48 7.588400
42 50 4.558737
43 44 6.255296
44 46 7.331514
44 47 5.766817
44 48 1.538488
45 46 2.484833
45 48 1.042753
46 47 4.215020
48 50 4.170677
50 51 8.493387
297.192088 292.057700 413.872662 331.139506 474.007044 224.076688 400.053501 455.793920 277.898405 379.300367 426.793051 457.645174 317.919654 413.520719 419.065754 240.828039 259.043735 290.345948 304.667331 378.435910 470.543582 426.823452 227.189000 484.456979 445.351130 329.320603 408.228275 297.229287 257.800577 241.528654 350.458018 441.231069 322.572144 503.908612 303.945348 445.835487 251.734568 262.944650 371.465430 219.923483 289.986969 286.781659 375.435623 405.598745 482.492786 323.210107 248.010287 313.672737 386.942665 435.153185 329.468854 407.470450 372.033484
