900
1797
0 1 1.501872
0 2 11.281557
0 11 9.726541
0 12 13.187776
0 13 15.971262
0 20 6.469020
0 24 14.516812
0 48 10.924132
0 95 13.417332
0 100 1.084377
0 118 7.068683
0 137 14.486955
0 141 12.112837
0 146 17.211153
0 165 2.322420
0 198 13.772559
0 226 11.066168
0 256 18.404568
0 273 11.216195
0 275 1.642825
0 278 15.067337
0 290 13.190433
0 306 12.612302
0 342 12.810344
0 388 6.999216
0 407 4.684100
0 488 11.080412
0 664 3.820663
0 674 9.159121
0 695 17.908807
0 746 8.110185
0 783 1.702038
0 885 12.986895
0 898 6.141255
1 2 17.450841
1 3 3.149658
1 12 14.060711
1 15 3.459015
1 16 4.955563
1 21 3.402443
1 32 3.008343
1 37 2.581579
1 126 12.184459
1 128 1.627693
1 167 7.389208
1 200 9.985581
1 291 17.412115
1 310 18.940964
1 389 17.491336
1 437 5.031341
1 476 1.106373
1 521 17.747307
1 612 8.965443
1 621 19.922747
1 686 4.006666
1 829 9.211876
2 3 11.195900
2 4 9.775480
2 5 6.194495
2 6 18.906320
2 17 8.910430
2 21 15.191042
2 23 14.988559
2 31 15.052329
2 34 19.675008
2 53 1.227790
2 54 2.367393
2 61 4.976525
2 79 14.736586
2 116 18.969447
2 139 9.323963
2 163 1.462084
2 176 15.729804
2 206 1.086755
2 207 11.445087
2 215 4.453923
2 258 1.966671
2 285 6.881716
2 293 8.040634
2 317 17.208409
2 349 10.814100
2 547 10.451388
2 567 2.641220
2 596 2.188343
2 602 16.789887
2 631 6.774874
2 638 6.752267
2 662 6.570355
2 679 13.566419
2 703 12.645381
2 778 13.660744
2 823 9.728554
2 840 15.731998
2 859 1.907202
3 4 9.744536
3 5 19.102124
3 6 7.704341
3 7 10.770007
3 8 6.170138
3 9 1.222729
3 14 13.566428
3 15 4.349094
3 38 8.264711
3 42 7.758001
3 47 9.238710
3 56 16.552452
3 58 1.273127
3 67 3.460211
3 69 14.357688
3 91 1.979205
3 97 17.005824
3 99 4.312323
3 127 13.891558
3 139 11.635001
3 162 17.818609
3 177 1.036699
3 185 15.408552
3 189 2.921083
3 190 15.610575
3 206 17.805253
3 251 17.798151
3 270 3.691243
3 272 12.781734
3 336 16.897233
3 341 15.174239
3 360 18.654762
3 383 14.011064
3 441 8.119544
3 442 2.402583
3 452 4.193924
3 462 10.177263
3 503 14.699415
3 549 6.631894
3 554 6.829530
3 609 3.136611
3 624 6.988992
3 626 8.533110
3 658 4.659909
3 689 15.512483
3 700 12.811960
3 701 17.220037
3 769 3.590108
3 834 11.764859
3 837 1.468056
3 894 13.152411
4 19 8.898574
4 22 6.112707
4 26 16.613354
4 28 7.616973
4 37 17.100530
4 39 13.946099
4 47 6.931996
4 52 7.308381
4 56 5.545502
4 60 10.505618
4 87 10.152889
4 104 5.178487
4 187 12.451147
4 237 12.097486
4 338 6.750377
4 378 14.900620
4 401 12.186394
4 409 3.559010
4 426 2.218200
4 438 18.361441
4 548 3.552080
4 549 11.523338
4 568 14.855729
4 583 7.557767
4 594 12.389709
4 601 9.542653
4 607 7.363539
4 636 16.914088
4 684 4.202073
4 756 2.442184
4 767 18.055331
4 812 18.974622
4 848 16.827086
5 7 17.163147
5 8 5.828295
5 11 13.086922
5 27 2.488248
5 29 18.907641
5 36 4.318174
5 45 3.403235
5 59 3.913815
5 63 9.955589
5 64 17.608798
5 65 13.767188
5 122 6.111589
5 128 5.363257
5 135 5.367076
5 138 11.344761
5 168 13.001927
5 186 2.398705
5 193 7.713570
5 214 4.999193
5 267 11.212444
5 291 15.568528
5 310 6.503568
5 384 8.606333
5 429 16.885261
5 435 17.735982
5 439 1.082213
5 539 3.959404
5 543 4.669178
5 678 7.321215
5 694 5.347727
5 731 19.038273
5 759 5.513346
5 871 2.601319
6 18 5.653706
6 43 12.596860
6 76 8.705923
6 106 4.635893
6 113 5.904186
6 146 2.249595
6 210 9.322101
6 211 9.215632
6 275 3.642600
6 301 13.941350
6 315 11.061965
6 404 9.773292
6 486 6.746062
6 565 9.320636
6 748 5.743788
6 749 9.394143
6 770 1.808795
7 10 3.157282
7 13 15.694052
7 20 13.061777
7 27 13.643382
7 31 18.258381
7 40 17.722814
7 49 13.296438
7 86 12.464487
7 101 14.747212
7 103 10.163159
7 134 3.946064
7 144 11.208974
7 152 19.417874
7 156 4.593866
7 165 4.422088
7 198 5.418942
7 259 11.366486
7 274 10.130785
7 283 6.805642
7 288 3.662218
7 292 2.385092
7 299 4.806835
7 318 5.543236
7 368 3.305365
7 381 5.973014
7 421 18.035042
7 459 19.383226
7 471 9.079320
7 480 8.010527
7 482 1.317734
7 483 18.081879
7 509 4.753737
7 551 8.153116
7 566 3.260145
7 722 15.016831
7 760 1.780565
7 798 1.832005
7 883 11.675496
8 9 18.024386
8 10 6.193901
8 14 1.620411
8 35 17.082520
8 38 15.458777
8 58 16.485280
8 106 14.355555
8 138 3.830317
8 179 13.715607
8 196 7.684982
8 247 3.973577
8 282 8.608029
8 289 2.654105
8 327 13.766235
8 377 2.904954
8 397 14.555927
8 400 15.690341
8 434 19.010439
8 464 19.305903
8 472 3.008740
8 520 16.623804
8 577 12.061347
8 611 12.992833
8 644 4.726947
8 713 2.532406
8 761 14.986349
8 806 2.988387
8 831 6.100061
8 853 12.684642
8 892 14.934755
9 17 14.505467
9 18 1.019779
9 66 16.095676
9 112 8.023202
9 174 1.959733
9 224 7.472873
9 404 3.185720
9 416 15.150671
9 431 17.519232
9 577 7.027787
9 660 11.405512
9 696 16.249163
9 728 15.649538
10 16 4.025820
10 30 3.463443
10 49 3.081093
10 71 10.164039
10 102 9.017887
10 231 18.242265
10 425 15.029707
10 443 10.983696
10 500 9.289390
10 526 11.548617
10 531 5.235803
10 601 9.580831
10 730 16.051618
11 35 13.340093
11 84 2.363690
11 126 17.433311
11 375 6.937552
11 481 8.663410
11 639 4.715879
12 23 10.720062
12 46 8.192288
12 140 7.784813
12 579 12.052482
13 39 15.587036
13 50 16.743529
13 74 8.055368
13 94 15.555215
13 132 6.410946
13 166 7.459879
13 434 1.413502
13 510 17.329916
13 757 15.301142
13 803 9.789050
14 25 18.051189
14 30 8.692908
14 46 8.818865
14 54 1.028726
14 74 2.162015
14 92 15.873047
14 123 2.854387
14 161 16.669604
14 179 13.257229
14 213 1.438912
14 406 11.339619
14 484 11.427441
14 586 2.355566
14 760 18.690243
14 798 8.202906
14 826 7.410641
14 831 17.891097
14 864 3.777687
14 888 8.112621
15 25 9.590175
15 44 16.722233
15 55 7.883881
15 65 6.392704
15 72 14.695017
15 212 10.136011
15 218 11.231104
15 223 17.384431
15 309 8.860033
15 338 16.078005
15 396 6.967975
15 405 18.057387
15 412 15.824102
15 457 2.251538
15 486 2.306983
15 518 10.488206
15 587 9.258758
15 618 4.884076
15 675 11.544463
15 724 13.044852
15 759 4.100066
15 852 9.001476
16 136 6.066523
16 171 4.578665
17 19 10.796002
17 33 13.474372
17 36 16.253974
17 91 9.773639
17 121 12.517704
17 281 18.721519
17 341 4.136271
17 385 2.313585
17 409 2.493729
17 542 11.770618
17 563 6.664859
17 819 8.163045
18 29 3.167766
18 41 1.636650
18 59 18.301759
18 61 7.684206
18 62 12.894148
18 69 10.168737
18 82 13.501953
18 83 11.670570
18 125 16.137928
18 157 6.308063
18 160 7.649755
18 190 11.294396
18 285 12.658512
18 316 18.453675
18 363 7.841220
18 370 7.314998
18 373 17.715221
18 513 6.781099
18 845 8.590023
19 26 18.513221
19 75 14.666198
19 85 7.311497
19 158 11.623351
19 227 8.321018
19 254 5.962035
19 263 19.698882
19 415 6.532690
19 436 15.358106
19 501 7.529820
19 595 5.698465
19 622 9.867630
19 714 9.587405
19 802 7.017059
19 834 4.061759
19 870 18.397719
20 63 13.925939
20 73 1.990359
20 333 13.257318
20 559 2.265667
20 666 6.041854
20 682 1.091855
21 22 17.252010
21 90 1.458583
21 170 9.526271
21 474 18.713270
21 656 16.626488
21 730 14.011073
22 28 8.871781
22 41 2.207814
22 48 9.082411
22 53 6.294458
22 57 5.385094
22 88 2.329356
22 157 9.588879
22 173 17.963367
22 196 1.643183
22 227 9.049935
22 288 1.619299
22 295 12.176590
22 308 9.775364
22 313 19.022517
22 339 14.746633
22 403 13.361630
22 487 7.482882
22 514 3.007173
22 627 15.310575
22 667 16.530611
22 791 8.187683
22 833 5.351475
22 858 16.378396
23 24 9.967183
23 33 14.482082
23 34 10.922512
23 281 9.035821
23 766 6.996980
23 844 6.575920
24 44 7.737461
24 62 6.732942
24 124 17.536012
24 150 5.069548
24 153 19.082363
24 188 9.969235
24 355 6.640625
24 382 4.540917
24 561 5.725148
24 582 16.753889
24 615 18.662620
24 752 12.672297
25 491 11.785488
26 32 19.046343
26 40 3.902493
26 42 3.035335
26 133 4.279585
26 143 16.088586
26 167 12.214834
26 276 13.215539
26 287 5.039128
26 328 13.379163
26 352 10.872974
26 574 11.713837
27 566 15.978450
27 688 13.979316
27 799 14.370527
28 68 3.760782
28 89 10.046333
28 100 11.225516
28 117 4.827989
28 224 7.825161
28 239 3.516842
28 279 12.071496
28 289 2.725851
28 371 5.895343
28 377 10.860798
28 419 6.479547
28 430 14.689250
28 448 18.818020
28 454 9.582812
28 522 12.052931
28 524 1.578150
28 805 17.255588
28 830 14.365264
29 111 17.616055
30 43 1.693885
30 57 11.097597
30 105 5.147119
30 119 5.218166
30 286 11.641132
30 323 2.181738
30 359 1.020084
30 502 19.902465
30 692 7.183697
30 750 1.092500
30 814 12.049529
31 50 3.222452
31 132 14.938622
31 360 3.810952
32 76 13.789043
32 97 4.798737
32 98 1.940782
32 101 19.985008
32 229 9.004527
32 410 11.132982
32 659 18.493160
32 743 6.345332
32 781 2.814229
33 77 5.584974
33 117 5.238889
33 534 16.213703
33 690 15.174458
34 60 1.972869
34 204 1.977139
34 226 15.938166
34 228 7.627811
34 488 2.572058
34 725 5.015644
35 279 6.730267
35 363 9.428092
35 629 19.719162
36 80 1.653045
36 123 4.792283
36 155 9.866016
36 562 10.216213
36 821 18.240471
37 81 18.579800
37 424 4.573413
37 557 8.065302
37 635 12.230284
37 833 10.726550
38 45 9.989192
38 51 14.021076
38 72 17.885499
38 96 8.982926
38 116 4.950490
38 142 12.229970
38 192 11.139944
38 251 15.546190
38 266 15.020056
38 280 16.291312
38 392 12.225093
38 457 6.434390
38 539 7.075593
38 679 15.828936
39 142 11.162654
39 185 17.213638
39 349 10.999963
39 398 1.292622
39 426 7.548064
39 613 15.395664
39 710 5.589314
40 129 9.402715
40 130 12.532568
40 222 19.912684
40 372 14.922024
40 428 14.066558
40 523 1.444047
40 787 11.912293
40 827 3.639182
42 667 18.688283
43 66 7.671964
43 82 2.427102
43 89 9.452338
43 140 14.758212
43 174 13.337427
43 221 13.003196
43 584 17.290443
43 604 15.765492
43 618 16.880900
43 846 8.672601
44 51 14.370472
44 73 1.519672
44 94 14.599969
44 137 14.238883
44 144 16.073888
44 267 14.047205
44 378 12.987964
44 495 6.850709
44 512 15.179316
44 641 3.963993
44 799 10.057319
45 52 3.192925
45 129 9.916676
45 201 1.280873
45 322 14.507013
45 350 15.680644
45 423 15.728630
45 605 5.240183
45 703 2.806102
46 509 18.107906
47 111 3.596013
47 203 3.887981
47 257 2.586976
47 336 17.651523
47 395 8.388029
47 400 7.726984
47 468 4.678823
47 489 14.331909
47 635 19.291244
47 657 3.573457
47 854 17.996360
48 67 3.898322
48 68 10.520256
48 71 16.589497
48 448 17.381350
48 470 7.468726
49 107 10.348080
49 131 4.083277
49 163 2.748826
49 387 5.524224
49 492 15.605906
49 557 17.362199
49 753 18.551187
50 314 2.052438
51 81 17.656332
51 84 11.437416
51 107 13.520041
51 169 8.381236
51 184 9.212252
51 220 15.600861
51 595 10.151497
51 675 15.977579
51 720 15.875859
51 746 17.284912
51 778 9.541465
51 788 14.371299
52 105 7.367369
52 120 11.166498
52 156 1.079582
52 254 1.361587
52 340 1.137319
52 505 5.834467
52 645 4.543925
52 747 4.786527
52 780 16.676537
52 832 1.593649
53 55 13.814938
53 78 4.089564
53 154 7.321489
53 172 16.804831
53 304 6.655557
53 405 7.241023
53 629 12.592091
53 764 19.965005
53 817 6.525527
54 80 1.499853
54 115 11.576180
54 175 17.667328
54 651 5.737803
55 191 11.912413
55 345 1.701655
55 477 3.875174
55 676 10.219621
56 85 13.169150
56 113 2.918511
56 283 16.662047
56 287 17.338432
56 346 1.105321
56 440 15.159855
57 64 9.665980
57 70 12.511053
57 122 13.931917
57 172 15.432417
57 262 5.494952
57 320 9.315477
57 325 4.041636
58 70 18.705433
58 114 3.745284
58 134 16.090487
58 152 13.335085
58 175 4.857458
58 189 6.770367
58 274 19.728428
58 460 5.692604
58 467 5.440961
58 638 1.936132
59 88 3.862758
59 131 1.003804
59 149 12.866715
59 168 14.763121
59 232 1.098017
59 238 19.176488
59 244 18.059816
59 297 8.242994
59 527 8.170160
59 578 10.898569
59 594 10.933171
59 637 18.271288
59 685 15.447735
59 804 7.400219
59 865 11.391839
60 108 15.018044
60 236 19.313363
60 452 12.042180
61 78 2.581224
61 200 7.574771
61 738 2.462202
61 789 4.653039
61 790 6.290220
61 855 16.441154
62 120 10.929070
62 177 17.082040
62 210 10.026222
62 367 11.627750
62 487 3.808472
62 769 5.766348
63 75 10.826163
63 133 17.897118
63 148 5.068093
63 313 7.123802
63 334 15.735221
63 463 17.836855
63 630 11.298900
64 79 2.029075
65 86 1.250256
65 102 9.534965
65 353 1.380938
65 362 19.841075
65 394 8.987555
65 422 18.938801
65 475 6.504746
65 717 15.713528
65 792 16.346785
66 164 17.859111
66 195 4.003037
67 96 11.837728
67 837 13.372952
68 77 14.632838
68 103 17.172711
68 354 13.895742
68 661 6.334686
69 478 13.722306
69 504 16.544928
70 507 15.905684
70 541 11.666003
70 797 18.479919
71 83 17.090300
72 149 9.656286
72 153 16.843419
72 154 17.156187
72 180 11.198927
72 369 12.663841
72 582 3.912101
72 710 14.868684
72 888 10.708719
73 158 3.689540
73 159 8.228273
73 706 11.959702
74 108 3.109739
74 225 11.724443
74 242 12.373936
74 292 18.794926
74 322 13.719332
74 332 10.356240
74 552 10.873477
74 575 11.263374
75 92 13.799456
75 124 7.955142
75 272 17.539198
75 643 7.089738
75 680 18.473727
76 148 3.637163
76 173 3.066938
76 202 14.455254
76 265 3.614590
76 328 2.236439
76 389 12.658755
76 568 13.027714
76 755 4.235647
77 93 12.325715
77 316 15.256315
77 433 1.896023
78 119 16.001279
79 298 14.125169
79 740 8.895946
80 162 7.215632
80 209 18.193870
80 276 15.792616
81 182 6.648673
81 838 14.648378
82 353 4.496841
82 412 3.954240
82 574 18.553322
82 786 17.119443
83 118 3.774040
83 290 4.078439
83 337 6.251284
83 485 5.003281
83 570 10.126449
83 616 7.097100
84 723 7.331804
85 95 17.791436
85 98 13.903922
85 104 5.437270
85 229 14.681882
85 447 6.954961
85 764 6.898140
85 774 6.756493
85 867 8.332162
86 87 10.726216
86 245 16.134345
86 414 12.696321
86 421 4.512491
86 518 19.948744
86 627 18.747770
86 864 15.501345
87 240 16.074869
87 859 5.763367
88 433 4.444625
88 449 19.738377
88 456 17.197583
89 90 12.160049
89 127 14.325028
89 581 17.722731
89 651 6.401958
90 109 11.000123
90 171 6.479410
90 219 15.838286
90 284 6.183651
90 422 8.387089
90 439 15.058584
90 722 17.127536
90 744 2.525071
90 775 19.427534
90 847 4.871911
91 115 10.251897
91 180 18.993887
91 181 3.432621
92 93 16.175248
92 141 8.078203
92 160 7.604781
92 445 10.899927
92 827 15.987522
93 99 18.169062
93 202 12.902247
93 268 14.393955
94 110 7.129631
94 392 15.666293
94 649 1.853012
94 863 1.837475
95 711 19.394852
96 253 14.907790
96 255 5.645435
96 390 13.438307
96 406 12.616024
96 868 9.852224
97 395 18.100806
98 176 8.680222
98 252 13.864346
98 269 5.903543
98 315 12.115986
98 399 5.834892
98 538 6.681495
98 763 13.833459
99 110 18.780782
99 231 18.812471
99 308 12.043570
99 519 19.148536
99 564 5.685676
99 671 7.182923
99 893 5.391200
100 192 8.868412
100 417 17.287887
100 498 7.281962
100 696 16.451894
100 737 1.341919
101 130 8.773986
101 136 4.266609
101 155 5.641751
101 188 10.000670
101 262 14.162038
101 317 6.464480
101 333 12.982892
101 503 12.174681
101 506 12.336573
101 507 15.849414
101 593 6.329195
102 143 6.654615
102 314 19.726036
102 511 1.252967
103 186 9.419959
103 242 11.494504
104 772 1.816903
105 236 19.075406
106 109 15.725978
106 204 1.694949
106 284 5.427626
106 376 1.090859
106 440 12.934167
106 456 6.422659
106 551 18.789861
107 150 12.640253
107 184 18.109545
107 208 2.537434
107 215 5.900934
107 248 14.095569
107 381 19.648923
107 430 3.775374
107 431 14.100878
107 464 17.673924
107 465 3.835877
107 489 12.651147
107 632 3.050381
107 748 15.175816
107 823 17.827047
108 112 11.983742
108 491 12.375892
109 216 12.489246
109 357 4.935660
109 411 7.369428
109 483 1.399426
109 789 15.494194
111 166 6.751784
111 243 19.674554
111 361 7.251864
111 634 4.452793
111 744 7.326601
112 164 16.627427
112 234 11.800086
112 237 9.838615
113 114 15.364688
113 230 15.111606
113 233 10.580488
113 555 19.243808
114 125 12.811136
114 416 2.116275
114 564 19.083391
115 652 6.583758
116 194 2.765833
116 527 2.475153
117 347 16.204198
117 579 19.392507
118 195 10.532448
118 738 16.823108
119 121 8.481040
119 147 9.769130
119 569 9.338910
119 735 11.197101
119 874 7.784585
120 216 14.703131
120 268 13.436901
120 270 6.086061
120 473 3.562202
120 500 7.498490
120 556 18.626482
121 514 6.240121
122 182 1.342559
122 197 7.814437
122 340 4.833110
122 589 3.205457
122 745 3.775658
123 212 6.460828
123 364 15.961667
123 532 6.260028
125 169 18.262759
125 220 8.629947
125 261 17.392851
125 294 7.613945
125 305 12.169608
125 326 9.197631
125 393 14.187476
125 466 18.804981
125 597 19.833470
126 222 14.447283
126 803 5.286685
127 253 17.556982
127 885 1.760952
128 366 15.525228
128 442 1.872771
129 411 4.277777
130 135 14.465010
130 194 10.086113
130 506 19.528621
130 813 6.492507
131 145 18.242831
131 151 6.196574
131 217 5.800919
131 235 7.864173
131 391 19.961344
131 413 1.847417
131 474 9.726646
131 505 17.454170
131 563 10.090104
131 588 2.789049
131 717 3.532557
131 809 16.353375
131 854 10.969804
131 857 4.805304
132 418 15.213643
132 844 14.591652
133 460 19.542329
133 548 4.805928
133 612 11.234169
134 247 11.982439
134 331 5.170918
134 645 4.161044
134 693 19.496261
135 896 15.275320
137 159 17.050305
137 170 3.290117
137 211 8.511081
137 235 3.753381
137 240 14.628421
137 545 8.866357
137 578 16.434298
137 779 18.808889
138 147 5.501592
138 197 11.429309
138 239 13.419840
138 321 15.122150
138 376 10.736985
138 428 12.534777
138 620 19.861855
139 223 11.868263
139 232 14.329859
139 238 2.490212
139 345 6.815876
139 444 17.719431
139 496 17.850228
139 650 18.343452
139 898 4.206464
140 348 18.742255
140 438 18.929677
140 493 6.215970
140 528 6.598123
141 145 16.307072
141 178 15.616411
141 330 10.761653
141 385 12.239351
141 494 3.590905
141 498 18.344168
141 724 12.014618
142 151 3.929088
142 178 3.243571
142 181 17.729132
142 249 4.847276
142 373 3.529014
142 379 2.177285
142 435 8.479496
142 499 6.968642
142 520 7.694540
142 545 10.557915
142 593 4.549027
142 600 3.176876
142 684 17.527921
143 221 14.368761
143 249 3.714736
143 372 18.817214
143 495 1.405528
143 762 17.463638
143 850 12.710622
144 207 11.175373
144 386 9.813497
144 680 4.113263
144 861 12.478892
145 191 8.796851
145 263 17.988101
145 446 19.897733
146 246 3.304604
146 359 14.718383
146 368 14.693677
146 517 8.173261
147 304 17.092813
147 646 2.410653
147 663 12.597903
148 183 11.764424
148 255 5.545986
148 677 18.557873
149 382 16.092245
149 528 17.937711
149 555 17.929884
150 271 19.113111
150 493 16.895693
150 591 16.596861
150 707 7.227866
152 201 15.786368
152 244 2.344072
152 479 6.949782
153 161 18.836959
153 234 7.167090
153 383 2.398383
153 704 7.965512
153 832 16.027461
154 245 15.779164
154 257 17.388350
154 301 17.986454
154 445 5.200198
154 530 18.680321
154 553 6.145354
155 356 2.970530
155 357 13.513390
155 881 4.150226
157 295 5.917753
157 319 12.518512
157 352 4.688490
158 203 13.524772
158 217 19.967505
158 278 11.764772
158 700 19.624595
159 214 4.127237
159 250 6.486257
160 299 19.685852
160 525 16.731209
160 526 10.141470
160 709 15.813672
160 876 7.857852
161 228 18.593557
161 634 16.731706
162 187 8.875863
162 277 9.748242
162 425 1.959548
162 657 2.061159
163 364 15.701560
164 455 6.562704
164 519 10.627874
165 199 13.705281
165 617 17.508298
166 699 8.920935
167 241 10.754528
167 335 6.947383
167 628 5.429942
167 771 4.464116
168 446 17.245119
168 878 8.576101
169 205 12.414672
169 230 9.558154
169 334 7.966319
169 727 10.889251
170 209 16.830614
171 606 13.102629
172 647 7.400642
173 199 2.518141
173 556 15.243676
173 590 8.491463
174 776 11.595850
174 878 17.901025
175 213 8.942337
175 256 8.541162
175 320 8.029930
175 365 19.292846
175 575 1.547071
175 682 19.757553
176 205 3.338279
176 335 18.660185
176 761 8.923938
177 219 9.897343
178 867 11.953715
179 183 15.828841
180 250 13.019528
180 332 17.446396
180 763 13.425822
181 273 1.056328
182 355 15.017878
183 300 7.741794
183 525 11.998207
183 861 14.416399
184 306 9.451690
184 522 6.549163
184 596 14.190736
184 829 4.863133
185 365 19.679097
185 762 17.392237
186 397 2.710957
186 427 12.393245
187 252 1.984683
187 374 7.249051
187 453 8.522091
187 478 9.127340
187 588 5.155326
188 302 10.284989
188 504 12.032667
188 516 13.321251
189 193 2.373732
189 208 3.557499
189 218 8.737932
189 396 14.989675
189 462 15.882547
189 502 18.848849
189 616 7.819600
190 298 10.491179
191 261 6.799517
191 265 16.934303
191 271 10.818507
191 695 1.474171
191 739 18.957853
193 326 7.917629
193 394 7.302196
193 529 5.537132
194 241 9.250253
194 362 1.015503
194 410 14.239441
194 602 18.788169
194 678 18.627734
194 713 14.652229
195 300 19.116993
196 513 17.113586
196 544 19.545816
197 296 19.116060
198 225 18.344848
198 243 1.806431
198 603 13.721369
199 343 18.642893
199 465 7.806061
200 386 8.930855
200 387 8.852447
202 260 9.319407
203 259 5.864243
204 264 2.461313
204 890 2.644823
205 233 12.584255
205 868 9.133439
206 419 4.752239
206 492 2.894141
207 344 8.659263
207 351 15.326311
207 669 14.450437
207 708 4.231888
207 871 2.770132
207 891 2.692012
209 264 9.490626
209 481 12.667111
209 711 11.069967
210 305 18.525647
210 432 17.671618
210 436 4.176528
210 753 4.612627
212 269 4.093522
212 297 8.353856
212 441 15.967923
212 468 18.287312
213 246 16.713957
215 348 5.390848
218 469 17.273886
218 765 5.654781
219 791 1.646750
220 321 2.805276
220 599 8.840982
220 720 4.559384
220 721 6.618024
220 775 13.446298
220 802 4.446742
221 286 14.796669
221 869 8.355857
222 666 7.579328
224 613 10.649498
224 787 9.238154
225 258 8.922630
225 324 15.527998
225 390 3.577506
225 515 1.397056
225 729 2.740902
225 849 1.825756
226 343 8.792142
226 459 12.108815
227 758 2.649271
228 307 9.204088
228 553 7.043922
228 870 13.318288
229 307 8.529217
229 356 2.986979
229 393 14.572060
229 780 15.045390
229 880 17.272385
230 417 6.723472
231 633 2.772899
232 260 15.330743
233 683 9.191658
235 388 8.904573
235 485 7.623409
235 688 18.503067
236 248 11.358370
236 443 15.187657
236 747 17.876241
237 537 17.647458
237 572 18.986534
237 692 15.979268
237 848 2.858257
237 862 3.753296
238 312 8.379864
238 501 10.193775
239 277 13.573672
239 815 14.982316
240 530 2.870342
240 536 1.991786
241 726 15.896894
242 361 18.306339
242 712 6.543321
243 358 9.960587
243 380 18.183484
243 401 9.426804
243 674 1.748977
244 311 11.409319
244 585 17.636345
244 819 4.963047
246 339 13.611992
246 346 16.374642
246 734 10.077474
246 897 9.399156
247 266 5.560449
247 282 11.076896
247 318 17.120261
247 350 1.684777
247 351 15.254304
247 432 10.263876
247 450 4.663858
247 472 15.218734
247 533 6.565319
247 702 9.765711
247 810 4.407991
247 842 16.935252
249 623 12.573236
250 858 10.123656
251 585 14.982590
252 624 6.872139
252 672 2.221700
252 838 17.866727
253 319 2.644315
253 447 15.456186
253 662 7.780166
253 742 2.051891
255 538 2.688167
255 558 13.346911
256 329 7.287674
256 347 6.905767
257 470 18.189041
259 294 12.751491
259 366 4.290618
260 804 8.176359
261 414 15.536830
262 296 13.140764
262 323 8.297930
262 782 8.049659
262 800 9.502172
262 882 11.969473
263 280 4.468535
263 331 19.977581
263 344 10.311485
263 573 13.463629
264 302 9.702242
265 896 8.979412
270 617 1.056672
272 303 17.600293
272 327 10.388874
272 330 10.062662
272 337 18.784371
272 398 9.631145
272 510 11.350127
272 816 1.250153
272 842 8.373219
274 324 4.354004
274 467 18.689560
274 640 12.740544
276 560 12.552103
276 714 15.959935
276 801 18.915500
276 849 7.847542
277 293 18.558617
277 636 10.968939
279 312 14.213655
281 649 9.350750
281 663 5.642628
281 793 11.880028
282 402 12.530483
283 576 11.700202
283 580 6.866633
284 843 6.006593
285 642 14.143157
285 690 8.474195
285 876 3.673765
286 309 3.579792
288 561 9.077879
288 606 2.451173
288 683 11.899347
288 727 2.239001
288 851 16.949257
289 325 13.237914
289 407 16.615752
289 562 8.617025
289 689 1.290655
289 706 3.033552
289 869 13.683877
290 619 2.374350
290 672 3.069688
291 379 17.404798
291 668 5.619479
293 370 13.153436
294 311 15.832699
296 367 8.478107
298 399 8.948922
298 733 13.286083
298 839 17.490411
301 303 14.661197
301 709 9.145816
301 841 3.510338
302 655 9.321930
303 384 17.885846
303 490 14.049792
303 623 5.512283
304 862 16.868087
305 676 19.436542
305 681 19.076053
306 497 9.411432
307 745 3.630213
308 408 16.391853
308 508 10.023321
308 547 11.143299
308 737 13.656060
309 358 3.532374
310 329 15.922909
310 449 5.069454
310 615 2.367116
311 479 11.850917
311 652 7.734191
311 817 15.327276
312 776 10.169260
313 665 15.279023
314 659 5.220902
315 354 14.768332
316 542 17.734115
316 573 18.723681
316 728 15.983226
316 808 16.926367
317 694 1.847740
318 785 6.146462
319 895 15.528923
320 374 16.030882
320 450 3.939499
320 668 6.228042
320 741 7.965793
320 818 17.244719
323 534 11.646026
323 697 7.921847
325 626 5.352427
326 523 5.661030
326 572 9.822438
326 765 3.722749
326 865 7.656914
327 712 9.315024
330 418 10.144381
330 517 12.858632
330 653 9.798663
330 658 3.956968
330 749 13.243241
330 777 19.286906
330 883 8.807697
331 660 9.691320
331 773 10.038288
333 423 14.760049
333 735 18.127237
333 882 11.389525
334 558 10.855145
334 856 9.171441
335 342 18.522613
335 531 18.244770
336 420 9.491431
336 845 10.306756
337 424 5.847281
338 630 9.239235
340 625 19.065134
340 734 6.034805
341 490 19.840970
341 554 6.485133
341 670 10.007709
341 697 8.745982
342 813 13.979160
343 371 19.875462
344 794 18.363211
345 508 13.221531
345 569 14.566715
345 641 12.978407
345 790 18.578303
345 811 8.585500
346 375 17.759123
346 380 5.872858
346 403 14.750492
346 511 11.274505
346 550 11.544898
346 580 1.772991
346 587 19.739179
346 715 3.083459
347 632 16.733772
347 718 8.212776
347 784 17.877662
348 451 3.206514
348 499 18.700722
348 598 3.925145
348 805 18.273154
348 873 2.192589
349 391 18.571935
349 807 12.772368
350 800 13.505526
351 369 3.601340
354 473 3.925790
354 546 18.795542
354 610 6.148498
354 768 19.069429
355 484 18.410057
356 570 10.391058
357 451 3.535511
357 691 12.982979
358 576 11.138187
359 603 16.889937
359 754 16.002446
360 583 4.819418
360 850 7.970638
361 469 6.792832
361 586 12.813806
365 408 7.324285
365 812 7.179081
366 544 5.762441
367 784 1.869731
369 444 18.551095
370 716 7.423126
371 584 3.623393
372 521 9.829875
374 476 3.907625
375 756 1.912163
377 607 16.718840
377 792 17.103191
378 415 11.887471
380 628 2.624176
382 559 5.557901
383 437 15.706671
383 648 5.534458
384 458 12.268174
385 621 5.706204
385 893 7.894266
386 670 4.494894
387 732 19.123054
388 429 2.231041
388 654 9.575726
389 567 5.978164
390 420 19.495568
390 726 14.852073
391 402 16.586190
391 427 4.233546
391 533 13.983219
391 610 15.702811
391 648 18.782382
391 767 19.273452
391 857 8.324668
392 608 10.120217
392 673 18.260085
392 691 10.306589
393 515 1.788306
393 535 8.912163
395 455 6.963000
399 453 13.865736
401 454 12.057590
401 543 10.345217
402 458 10.683332
402 591 2.049745
402 642 11.488384
402 736 7.912564
402 822 6.398145
404 698 13.547370
405 631 15.458470
405 701 15.183718
409 560 11.777479
409 637 2.620616
409 721 6.786500
409 855 8.915705
409 875 6.555744
410 413 10.809084
410 608 6.929658
410 708 1.643044
410 781 9.578596
412 873 19.420438
414 480 13.458190
414 609 18.775281
416 809 3.142269
417 707 15.323035
417 755 14.870574
418 537 10.077538
419 475 17.858974
420 650 11.976665
421 884 11.912407
423 786 8.719656
425 643 5.354728
427 477 19.200937
427 719 19.550603
428 604 19.122640
429 471 5.054631
429 546 2.755690
429 592 5.051393
429 605 1.731854
431 887 19.868441
433 494 15.183927
433 597 19.635279
433 818 11.266808
439 512 16.478733
439 552 2.313315
441 656 4.861674
442 614 10.066615
442 718 10.580834
444 461 8.539556
444 516 17.519656
444 751 16.076628
444 796 9.011046
444 863 14.300480
445 535 18.340496
447 611 8.202877
447 733 10.866982
448 669 17.615665
448 742 18.893709
450 783 11.844769
450 811 4.530606
452 461 8.164030
452 529 5.353243
452 874 17.083523
454 463 9.847997
456 687 18.982383
458 599 7.324000
459 466 16.748993
459 892 3.294102
460 681 5.633418
460 729 13.501266
461 731 7.844030
462 772 6.127408
464 847 18.280355
465 536 10.729821
465 664 18.677053
467 704 18.181037
468 741 6.348244
470 482 4.106733
470 743 4.166513
471 496 3.844859
471 497 16.495833
474 824 3.746244
478 532 4.097147
478 782 14.000758
479 550 13.800947
479 715 16.012307
482 571 16.631265
484 793 8.296578
484 828 7.508871
486 590 3.542774
487 540 15.725796
488 541 7.458897
489 825 9.730118
490 639 1.676112
491 524 14.287173
491 807 16.600001
491 877 6.560908
493 771 14.093874
494 886 8.508516
497 886 13.252612
500 540 19.365446
500 647 5.619849
500 705 16.815857
503 777 14.615290
511 719 18.528224
514 644 19.394891
517 592 13.994510
520 699 18.567657
521 614 16.628945
527 740 16.536109
530 698 14.760644
533 725 11.154314
536 565 12.269263
537 653 4.494843
539 589 5.772735
540 622 13.590758
541 821 9.647656
542 600 4.877684
543 581 18.154272
547 860 12.579370
548 620 3.102216
548 673 10.979913
549 828 8.804509
550 702 5.770276
551 598 7.043395
554 685 10.901950
554 810 6.518349
558 846 8.595245
560 752 2.430263
562 571 18.408077
563 757 2.697997
566 889 12.681352
568 640 18.726215
568 851 15.600032
569 625 19.261728
570 646 8.456235
573 655 18.279369
573 880 14.760184
575 705 17.631168
575 794 2.849559
580 814 8.273062
581 723 14.330366
588 853 11.307870
589 716 12.398988
590 633 10.948929
595 736 13.385163
599 796 7.593781
600 661 3.382245
600 815 7.931216
602 795 3.880925
603 677 13.214460
603 754 15.125727
605 654 10.994380
605 806 7.206448
607 839 8.066221
608 671 19.998346
609 619 1.329548
610 770 13.171554
610 824 18.838621
610 826 3.171275
612 750 13.589974
612 881 17.715132
613 768 8.462149
620 884 16.408588
621 758 8.843503
622 852 5.600688
622 890 17.495527
625 836 2.158809
627 751 4.496075
627 841 5.555459
630 875 3.894520
631 820 4.079809
632 773 5.840423
636 732 8.175269
636 739 11.995466
644 816 12.280646
645 856 1.710008
649 665 4.249883
652 879 2.592367
653 797 11.738175
655 889 17.980771
657 686 17.987122
662 687 17.250462
668 808 15.383933
671 835 13.338835
672 866 12.796691
676 774 8.596568
691 693 10.494032
703 788 5.684501
709 766 18.621684
713 785 9.091831
716 830 1.850380
716 836 8.612210
725 891 16.715408
734 795 8.471121
737 895 1.238327
738 872 18.787985
761 894 5.301029
762 779 13.814206
764 801 4.759634
764 835 4.259903
768 899 2.863793
770 843 11.082404
777 887 15.278700
782 822 6.273901
789 840 18.334757
808 825 14.921394
812 877 17.846710
814 820 9.578362
818 872 9.298030
834 866 2.230642
852 879 11.662293
852 899 15.529930
856 860 3.563416
870 897 16.058759
12.532094 9.630086 13.792218 15.453262 21.320448 19.838852 18.196648 14.814773 10.052208 17.121763 22.524185 16.682113 9.608601 21.794708 23.713839 18.543065 9.489105 17.396152 8.814920 23.617583 6.269343 6.288461 20.653858 11.568702 23.652160 12.752028 21.597095 21.216373 22.920512 24.425417 19.853017 20.792760 10.498428 20.518694 15.736262 14.954489 20.406906 6.528292 23.232572 15.551893 15.606715 5.972012 8.828604 23.975692 12.636843 12.197252 14.546516 20.759841 13.984629 15.679753 16.770072 12.625069 19.719839 12.175484 11.658479 17.799193 24.946304 5.651334 16.373205 12.886173 15.313644 8.958726 15.759384 20.743640 13.388257 6.710779 9.043646 11.975928 6.105021 9.980945 23.666753 7.388657 24.691643 11.243889 6.496365 11.995971 10.587075 22.787537 17.922330 9.877975 17.371193 24.259432 18.589144 13.186864 16.020527 13.068312 23.445339 8.392619 14.083309 6.992319 22.713554 9.699706 12.633322 22.992757 21.430035 19.408407 12.906051 12.502722 23.766141 7.420500 18.784773 22.118484 18.583583 24.376214 21.752254 9.239802 16.468989 7.474632 12.026492 22.195455 11.865703 17.943444 18.386029 13.409861 6.015348 23.657052 19.905659 9.765065 14.060043 10.183209 6.596462 10.209750 8.170028 13.408949 6.704944 21.183099 21.129110 9.517228 14.612394 17.219658 5.445383 22.340051 7.126304 23.164282 8.027870 11.313750 14.544329 22.402342 17.326040 11.868965 17.807518 18.405695 10.606892 11.536660 12.591773 12.326785 10.679020 23.902311 9.846466 8.546629 13.886778 22.545323 18.152235 22.097786 17.289898 19.424023 14.207042 13.878222 8.902391 17.325882 9.107560 12.335404 22.270374 10.866330 19.001833 22.274710 8.630530 24.980127 16.155936 16.522787 16.828102 24.690615 15.922203 10.284906 14.360416 19.004794 7.122027 8.624090 12.176340 11.335454 22.001518 10.924435 20.122590 8.975921 14.634524 21.662046 18.206465 13.306654 14.671360 17.801676 24.161071 21.643402 16.022520 13.929182 11.499277 17.917576 19.216000 24.113288 23.035167 18.610322 14.700826 7.614735 20.631377 17.113728 14.021474 21.337416 7.024386 18.081674 7.754164 18.021217 7.767918 16.960800 11.816788 17.129611 9.217686 15.233708 12.116575 22.242337 15.588560 11.309912 19.854640 22.315351 16.190101 21.821166 16.305470 18.567369 6.135890 7.335883 19.739767 6.877220 7.766743 15.827965 22.181783 12.522922 5.735138 12.640055 15.506374 20.312379 21.343841 14.662051 16.080909 12.336634 20.801729 6.656085 14.530202 8.140576 6.950688 23.668936 5.662184 11.281907 16.219010 11.966348 22.771062 23.817673 20.776825 8.456315 22.654353 6.825806 10.156061 8.405757 6.596346 14.910011 22.641905 21.568050 16.370905 12.897378 21.712213 11.201523 14.613247 14.044177 7.568501 16.623697 22.386965 7.967961 23.570139 13.925751 16.013206 12.576193 19.366880 5.060162 23.102092 12.791632 12.693825 14.450076 14.636623 9.822923 19.667045 7.390065 10.007598 21.525806 7.631293 9.081074 11.307768 20.363752 10.597813 15.555420 7.118471 23.188951 20.320905 21.719512 14.559225 22.166555 12.371804 19.233377 20.036486 12.837027 12.052010 18.006753 11.878263 24.845138 6.675389 8.921852 12.069834 9.726450 14.050758 13.106355 12.755620 11.950028 20.571134 21.925237 6.000456 12.172458 14.960997 14.006106 10.280073 13.142792 9.254889 13.220607 19.243884 7.669847 24.345937 19.220113 6.112187 14.304993 13.677659 22.403382 6.437233 9.936099 22.328968 6.628563 22.881142 24.607686 9.328699 20.386633 16.176946 22.280962 22.553418 7.228627 24.564564 14.115085 22.922676 21.163314 9.064042 12.437125 12.541992 16.221579 11.942928 11.822569 10.112195 24.934984 19.604363 16.160075 21.209598 14.946936 14.739840 11.979796 15.929905 13.610096 20.299493 18.427247 9.313681 21.281552 5.016459 17.667527 18.284535 13.988097 16.733440 8.487738 18.564973 9.502912 6.776939 7.085206 21.023786 11.481075 9.565371 10.842687 20.998283 16.330316 5.929863 19.147496 6.948360 9.522672 13.341241 9.522393 17.300943 6.577459 24.797773 11.791153 17.352104 16.131460 6.042199 24.682112 9.412452 15.041358 11.984492 12.161506 8.339547 17.195604 12.830576 16.213995 20.283090 20.213099 12.437757 11.270431 17.131208 18.402354 21.799372 19.297762 7.221776 21.558744 16.631029 17.128560 16.799212 17.788958 8.145629 6.260769 8.772465 24.537281 21.506561 5.932196 5.831069 9.235238 11.079892 24.782949 12.946198 5.318751 20.068056 6.669405 12.675672 18.261732 12.904336 23.859608 24.066239 8.839746 10.751704 6.804213 17.094566 15.970747 23.810060 14.068237 9.001020 18.760272 22.305139 18.876133 17.158796 20.988470 6.615847 24.453901 20.174679 19.844231 14.963856 16.408887 23.304041 23.697750 14.785143 10.985236 17.243285 18.289967 5.935724 8.386884 16.364985 7.942640 13.078845 10.327005 23.886990 17.915434 17.169644 19.912828 9.049903 22.593850 16.466314 16.563123 18.939466 8.466816 24.606293 9.979586 11.529444 24.826431 6.586888 14.557925 19.161082 7.414903 24.292861 17.914653 17.953505 8.803949 24.792571 20.268045 19.258691 19.497211 23.531817 18.577009 18.560214 22.587617 9.366775 14.431497 8.387082 23.928220 6.692387 15.315565 9.014678 15.341368 22.412892 23.700234 19.937713 24.214350 9.815700 13.846051 12.537581 10.169130 23.586954 19.343840 19.056099 9.999669 14.243600 9.325949 13.801920 11.902031 19.328534 17.844410 9.355103 7.310337 21.331090 13.585936 23.100455 9.425618 5.504460 15.382529 17.454472 19.100215 6.825157 12.283546 9.889447 17.363842 24.271180 16.598333 23.046866 22.438949 10.448865 5.996751 6.467936 19.344158 12.797404 15.974000 15.286429 6.967859 8.875219 22.125309 24.977589 13.087805 6.374947 8.150977 10.063651 15.689479 24.613253 7.536461 6.844228 18.470517 9.922609 17.919967 15.412719 7.290429 8.989457 14.748609 23.087282 21.928073 8.946809 5.882261 23.859132 22.091257 20.450620 18.273658 14.645947 8.928668 6.772907 22.420472 8.597425 18.523313 18.417005 19.118607 21.790927 12.680282 21.737555 10.796898 10.355876 16.958592 6.470004 19.140314 8.442693 16.134008 21.385015 24.959162 24.885640 8.786801 12.289239 15.915286 19.432882 10.102010 10.859527 7.958524 12.176420 6.733967 20.051492 24.174178 22.141745 21.040543 16.886629 19.469097 16.078300 17.955286 14.267249 24.414041 11.267065 6.187353 9.291650 10.517412 17.343347 15.498889 11.952803 6.572853 21.854831 22.461264 11.615187 13.071857 15.704939 20.832982 23.759166 10.453696 15.421166 17.791145 24.971577 7.759350 16.515051 21.354272 9.507425 12.891853 12.767738 19.798102 7.311708 20.649072 11.390576 10.866841 10.450400 16.519291 5.333515 15.431466 14.491456 16.115634 15.575252 19.198474 20.586975 18.162043 7.266591 10.092075 5.484504 19.838508 12.865855 13.329057 9.209550 17.874491 7.705269 18.527281 18.228941 7.259257 17.465773 19.488244 14.857128 12.473929 17.552048 21.085811 24.497844 15.269005 15.292373 9.529967 20.949376 17.214871 8.472658 16.795190 19.050676 19.175142 21.144683 18.424605 19.617593 5.545576 11.236382 20.376349 17.689987 24.988983 18.334864 15.468816 13.936923 21.599275 12.155799 14.258149 10.983288 10.142874 21.310649 10.090648 19.559193 24.542364 19.611554 19.193558 23.249655 24.494454 18.639729 22.004673 7.914868 17.154311 23.518818 6.631410 10.240078 21.515354 16.666066 19.651417 10.812475 15.662667 8.955309 19.345819 10.758839 14.730597 24.108429 20.874462 15.936371 23.717234 16.311173 17.275632 20.994333 7.934188 5.482224 12.606453 11.377412 19.730618 8.913041 12.829433 5.091144 6.751588 23.062672 15.974291 9.851362 17.345952 20.053975 15.054261 12.124630 14.976185 18.360131 12.876524 15.360783 24.154250 22.848086 13.900492 12.527071 12.273180 23.557889 10.855786 6.277587 5.560058 6.559972 23.354193 24.941228 24.418424 24.018897 14.319390 16.122518 16.588788 17.655084 7.510412 23.021833 12.523893 14.483737 10.794491 11.456969 6.325295 6.624745 17.751946 23.795169 10.543734 14.861300 17.288282 13.049828 20.831415 11.158828 17.733940 5.583574 24.789532 7.488801 20.328344 13.839897 19.983374 15.298006 22.352636 24.260371 9.273311 17.096112 12.104368 18.313621 20.086897 21.659815 18.920763 18.052358 23.700583 21.552130 22.900277 5.478573 8.948109 10.501078 18.058701 9.287990 19.887814 20.521820 22.471667 18.114175 14.679461 13.944966 7.702333 7.967109 21.541531 24.667598 9.125106 24.247693 6.370384 14.652052 9.708456 19.966265 20.616495 6.278198 21.681409 18.212866 6.953809 21.342771 14.908162 24.408566 23.185200 5.781852 13.559869 8.226889 18.516088 20.384342 12.975565 20.868183 9.363903 10.998246 9.684462 23.947025 5.777297 17.676483 20.577613 19.431305 20.162512 16.395064 18.035589 17.603594 16.063993 19.936526 12.444509 20.264706 15.331256 7.078227 12.517156 22.530011 17.122615 10.152605 8.754563 17.502124 6.892207 13.118414 18.993669 14.403962 10.607047 12.937061 23.942798 16.030475 6.062145 8.004773 10.390620 24.841550 20.194840 13.202632 17.171056 9.639989 14.962994 15.959685 13.352949 13.791486 9.211625 15.876947 15.543902 21.465969 9.457767 17.677806 5.084316
60
337
0 9 9.800675
0 10 3.908935
0 11 8.524473
0 14 5.819072
0 21 8.274994
0 23 4.387338
0 24 7.528291
0 26 7.737320
0 29 4.990095
0 31 3.737575
0 47 6.084598
0 50 6.495548
0 54 2.059556
0 58 7.821356
1 7 6.025281
1 8 9.373623
1 12 8.332013
1 13 3.964128
1 15 9.150364
1 27 2.882556
1 30 9.465354
1 33 1.135340
1 35 8.073263
1 37 2.242398
1 45 8.282926
1 48 9.139464
1 51 3.151656
1 53 1.778315
1 54 1.063871
2 8 4.586447
2 17 8.518945
2 21 4.219054
2 24 2.730570
2 25 2.207374
2 29 8.795947
2 33 9.765806
2 35 8.975329
2 47 5.078723
2 48 1.660040
2 51 6.175253
2 53 7.461549
2 55 9.472253
2 57 5.065728
2 58 1.533123
3 16 3.456930
3 26 8.633166
3 30 7.522110
3 39 1.066582
3 41 6.563857
3 44 8.918302
3 48 6.820744
3 49 9.970210
3 52 9.862830
3 53 7.687602
4 7 7.451723
4 13 6.126143
4 15 6.747833
4 16 8.918857
4 27 8.593489
4 35 1.397199
4 44 8.266283
4 47 3.992835
4 51 6.073600
4 58 8.297842
5 8 1.849850
5 11 8.009343
5 17 4.986470
5 20 9.576958
5 22 9.699352
5 24 2.718305
5 30 7.597342
5 32 6.216792
5 40 2.478584
5 42 7.089418
5 46 8.165616
5 47 7.428112
5 50 8.193422
6 13 5.064697
6 16 7.340124
6 19 8.559934
6 21 5.670560
6 27 9.588008
6 34 8.809981
6 36 8.999011
6 42 8.807631
6 53 8.928379
6 59 7.734521
7 11 1.273593
7 13 4.691356
7 18 1.185870
7 20 1.963329
7 36 7.166929
7 38 3.716918
7 45 3.979630
7 47 3.819901
7 53 6.061727
7 54 6.397374
7 58 4.174277
8 27 6.683851
8 31 1.376590
8 40 5.590186
8 48 3.506164
8 53 1.869633
8 57 9.561904
9 13 3.599957
9 16 8.746558
9 18 6.117204
9 27 5.385873
9 29 4.919720
9 37 5.569035
9 38 9.529526
9 41 7.168155
9 54 9.059922
9 57 6.386375
10 18 2.827751
10 24 2.522265
10 31 4.100508
10 34 7.290873
10 35 4.213180
10 37 4.620536
10 42 6.188632
10 48 9.184275
10 49 9.201490
11 14 9.251818
11 17 5.582030
11 23 1.785418
11 25 4.068929
11 40 8.611216
11 46 4.933482
11 47 2.711333
11 51 8.636713
11 53 9.608712
12 13 5.076165
12 21 4.823245
12 22 9.140786
12 26 8.044105
12 29 4.049225
12 37 4.643114
12 42 8.636861
12 49 9.192194
12 50 1.309416
12 55 6.299536
12 56 7.453236
12 58 7.317507
13 19 4.642291
13 22 8.068166
13 24 5.915583
13 28 1.114851
13 29 6.949941
13 35 9.550944
13 38 6.874978
13 41 6.250251
13 47 3.047907
13 49 8.225853
13 55 3.065387
13 57 2.995035
14 18 6.075351
14 32 9.904593
14 49 6.521196
14 50 2.802791
14 59 7.177169
15 16 1.088169
15 23 1.565792
15 39 2.287782
15 43 1.489438
15 55 5.365470
15 56 5.640817
15 59 8.122228
16 25 6.056298
16 31 4.123651
16 34 3.046992
16 45 7.019590
16 49 2.277713
16 50 8.630032
16 56 9.506814
17 21 3.904432
17 24 1.898608
17 26 7.557361
17 29 6.071689
17 49 1.750085
17 52 6.915459
17 54 7.540291
18 27 3.990361
18 30 7.865830
18 32 7.581461
18 39 3.261455
18 50 1.994793
18 56 4.436825
18 58 9.519381
19 30 6.471356
19 39 3.356620
19 43 3.070287
19 45 2.479133
19 47 9.450976
19 51 1.189553
19 53 8.876257
20 21 6.302536
20 22 5.658919
20 33 3.755011
20 39 6.664876
20 52 8.694896
20 54 3.814587
21 24 7.533879
21 25 4.851464
21 35 6.310409
21 37 7.023552
21 42 7.617020
21 46 5.147559
21 48 7.697826
21 57 5.427365
21 58 8.595976
22 32 6.084485
22 36 2.413725
22 41 9.605552
22 44 7.331426
22 47 2.428190
22 54 2.663477
23 24 1.279003
23 28 7.099119
23 34 2.214541
23 36 5.858688
23 38 5.894612
23 39 7.600528
23 52 5.699806
24 28 1.712316
24 31 4.821232
24 32 2.638815
24 35 8.594914
24 42 5.627558
24 48 8.022620
24 51 3.544594
24 53 5.242760
24 56 5.546736
24 57 8.249352
24 58 2.732671
25 28 2.385378
25 31 1.437417
25 32 6.399779
25 34 6.045899
25 36 3.703642
25 39 5.112911
25 52 1.144845
25 56 9.562268
25 59 6.451030
26 28 2.428113
26 47 2.024551
27 30 4.749346
27 39 4.243649
27 49 4.801666
27 57 8.587101
28 46 1.107705
28 52 6.490012
28 54 8.739107
29 30 1.484115
29 37 1.078342
29 43 1.299845
29 46 6.013648
29 47 5.166080
29 51 4.867681
30 39 5.336754
30 41 7.340249
30 42 5.343861
30 43 3.723430
30 45 5.754282
30 46 9.580370
30 52 9.526954
30 59 6.023967
31 36 6.122104
31 50 1.507258
31 53 4.893951
32 33 5.490768
32 37 2.330092
32 39 7.350822
32 42 6.991671
32 47 6.530361
32 52 3.706897
32 58 3.028943
33 37 2.324110
33 38 4.509545
33 41 8.302924
33 48 5.682458
34 52 6.444261
34 55 1.586474
34 59 6.928510
35 46 8.032601
35 47 8.670344
35 58 8.964818
36 38 8.848174
36 47 3.109955
36 48 1.804366
36 49 3.153350
36 53 2.008257
36 54 9.013967
36 56 7.535368
37 41 4.513519
37 42 3.631252
37 43 4.553846
37 44 2.607975
37 51 8.372168
37 53 1.996296
38 40 2.636916
38 42 4.195866
38 45 8.077981
38 47 1.846738
38 50 2.358929
38 51 9.082553
39 41 7.493413
39 59 9.740297
40 42 8.881145
40 45 3.758190
40 55 5.733967
42 47 9.979202
42 49 3.036360
42 52 4.631775
42 57 7.803723
43 48 4.486812
43 52 3.130761
43 53 2.569759
44 49 3.591954
44 58 8.950517
45 51 3.979040
45 53 4.999626
45 59 1.221476
46 50 9.933002
47 49 5.660854
48 54 8.487192
48 55 3.050339
48 57 8.157289
49 58 6.120077
50 51 1.722369
50 57 7.936017
52 56 9.297238
52 57 2.766080
53 54 6.342928
53 56 3.820466
55 59 1.409196
56 57 1.449397
335.038654 339.327376 273.953349 368.913998 320.007658 407.314988 253.430328 290.056357 507.931818 406.815728 374.482728 244.951326 296.924412 302.828587 464.909823 428.036202 441.194869 448.741764 341.124150 296.975651 354.799999 486.467916 407.324005 332.280122 475.838602 344.938853 238.107004 356.252897 338.504857 279.180230 502.880874 428.715158 279.531534 441.364528 308.569033 430.982663 322.424949 382.792193 356.909939 390.640482 411.086702 402.314902 284.567264 363.977341 494.235258 470.870472 360.453663 430.085485 278.532116 506.505633 361.474227 420.145672 314.586859 300.534689 443.040686 360.036965 268.163940 467.419006 346.991704 228.883357
