900
1797
0 1 17.209776
0 2 12.258908
0 3 16.340443
0 4 16.997871
0 5 10.905166
0 7 6.799844
0 13 2.413514
0 14 19.311120
0 22 17.900794
0 24 16.116860
0 33 19.386869
0 36 7.107300
0 38 12.290361
0 39 11.725343
0 53 2.730966
0 81 1.752643
0 84 11.848801
0 100 5.858506
0 109 12.610901
0 119 15.769502
0 123 5.537189
0 125 2.072165
0 131 3.484691
0 164 3.445288
0 203 16.416643
0 249 7.240209
0 262 7.772187
0 283 19.806305
0 335 14.957256
0 366 11.811339
0 367 15.154359
0 369 13.975064
0 439 3.901795
0 462 7.258488
0 482 16.819539
0 509 17.244928
0 571 14.027007
0 630 12.366724
0 745 16.277089
0 774 10.211663
0 877 17.263305
0 889 15.575466
1 2 18.583887
1 5 10.961989
1 12 7.166588
1 25 2.060040
1 41 14.641871
1 89 8.782334
1 129 3.767995
1 185 19.130875
1 559 9.948700
1 634 12.348224
1 647 3.012687
1 686 11.261864
1 695 10.449877
2 3 15.494074
2 6 12.990996
2 10 5.325060
2 46 12.277340
2 72 11.449547
2 89 15.152862
2 90 7.719866
2 91 1.809529
2 117 7.355150
2 136 10.040625
2 163 6.532846
2 164 16.424116
2 174 4.391098
2 240 18.853535
2 261 15.375262
2 308 10.594772
2 323 6.493399
2 340 11.098398
2 364 13.977348
2 428 17.090976
2 472 1.877214
2 486 4.244814
2 513 19.430125
2 515 14.778925
2 534 3.136231
2 535 16.513080
2 546 16.150295
2 627 17.401028
2 693 4.521625
2 809 10.068119
3 4 8.835180
3 8 15.577073
3 10 18.745862
3 17 7.864831
3 23 7.928430
3 29 2.490685
3 46 2.361306
3 54 19.359824
3 65 17.378466
3 87 4.264808
3 88 14.041473
3 109 3.335189
3 125 11.421736
3 130 18.670474
3 189 16.140057
3 191 17.814182
3 269 18.477341
3 282 13.005638
3 286 11.739228
3 387 1.376581
3 483 3.972148
3 601 18.926134
3 690 7.456536
3 879 13.948878
4 6 9.060901
4 7 17.661494
4 9 12.705770
4 28 5.324216
4 47 10.659183
4 57 15.627905
4 83 2.615194
4 88 17.137204
4 90 7.413736
4 94 14.009950
4 107 13.728088
4 120 13.190792
4 146 17.218695
4 182 7.218867
4 186 1.646643
4 208 16.894577
4 215 3.637582
4 228 9.608981
4 265 6.791345
4 279 13.386843
4 321 3.915200
4 579 4.666549
4 729 2.049820
4 763 19.979753
4 791 1.060875
4 881 6.644558
5 8 11.217251
5 12 9.209713
5 13 18.801002
5 16 3.890694
5 17 18.998054
5 38 14.081516
5 58 19.109743
5 85 12.287304
5 126 14.576549
5 127 6.165313
5 133 10.403235
5 217 5.648860
5 274 9.548174
5 313 19.041894
5 352 15.882954
5 500 15.454304
5 504 1.194727
5 551 7.802971
5 630 4.379632
5 685 10.008100
5 699 5.477095
5 714 7.443308
5 756 10.478247
5 800 4.238382
5 817 3.047947
6 9 17.209142
6 11 11.521131
6 20 4.256696
6 29 14.376870
6 31 16.178881
6 36 5.860834
6 96 5.577228
6 101 14.362026
6 121 5.731819
6 122 16.195303
6 151 10.473033
6 288 19.734924
6 297 6.671810
6 324 11.445316
6 325 7.611496
6 365 17.952460
6 479 19.066940
6 592 1.313636
6 662 7.092583
6 665 6.463312
6 779 15.545797
6 830 18.968835
6 850 13.539887
6 884 8.950355
7 25 2.553803
7 45 19.979851
7 54 8.392685
7 60 16.891522
7 82 8.734418
7 115 7.734090
7 176 19.480962
7 185 14.715465
7 214 12.255837
7 274 13.318577
7 313 18.249656
7 406 19.397964
7 566 16.531575
7 600 6.523857
7 624 17.840899
7 734 13.017179
7 786 4.985764
7 819 3.112706
8 15 13.019030
8 79 10.744712
8 93 1.368827
8 99 19.589787
8 187 3.322218
8 272 2.873098
8 320 14.663044
8 547 16.011804
8 550 2.815316
8 592 10.354354
8 691 14.684459
9 11 12.883167
9 14 12.467915
9 16 2.825513
9 26 17.169456
9 33 15.647461
9 35 19.561659
9 48 7.565321
9 64 14.003336
9 74 17.253781
9 113 12.982595
9 207 18.285274
9 210 9.384631
9 223 4.562916
9 231 4.827268
9 295 2.272748
9 349 10.585686
9 425 13.867627
9 499 10.872332
9 623 16.788172
9 671 5.974327
9 746 13.991251
9 799 14.036381
9 891 2.404324
10 19 5.192094
10 20 19.939726
10 30 12.075756
10 31 14.302667
10 41 5.389713
10 154 13.174539
10 187 12.769574
10 424 14.508756
10 487 18.758735
10 504 5.638068
10 527 17.973714
10 533 5.136732
10 555 19.591292
10 594 19.455164
10 656 14.949122
10 710 8.439938
11 23 14.789714
11 27 18.871110
11 28 17.098355
11 42 6.261878
11 50 7.549060
11 100 2.230574
11 104 13.912661
11 258 17.331650
11 306 3.592907
11 316 13.135085
11 341 7.602159
11 408 1.161663
11 413 18.250818
11 489 10.958433
11 555 10.788748
11 594 14.739319
11 702 12.942494
11 799 7.059194
11 807 7.189076
11 859 4.718463
12 37 14.509279
12 87 12.039502
12 97 8.955684
12 664 15.038648
13 15 13.007068
13 80 4.373110
13 117 7.358795
13 615 11.678269
14 45 7.283991
14 51 9.655530
14 80 19.207353
14 102 3.148779
14 131 3.837456
14 134 16.928276
14 201 7.212429
14 222 5.440328
14 305 16.453249
14 324 10.943564
14 440 1.308425
14 493 4.657718
14 678 4.325041
14 709 15.136533
14 785 17.867793
14 836 7.076267
15 18 2.184118
15 19 16.446552
15 49 2.848198
15 112 1.386688
15 155 6.866778
15 275 15.842042
15 285 4.211342
15 293 4.008764
15 304 13.831778
15 389 13.108468
15 554 4.401443
15 583 17.383057
15 639 2.171751
15 683 17.968291
15 872 11.094116
16 21 7.466202
16 27 9.414075
16 37 16.000593
16 128 12.143904
16 152 12.371851
16 169 12.140782
16 205 3.574224
16 206 5.647290
16 385 11.676818
16 462 8.187624
16 552 2.573857
16 703 17.258395
17 18 11.660600
17 40 3.249838
17 56 9.481970
17 58 13.173683
17 61 1.529377
17 69 12.866131
17 111 4.106807
17 136 2.587333
17 144 3.351362
17 232 10.312334
17 338 11.161868
17 405 13.333238
17 461 3.778351
17 684 16.321791
17 791 5.121867
17 796 8.738907
17 811 16.045383
18 24 19.773254
18 75 6.084192
18 85 4.527230
18 96 7.047189
18 151 5.926846
18 181 1.425326
18 227 16.936995
18 257 9.915760
18 327 5.362715
18 336 16.039721
18 443 2.669183
18 569 17.251028
18 731 16.483730
18 798 15.309791
19 21 3.322309
19 30 13.418412
19 34 18.619848
19 52 5.904260
19 93 13.242587
19 102 13.877831
19 407 1.852968
19 475 8.342889
19 599 7.045359
19 688 12.713428
19 839 16.876274
19 853 7.146853
20 22 11.216126
20 44 10.250808
20 338 1.372734
20 372 14.911499
20 386 1.190233
20 545 19.378009
20 726 15.337052
20 773 3.426795
21 86 2.181397
21 115 9.341353
21 171 6.981463
21 200 2.589093
21 463 19.853477
21 654 13.414836
22 40 7.490932
22 43 3.587102
22 62 7.200890
22 72 11.090736
22 127 14.666683
22 138 3.541316
22 204 17.013908
22 211 15.289412
22 270 17.719867
22 533 17.703394
22 593 11.315302
22 626 18.829483
23 26 14.844175
23 47 13.069644
23 48 15.492763
23 63 17.958601
23 84 1.634608
23 97 8.925007
23 98 11.992344
23 111 6.403288
23 122 19.109129
23 124 9.220213
23 180 6.817232
23 199 8.833475
23 215 10.333771
23 294 8.271763
23 315 14.106177
23 389 10.757285
23 441 19.502398
23 444 10.174557
23 451 14.390409
23 671 17.335677
23 753 13.405833
24 70 5.324399
24 81 12.398241
24 176 11.813817
24 259 7.668960
24 827 18.107793
25 130 10.317192
25 405 14.237431
25 490 3.577577
25 771 18.386856
25 800 10.713143
26 49 2.263726
26 311 9.195867
26 484 17.556686
26 859 16.037809
27 68 10.835222
27 77 17.172351
27 107 17.220241
27 449 10.405392
27 761 13.338462
28 39 12.254431
28 66 3.847773
28 68 7.501539
28 76 1.449259
28 101 5.280688
28 129 17.310363
28 153 14.206014
28 167 11.404389
28 181 8.374368
28 221 3.340993
28 264 10.495566
28 371 15.906737
28 409 6.103306
28 487 18.160226
28 508 17.907944
28 646 9.092450
28 659 2.632224
28 674 4.423353
28 724 18.985333
28 768 17.387008
29 32 7.834599
29 35 6.758840
29 44 19.953218
29 150 19.427940
29 153 13.068383
29 163 4.174222
29 188 3.282990
29 232 1.803628
29 234 19.480812
29 265 8.631850
29 300 1.837253
29 381 4.075035
29 461 3.517704
29 561 7.113745
29 564 5.543829
29 567 12.221504
29 659 13.086160
29 710 5.992438
29 821 10.539086
29 894 14.458409
30 32 14.032270
30 34 15.848383
30 55 8.008489
30 67 2.819796
30 135 6.607526
30 179 17.581371
30 188 6.814917
30 266 17.851848
30 468 11.179147
30 540 5.041052
30 644 4.187493
30 700 16.309609
31 62 18.233431
31 67 11.039153
31 128 2.370171
31 156 11.154472
31 159 2.309535
31 202 1.447358
31 225 17.361404
31 361 15.116660
31 433 5.540550
31 766 12.973768
32 42 15.711907
32 137 10.203939
32 270 7.969950
32 329 1.345355
32 409 12.387070
32 690 19.684524
33 143 6.421101
33 197 16.611966
33 230 11.639198
33 320 1.599658
33 415 12.383278
33 811 11.507336
34 95 11.983521
34 105 12.833596
34 106 7.972446
34 145 13.027798
34 278 14.115871
34 315 13.652495
34 354 18.485587
34 438 16.695093
34 775 11.542398
35 82 9.108099
35 132 18.536506
35 233 8.897310
36 43 8.578300
36 92 18.600013
36 192 12.731805
36 200 14.481317
36 280 16.538292
36 302 8.467055
36 307 7.790012
36 340 5.485955
36 345 16.399385
36 390 17.713768
36 419 19.181085
36 491 18.557564
36 601 11.586731
36 728 12.342461
36 758 18.232849
36 832 19.003175
37 76 15.750075
37 113 2.022396
37 162 9.432367
37 254 9.850097
37 257 3.705114
37 550 11.234299
37 876 8.692655
38 73 11.979318
38 144 16.251021
38 152 2.380689
38 175 15.850921
38 290 2.989296
38 330 9.393060
38 347 2.676259
38 386 13.354763
38 575 9.196284
39 56 2.157428
39 66 3.018474
39 78 2.064578
39 86 14.117888
39 170 9.582548
39 194 3.748362
39 214 1.657349
39 239 11.392368
39 243 3.466586
39 319 1.318633
39 337 1.799275
39 360 12.818747
39 422 12.039534
39 440 17.536347
39 471 16.048548
39 484 5.366761
39 643 19.052162
39 716 6.730413
39 765 3.139025
39 889 7.776404
40 140 18.662138
41 299 5.865342
42 52 7.508327
42 63 12.365742
42 78 18.501235
42 105 11.650504
42 112 14.301342
42 133 3.192490
42 182 3.455641
42 273 8.570895
42 307 14.052863
42 395 1.375360
42 475 19.643230
42 612 15.506781
42 844 7.630319
43 441 15.719318
43 826 5.753021
44 180 7.623583
44 266 6.976906
44 273 4.119740
45 57 19.143909
45 150 2.571946
45 172 13.705890
45 211 2.048110
45 219 11.638249
45 241 1.408317
45 650 4.818811
46 50 8.028557
46 149 7.140270
46 177 12.933590
46 193 7.486893
46 198 12.073417
47 51 14.329207
47 148 15.259506
47 302 11.395995
47 334 18.251572
47 384 4.468014
47 434 2.739662
47 871 16.989592
48 370 6.313856
48 453 14.497777
49 59 3.010228
49 118 9.715642
49 226 18.583167
49 296 9.771307
49 332 13.467181
49 514 15.951384
50 53 3.429722
50 59 17.180432
50 61 3.243759
51 258 18.892257
51 704 3.841763
51 897 13.326706
52 79 16.279335
52 92 14.346550
52 655 7.261691
53 55 7.356631
53 69 5.659237
53 77 10.985556
53 99 11.368029
53 172 19.302715
53 252 8.272960
53 303 10.385797
53 457 17.282663
53 775 10.971799
54 70 18.594503
54 108 18.665306
54 135 16.218865
54 243 17.677933
54 379 12.041768
54 574 3.740296
54 766 8.563253
54 792 2.803190
54 851 6.368437
54 854 15.283980
55 60 17.191627
55 98 4.882602
55 160 9.683654
55 184 7.802033
55 289 19.497114
55 416 11.434745
55 596 4.135347
55 732 16.781717
55 817 3.530015
56 74 10.534217
56 157 4.387803
56 173 1.180824
56 174 13.045841
56 212 2.290167
56 221 8.804078
56 244 19.735023
56 271 9.236175
56 423 13.564539
56 426 15.117078
56 439 4.181019
56 460 13.871239
56 494 2.914566
56 545 14.755219
56 577 12.695776
56 616 11.071418
57 191 4.617243
58 195 15.795560
58 207 1.961434
58 299 4.073118
58 467 18.262586
58 638 6.874024
59 64 10.129330
59 73 2.665160
59 137 11.332713
59 193 10.298842
59 203 18.662902
59 224 7.492802
59 277 7.451784
59 648 14.942261
59 755 14.472817
59 793 1.457035
60 65 18.197443
60 71 4.121157
60 134 14.465449
60 159 2.735767
60 287 14.620284
60 348 18.119839
60 357 10.211879
60 427 19.420537
60 486 7.775830
60 645 18.767869
60 696 4.221465
60 705 13.593647
61 165 17.877994
61 306 9.951410
61 362 8.936312
62 103 15.173644
62 110 11.631712
62 310 17.405075
62 432 10.583440
62 448 19.177964
62 607 12.874405
63 114 11.701053
63 175 5.745643
63 471 13.605774
63 510 17.087557
63 682 3.277410
63 782 5.286352
64 179 7.912573
64 318 9.930051
64 391 2.944160
65 83 16.238321
65 94 10.266767
65 305 14.219712
65 522 13.682561
65 650 15.464077
65 783 15.993993
65 882 13.549781
66 106 7.310716
66 201 2.409936
66 229 7.258722
67 71 19.384298
67 119 12.790504
67 178 8.767735
67 322 8.473488
67 353 3.816323
67 643 4.330966
67 681 8.635045
67 689 6.191727
67 719 17.495965
68 75 19.725409
68 138 14.353392
68 256 3.999418
68 328 18.977433
68 452 14.005923
68 491 16.233592
68 649 12.418742
68 760 7.003031
68 796 8.251960
68 873 2.371936
69 212 5.681164
69 657 3.193208
71 619 19.718321
73 240 12.726745
73 242 8.219015
73 280 18.809907
73 359 7.290198
74 183 15.582248
74 213 15.379801
74 247 6.029536
74 337 8.876858
74 608 7.390099
74 873 10.701738
75 108 3.131648
75 110 9.370506
75 121 19.037810
75 132 15.745862
75 275 15.220638
76 104 2.254738
76 116 8.001838
76 124 1.213371
76 246 9.642786
76 341 12.934710
76 421 13.678022
76 503 2.265365
76 604 8.682706
76 635 14.296651
77 189 5.580594
77 195 8.481639
77 318 16.473166
77 477 13.380055
77 749 17.475257
77 831 16.377014
78 95 12.564708
78 177 7.439486
78 346 18.411489
78 396 4.393021
78 411 5.911309
79 194 13.613246
79 346 19.209983
79 422 3.406471
79 512 9.531363
79 633 16.240980
79 661 12.714781
79 666 11.402870
80 373 2.123871
80 382 17.551286
80 383 9.501647
80 430 13.791401
82 325 19.247032
82 658 19.672886
82 785 5.965701
82 847 6.397436
83 378 6.677129
84 262 4.229860
84 263 10.178083
84 406 16.256134
84 437 2.818868
84 447 17.525582
84 666 4.835094
85 149 5.776432
85 161 9.249294
85 226 4.583401
85 826 15.283804
86 91 16.497302
86 357 13.877458
86 376 2.599556
86 410 11.139804
86 877 19.163727
87 223 10.268829
87 260 18.378647
87 618 4.618928
88 234 8.174507
89 255 12.893313
90 126 13.411288
90 455 15.603195
90 780 12.648738
92 114 8.638542
92 147 6.953050
92 167 17.798340
92 178 15.034674
92 235 6.579019
92 249 15.032950
92 277 12.181985
92 283 9.680726
92 348 9.178300
92 379 19.880579
92 595 12.638782
92 654 15.956888
92 687 18.478831
92 689 13.654351
94 459 8.487844
94 564 5.956017
94 636 19.295115
95 147 11.413037
95 400 8.932903
95 539 17.561499
96 116 12.841951
96 145 1.224063
96 158 12.399675
96 190 10.937809
96 209 19.768818
96 268 13.999014
96 271 9.408669
96 331 18.334118
96 430 10.276434
96 584 13.388649
96 808 1.865013
97 298 14.087308
97 570 8.069759
97 675 8.915229
97 704 16.734406
97 802 2.264070
97 846 3.177647
98 142 4.667174
98 294 15.817693
99 298 3.455516
100 168 10.301350
100 388 3.495210
101 103 3.471653
101 123 3.150936
101 199 17.855108
101 394 12.276856
101 637 8.680298
101 760 11.909176
102 148 16.791905
102 206 12.026536
102 217 4.202867
102 368 16.386241
102 580 16.356172
102 661 16.891974
102 837 4.918541
104 139 9.368317
104 140 3.029742
104 329 8.944302
104 479 16.574075
105 118 10.693768
105 142 17.630309
105 162 15.389308
105 168 5.324648
105 170 11.705662
105 186 12.104683
105 219 12.492601
105 264 9.932685
105 375 15.987032
106 497 4.401878
106 521 5.272170
108 120 17.386656
108 225 18.595870
108 528 9.721132
108 532 14.559184
108 547 19.569732
108 709 4.423731
109 349 2.646812
110 146 12.488645
110 183 12.668896
110 236 18.894806
110 260 14.127782
110 292 15.859076
110 443 9.016729
110 597 13.109515
110 629 6.709036
110 681 18.669934
110 810 19.780897
111 639 18.970724
112 157 3.430202
113 161 17.882590
113 381 19.466196
113 617 7.041556
113 657 19.817647
113 695 10.426349
114 192 2.035856
114 442 19.307898
114 505 12.970638
115 158 7.752887
115 213 7.974407
115 511 9.200139
115 744 17.567587
116 431 3.489449
117 575 9.692382
117 843 18.681482
119 435 14.468083
119 529 17.559277
119 820 6.738015
119 837 7.495436
120 238 8.084268
120 412 16.569659
121 202 17.999831
122 786 12.984273
123 141 9.749379
123 204 14.681356
123 322 6.939804
123 599 12.196660
123 881 8.003076
123 885 7.910768
124 328 8.563070
124 431 15.965969
124 512 14.310496
127 282 5.517490
127 632 2.788986
128 139 10.502272
128 466 17.222497
129 239 3.124600
129 284 16.761067
129 384 2.421634
129 453 10.293549
130 336 8.110944
131 244 6.258917
131 518 8.062078
132 770 9.749501
133 528 1.861833
134 224 16.198202
135 368 7.459469
135 496 8.716923
135 565 16.672272
136 141 15.813040
136 160 13.156295
136 360 4.917299
136 364 19.748864
137 553 7.430264
137 563 13.946512
138 143 4.982131
138 292 10.931329
138 535 12.727048
138 576 5.102435
138 771 8.733368
139 166 5.150857
139 190 18.350111
139 196 9.809463
139 256 1.438541
139 398 5.859861
139 756 13.286682
139 788 11.216698
140 725 15.605870
140 790 15.327198
141 166 3.913561
141 205 18.138225
141 220 6.102527
141 250 7.342363
141 287 2.143924
141 304 15.456102
141 310 19.965819
141 501 8.096425
141 598 14.484021
141 668 13.119107
141 670 16.344481
141 883 1.458083
142 218 1.361789
142 247 14.230331
142 330 13.942555
142 343 16.871046
142 698 11.712137
143 245 7.669070
143 276 17.863191
143 293 9.874541
143 392 18.730394
143 507 10.600614
143 683 6.607113
146 216 9.281148
147 269 14.309463
147 473 17.566820
147 647 14.824510
147 777 12.923305
148 297 11.759989
148 521 10.118686
149 156 7.891978
149 417 13.537178
149 529 19.118736
150 196 7.781456
150 242 13.411093
150 510 9.237372
150 557 4.029442
151 154 8.121517
151 238 11.396468
153 645 19.041719
153 801 11.632046
154 155 16.045525
155 229 19.172958
155 374 8.332914
155 427 13.209826
155 856 19.692694
155 878 13.160826
156 407 3.085400
156 667 16.523916
157 218 6.959358
157 253 1.158791
157 312 9.498055
157 527 7.616242
157 668 2.478205
157 874 18.643719
158 342 13.932373
160 165 6.692815
160 171 4.240787
160 197 5.521036
160 237 19.073697
160 444 7.999104
161 169 2.977189
161 781 17.221185
162 245 8.504030
162 291 7.082616
162 309 15.725404
162 311 11.405204
162 673 10.555770
163 445 14.268742
163 536 9.090941
164 228 8.408431
165 418 15.492793
165 420 14.362633
166 316 11.266946
166 382 15.642412
166 519 7.747735
166 653 2.316354
167 222 6.958322
167 331 5.654036
167 537 2.638846
167 589 9.838877
168 284 9.940724
169 173 4.844830
169 552 7.976786
170 286 2.926459
170 404 3.954398
170 581 13.829091
170 672 16.919520
171 198 14.452072
171 209 13.051694
171 281 16.207083
171 424 10.513635
171 776 18.038535
172 435 17.337370
172 476 16.019953
172 518 15.977988
172 525 5.269248
172 624 19.870907
173 428 3.972897
173 498 18.612599
174 184 2.467425
174 253 8.808374
174 290 12.893309
174 502 6.517972
175 469 9.264900
175 473 18.904516
175 625 19.460171
175 768 12.368522
175 804 4.958928
175 854 13.904073
177 395 17.559327
177 584 6.949058
177 609 14.284212
179 237 8.056970
179 764 4.951417
180 289 12.317971
180 524 2.941026
180 554 16.541954
180 580 13.576708
180 741 4.491012
181 210 7.936832
181 600 15.328410
181 677 10.540991
184 261 4.266933
184 276 17.330312
184 519 8.456356
184 603 4.363248
184 789 18.452117
185 230 6.141487
185 626 10.789554
187 267 5.028843
187 715 11.514765
187 886 9.925669
188 863 14.134413
189 553 9.522935
190 458 10.572817
191 664 8.674392
191 833 6.426120
192 423 3.657079
192 458 19.240941
192 583 4.067222
192 705 2.327875
192 762 12.995711
192 857 18.335063
193 544 14.310915
194 252 19.689328
194 629 13.371800
195 227 7.963818
195 231 2.163633
195 246 12.213896
195 291 19.878110
195 383 16.914282
195 478 2.041131
195 613 2.406162
195 715 14.278030
195 773 15.882598
197 236 17.849727
197 421 8.332096
197 815 9.471799
198 390 14.364728
199 233 6.557956
199 375 14.667274
199 530 4.040981
199 578 17.029942
199 815 8.097959
200 241 10.110709
200 447 11.653073
201 582 6.245799
201 655 10.904053
202 278 16.380927
202 355 14.342042
202 454 13.505217
203 208 14.063248
203 254 8.375754
203 413 2.380192
203 451 13.319432
204 301 8.924804
204 387 15.810419
204 414 14.906195
204 733 13.963243
204 744 11.163203
204 820 13.134511
205 496 14.619035
205 572 10.936618
206 216 5.925584
207 606 12.429540
208 358 8.920475
208 403 11.794645
209 279 9.813256
209 288 11.781146
209 326 4.418179
209 372 12.610211
209 414 4.727479
209 568 16.943657
209 642 18.241716
209 669 8.094439
209 703 4.647514
209 716 3.549081
209 740 10.871195
209 813 13.544140
209 862 5.687403
210 263 2.985663
210 314 7.886905
210 362 4.112271
210 396 12.552039
210 400 16.007039
210 448 14.244158
210 495 2.885428
210 520 15.196976
210 665 10.844401
210 727 13.060458
210 880 1.169607
211 495 6.219452
211 717 10.902001
212 363 14.342616
212 464 5.495507
212 892 14.231103
213 374 15.764948
213 697 13.203165
214 356 6.020046
214 481 14.827219
214 531 1.560140
215 248 3.846744
215 251 14.025920
215 656 19.059830
215 700 15.775746
215 822 5.631792
215 849 2.038186
216 220 15.815347
216 235 11.807391
216 679 9.973514
217 863 5.179497
218 308 18.236286
218 433 19.545283
218 653 6.867681
220 755 19.100427
223 332 17.880509
223 470 3.247146
223 572 18.005363
223 677 6.001818
224 250 9.851614
224 365 18.471840
224 646 13.069070
225 417 9.760289
225 797 13.770101
226 511 1.323420
226 620 16.514728
227 438 8.061571
227 493 18.777177
228 323 13.333321
228 500 9.892664
228 508 10.637126
228 808 18.023689
230 281 3.622939
230 385 12.626481
230 621 8.687680
230 633 13.107748
230 814 11.736796
231 255 4.766625
232 251 13.502587
233 314 1.574424
234 267 13.668945
234 388 17.325236
234 482 17.282025
234 776 4.553849
234 813 19.067923
235 356 2.720606
235 887 17.510195
237 503 2.482737
237 541 10.001815
237 865 8.433971
238 557 5.278263
238 872 9.559332
241 272 13.258337
241 303 6.443397
241 326 11.150925
243 248 9.074415
243 556 19.153500
243 828 6.507462
244 663 7.587384
245 452 9.229624
246 467 15.053349
246 489 17.403280
246 579 13.541659
246 767 1.384892
248 259 7.726267
248 317 6.300702
248 429 6.546005
248 596 1.735029
250 367 1.336708
250 376 2.865334
250 804 6.320271
253 803 1.268962
253 896 10.455020
254 399 7.546770
254 568 3.066618
255 401 7.678437
255 757 6.438385
256 523 1.586152
256 597 10.275380
258 442 16.357275
259 333 12.605504
259 625 19.738417
262 342 9.333554
262 343 9.093172
262 380 19.571504
262 410 18.917864
262 456 13.722329
262 560 15.440129
262 660 2.547120
262 772 17.371444
262 793 18.726897
262 795 5.121792
263 268 3.573156
263 295 19.286226
263 296 19.004394
263 321 15.859307
263 485 5.809152
263 736 13.565099
264 333 9.248046
264 476 10.978539
266 752 4.931168
267 350 12.750268
268 285 16.084359
268 464 17.260468
268 514 1.796125
268 663 6.845656
268 713 8.568737
268 864 14.403318
270 312 2.650834
270 351 2.773663
270 809 18.009939
270 892 12.133669
271 392 19.026192
272 890 18.055634
274 549 8.674460
274 565 4.079387
274 834 15.460902
274 842 19.147321
275 465 16.865072
275 541 1.699724
276 478 4.815155
276 485 16.997665
276 627 4.775072
277 347 12.315800
277 513 13.114045
277 567 19.514814
277 855 16.928170
278 339 18.955877
278 393 8.100708
279 361 10.526096
279 611 13.707229
279 741 15.048950
279 855 3.975777
280 300 1.684429
280 377 13.302100
280 401 7.061602
280 526 1.031928
281 359 3.931941
281 515 5.414567
282 397 6.532168
282 425 13.216174
282 573 9.111366
282 631 12.967102
284 363 14.865016
284 727 13.243732
284 748 17.322814
284 852 3.654233
285 335 11.627402
285 408 15.300310
285 558 17.753034
286 344 14.537187
286 380 17.739489
286 587 5.509731
287 377 10.970678
287 885 10.312612
288 327 3.771570
288 397 3.470175
288 399 14.593289
288 548 13.828286
288 598 17.282336
288 658 18.117107
288 891 12.415249
289 309 10.343198
289 352 6.411833
289 459 12.592499
289 556 3.793279
291 698 17.144724
293 353 1.733078
295 398 10.308756
296 449 11.275593
296 747 14.670562
297 334 9.306597
297 679 18.852549
298 602 3.556966
298 893 4.982960
299 317 10.279713
300 301 1.496454
300 742 2.449948
300 759 8.655506
300 841 17.613598
301 551 11.280265
303 394 5.732960
303 429 8.276899
303 672 11.540168
304 344 19.312559
304 350 9.764645
304 355 19.140992
304 468 8.123671
304 670 13.114264
304 714 1.748138
304 865 13.781870
305 465 12.060638
305 542 19.968943
306 418 6.999925
309 470 17.849321
309 501 6.967162
309 544 15.446264
310 339 5.297415
310 371 3.633238
310 391 17.144702
310 613 6.822060
312 561 18.119949
313 373 8.724228
313 480 16.210930
313 582 8.551407
313 840 13.173495
314 319 10.231194
314 605 15.116711
314 781 19.994528
315 402 3.671469
315 488 4.778901
316 750 7.489884
317 571 7.968995
318 747 19.461975
320 466 14.232001
321 492 18.787993
321 676 4.453454
321 730 3.033827
322 403 7.254873
322 634 14.566415
322 720 5.479098
323 678 2.669019
323 718 13.880827
324 590 17.118194
325 680 2.646365
325 734 2.888476
325 788 10.538650
328 762 12.070422
329 345 15.561511
329 432 1.422436
329 445 1.369404
329 457 17.955000
329 591 5.237479
329 686 4.530733
330 437 4.373575
330 569 10.313595
330 608 6.145019
331 570 11.509345
333 378 12.210145
333 581 2.219161
334 416 7.603720
334 474 17.402126
334 847 9.986609
335 369 19.430706
335 586 3.975341
335 797 14.129593
336 880 2.129812
337 351 9.022691
338 354 16.310960
338 798 7.019791
339 691 9.520632
339 707 6.847308
340 606 3.525542
340 840 15.248234
342 358 3.054294
342 497 14.784027
346 605 15.006059
347 745 17.726344
348 888 14.230559
349 370 13.243577
349 456 15.319623
350 706 7.530206
351 718 16.921286
352 516 18.695690
352 593 13.618900
353 450 18.331989
353 532 17.473341
353 632 9.314436
353 833 10.089171
354 393 9.544284
354 404 14.728532
354 539 1.516335
354 607 15.955289
354 628 2.942570
354 761 18.438175
356 460 18.046212
357 819 11.909765
358 411 7.821822
358 494 12.702436
359 420 19.094025
359 835 6.950963
362 469 9.533747
363 366 19.896663
367 587 5.735733
367 684 2.014745
368 707 2.709197
368 821 9.886602
369 402 16.795639
369 490 11.396388
369 850 18.659463
371 483 2.686896
372 480 7.016405
372 498 10.469315
373 446 19.250277
373 492 4.293595
374 651 15.089358
374 731 19.804110
374 765 1.436869
374 861 4.668616
376 506 2.177315
376 546 13.581439
377 660 8.009324
378 680 13.128613
379 415 19.379876
379 548 19.220328
379 602 10.726060
379 738 1.332826
379 848 15.008842
381 543 11.712902
383 739 6.231704
384 559 6.415831
385 694 3.288200
387 540 10.943822
387 682 12.143947
387 736 10.726785
388 434 13.845243
388 588 2.943320
388 604 8.258934
388 759 4.246247
388 782 13.960659
390 436 5.246421
391 642 5.272990
391 743 15.255022
393 436 5.224958
395 823 19.029604
396 446 14.642137
397 735 9.533849
397 794 18.974112
397 816 14.176530
398 713 19.871137
398 805 7.848320
398 816 14.843616
398 828 17.653484
399 472 1.629902
400 522 5.129251
400 651 16.664334
400 805 8.739679
402 563 16.855806
402 685 12.739813
403 537 11.207038
403 845 10.597125
404 419 11.941852
404 614 16.099828
404 767 19.640019
404 896 9.908317
405 463 9.509439
405 526 14.681253
405 619 19.638172
405 673 13.269346
405 806 13.800695
405 874 19.460722
405 883 19.149079
406 454 10.229683
406 516 1.585795
407 586 13.764354
407 636 8.159691
408 838 7.745037
408 851 9.130855
409 825 17.892279
410 412 11.232325
410 455 15.771749
411 769 18.978345
414 426 12.280062
414 531 7.204598
415 507 4.686323
415 560 12.114737
415 589 12.454191
415 770 17.094479
415 807 8.307133
418 450 19.800451
418 517 15.375299
418 591 13.526987
418 640 17.010580
418 717 19.388098
422 644 12.652065
426 477 14.504072
426 726 3.059776
426 737 18.351055
429 712 11.593481
435 499 10.542451
435 562 3.565207
435 772 11.393306
435 895 15.964338
436 603 15.647350
436 774 9.680063
436 860 16.951235
438 474 1.449594
438 753 14.226855
439 481 9.842180
439 697 10.962393
441 638 14.005823
442 595 7.331884
445 524 19.879826
445 649 9.492190
445 876 2.663185
445 884 9.455292
447 610 7.428639
448 590 18.270823
450 566 6.628416
450 576 16.036860
450 866 11.263002
451 517 9.426259
451 635 11.113928
451 834 19.045160
455 832 19.023323
457 505 10.292183
460 534 14.221411
460 746 7.561698
462 506 8.742880
462 523 19.858536
464 536 9.624080
464 675 15.134133
464 692 17.754078
466 702 10.360617
467 502 1.088751
468 578 2.097270
469 588 17.647508
469 831 6.177357
470 694 19.603888
470 777 12.699597
471 763 9.938952
472 530 7.027589
472 751 7.090752
475 795 2.305807
478 488 16.726690
480 754 8.531665
480 803 10.204806
481 871 12.706637
483 869 4.982776
484 542 14.007430
488 520 4.870044
488 538 3.865307
490 848 4.570448
491 719 4.604900
491 875 3.293797
492 708 15.695701
494 509 5.197421
494 549 4.735313
498 878 9.869878
500 538 2.081341
502 898 16.612310
503 764 6.185403
508 628 14.201448
509 751 8.088018
510 585 17.983062
513 676 3.188981
514 829 12.660757
515 823 15.617745
516 525 15.485931
516 543 2.424960
517 585 11.587399
519 617 18.036155
519 838 15.759812
526 622 7.785434
526 739 9.348898
531 574 7.935906
531 662 1.235418
532 631 9.406304
532 758 16.951430
534 622 9.902744
538 687 4.128497
538 822 8.002122
541 610 11.817027
543 870 4.484753
544 721 10.866804
546 562 15.412693
546 669 8.567508
548 558 15.446195
549 860 17.612328
550 699 3.903706
550 742 19.534472
550 835 10.052903
551 641 15.226208
551 730 14.912257
551 886 2.091716
552 852 9.114425
552 853 13.408805
553 615 7.850204
554 618 10.205678
555 858 3.355607
555 875 11.227971
557 573 11.676261
558 609 19.627120
558 640 1.186657
560 861 5.211509
562 693 6.801331
563 839 7.419852
566 577 8.170935
566 870 14.367751
567 711 8.117986
567 794 15.388242
569 722 5.427612
569 789 10.435778
573 614 14.272616
580 621 5.887411
580 696 16.879688
580 720 3.568901
583 667 11.823680
587 611 8.226869
588 769 13.838464
589 620 19.259960
590 843 2.898370
591 711 2.952290
593 652 16.664451
599 787 2.454465
601 612 6.244726
603 623 16.862534
604 778 13.480052
608 701 6.698039
608 706 3.725804
609 783 5.748362
610 648 8.981043
611 616 8.552270
613 641 7.659568
615 723 19.573782
617 784 4.490663
617 818 3.865481
618 692 11.012552
618 812 9.198976
620 740 1.774651
620 818 5.834901
621 806 7.688094
621 894 14.113663
625 652 14.441106
625 674 9.189849
633 712 3.131798
634 637 14.755308
634 729 19.384334
634 801 19.714776
635 849 7.665711
636 688 9.046823
640 725 1.868601
641 790 1.676790
646 845 8.532644
646 888 6.012855
648 879 18.875378
648 899 11.205068
653 754 19.996867
654 752 16.730099
654 890 8.130012
656 728 11.242173
659 724 11.512847
660 824 6.313381
661 750 1.180862
662 738 16.753317
662 743 12.709887
663 784 13.983823
665 757 6.072152
676 749 12.645362
679 733 1.346469
685 778 12.876359
686 708 14.459950
687 814 10.980929
688 856 14.695576
692 868 10.728438
697 722 1.089452
700 701 18.973025
703 748 12.891348
704 721 13.741725
706 732 11.843489
707 841 4.696475
711 887 5.513391
713 780 19.884558
713 792 4.371035
714 842 4.550829
719 723 4.257241
720 779 11.045539
722 787 19.815326
723 735 3.886305
723 737 12.633013
723 846 4.794210
728 802 4.298582
732 827 15.115189
733 810 18.831377
736 899 7.878099
741 893 6.046154
743 824 3.170447
747 825 18.166139
756 897 11.222917
757 869 13.244017
760 898 19.637723
763 812 8.949230
770 858 13.917416
774 867 13.979596
777 836 1.384478
778 867 10.250488
796 829 1.803540
806 895 8.187815
808 866 11.320591
809 830 4.146569
820 844 4.822164
832 864 16.740977
850 862 1.257519
854 857 2.304149
857 882 14.305861
864 868 17.050548
19.066324 15.593794 21.477790 24.132166 7.283554 21.300460 16.975728 23.960322 12.821808 13.936648 19.202203 18.150306 22.820361 12.796260 21.947551 23.988962 12.616741 6.688689 21.296126 11.065189 18.883164 5.049513 12.049822 7.660680 5.341506 14.055747 16.051059 11.607681 12.833473 9.437467 12.273945 6.927195 23.875102 6.452424 23.388603 5.172805 17.151598 9.385317 14.802233 8.446795 13.762684 7.277982 21.576895 5.728357 19.763297 21.148681 19.255544 13.984472 10.771211 16.865737 12.116472 21.232287 21.758824 24.708949 10.033038 16.674932 24.622601 19.981361 19.480256 18.931032 6.964332 24.153644 6.168086 17.158544 14.504171 7.460321 16.139631 15.084029 9.229933 8.704456 13.917437 12.588950 7.277583 7.773054 17.613478 10.868513 6.227680 14.838659 21.653339 11.793494 24.368308 15.348350 24.774927 9.011958 17.028828 21.366758 18.250459 19.231096 12.059220 19.983973 19.896641 5.292898 21.004554 12.109624 24.565923 18.917363 22.925244 24.614106 7.969908 10.591250 21.803468 8.661323 17.269791 24.820985 10.022319 18.462392 10.214529 12.941675 7.246757 15.357882 9.458153 11.173560 11.753983 11.275376 15.013641 18.396418 12.228040 11.408454 9.346849 7.564830 6.345197 12.693230 6.313083 15.891890 16.659215 21.782237 13.326432 8.136353 8.789417 17.890349 10.089946 5.393251 15.895991 5.972836 7.685542 24.502643 15.422238 18.682242 19.090862 9.338339 8.938721 21.352682 18.544397 17.304022 10.045205 7.552224 12.793579 10.726341 22.722065 16.961049 10.315078 11.509129 8.814691 21.085029 19.471898 20.471844 10.611228 9.653924 15.097886 5.152562 17.255726 23.376176 7.075124 23.533081 10.134902 12.853268 8.725526 14.013327 10.228452 17.273213 24.917995 6.569203 24.242466 23.948798 14.162803 18.301536 5.406479 9.029428 13.511082 16.191764 22.088822 7.903237 17.331157 10.462269 22.501177 15.664556 7.988927 11.743830 21.871844 11.199194 8.375386 8.924608 22.302133 24.377797 17.268641 8.641484 21.040069 12.314022 15.762401 11.072681 15.151627 9.428580 8.415099 20.642135 20.712626 5.718938 6.951713 17.715698 24.151568 9.948519 16.933987 17.964004 13.946670 6.455101 24.823558 18.999511 13.499952 7.251718 11.211886 7.599462 10.246448 20.032665 21.070087 15.288370 11.065809 11.325770 9.606632 22.963342 13.143390 7.149597 15.572424 16.837406 5.106998 21.382814 15.721156 15.476248 22.894285 16.156354 12.683878 22.126609 8.348411 10.774695 15.880170 19.779527 20.523527 24.457045 21.427518 24.490664 8.421533 24.264291 16.456242 18.013862 7.807362 9.198996 5.476334 20.608794 16.220513 14.148090 22.349452 21.751016 22.769606 14.609040 10.007619 10.751859 20.043934 17.636050 14.193589 16.411735 17.711654 7.213735 14.465229 12.056506 19.090290 11.418605 14.140196 19.372673 10.976603 8.200869 15.915451 22.268716 8.553972 14.875683 10.511135 24.255687 8.954333 13.748028 7.432801 11.861547 9.549786 12.283401 14.968546 17.747394 18.358941 22.307497 9.039098 7.981430 9.895164 19.584305 16.999121 19.296360 18.313902 19.550813 13.189204 18.742940 22.497257 7.586634 23.632470 19.734757 22.245993 7.336057 9.032871 21.172171 12.530640 5.346832 16.624765 20.575949 9.492787 14.598880 10.019571 21.735406 12.715210 23.260910 8.046334 7.968946 18.476898 8.266366 19.769512 16.618823 6.622791 24.500700 23.283842 9.451116 10.673757 6.717644 6.693938 16.169336 9.030846 11.731947 12.468095 19.546575 18.043099 9.875348 23.131429 20.584673 24.225061 18.045191 12.162156 18.951139 16.585325 12.417021 8.476019 6.248074 24.867299 21.507572 15.934043 14.831452 18.734345 11.706870 15.927440 11.076518 10.968271 14.033985 24.491641 6.889974 16.332626 7.166918 9.521981 8.175533 19.964931 20.053832 18.915102 11.252315 16.539602 14.558308 19.411710 15.910486 22.544701 18.033352 14.158873 21.310036 24.099877 5.032654 23.064455 11.913660 15.946042 14.540497 13.508723 21.123314 16.899268 19.310806 11.855805 6.232295 10.328569 7.803928 21.161096 20.429127 5.956851 19.116858 15.531452 16.363153 16.728197 11.071855 21.246422 14.717013 11.929921 12.115022 17.938428 5.704736 12.338301 22.775488 9.284244 12.782932 17.040431 19.799264 12.222179 23.974357 18.199514 9.668141 8.734941 21.112821 13.592795 22.522561 12.383174 12.102611 22.249093 11.660927 11.360663 7.928355 16.658536 12.299711 11.119775 17.859267 20.192149 11.084239 7.326986 23.411778 6.031113 10.860467 10.703826 20.399686 22.292449 12.846845 13.340141 6.407650 23.586915 16.584658 21.833039 15.727658 16.779468 9.692406 19.784217 19.118094 17.804943 13.881867 7.948987 22.110680 21.413086 21.760796 9.130860 20.552956 19.515301 18.221548 7.768045 8.553984 13.109146 13.031886 16.864193 6.998278 15.157615 11.665746 22.215360 16.285851 10.196693 10.461820 12.633377 15.251420 20.273263 14.119936 10.787219 9.020417 5.443917 19.144632 7.236673 24.471506 9.737774 6.746553 19.057923 20.944813 5.410635 15.871325 6.665279 11.755485 6.937958 13.928100 22.305084 12.718110 13.704616 5.426617 10.596790 16.837397 16.783116 24.255653 20.681726 19.314835 8.912215 5.982211 24.490899 22.377762 6.651220 19.214310 24.961121 9.172375 8.892770 5.214012 12.859124 9.509389 22.460081 23.303843 12.899277 20.321949 16.778758 15.265138 18.951249 16.717929 23.588575 20.881956 19.271853 20.685332 24.370280 12.423748 24.170115 9.916810 10.439097 20.083999 6.888727 20.388771 6.144648 14.225158 7.417412 12.809661 9.014534 7.804620 6.713677 15.722579 14.144972 12.301301 24.152678 11.210880 12.160985 14.728878 17.171235 5.572204 18.965208 16.951405 12.121099 11.731069 15.441436 14.717972 18.381977 14.388094 10.254168 24.301584 12.221328 9.054163 14.847147 21.670927 13.650496 7.762475 21.101554 11.382318 15.858118 13.187083 21.437874 18.638026 23.217068 20.790129 13.615054 18.322992 14.705585 6.870352 13.567833 19.185034 23.477978 17.150359 21.044977 24.991007 6.084173 14.379356 14.352792 19.451277 23.446276 16.156912 24.214249 19.970218 5.290096 19.813455 11.191531 24.891195 5.347058 16.792811 20.063107 8.646327 9.793690 20.250992 17.287853 9.214357 21.199315 24.779782 11.805176 20.368660 10.513111 6.292777 15.925184 16.244731 9.142045 8.568398 7.766146 22.747699 20.340020 16.359984 23.328092 14.799888 17.461388 11.588739 14.067173 15.090871 8.298962 21.480037 6.274544 23.384895 10.811961 8.595991 8.862335 8.458548 7.504970 23.053384 18.868108 21.819281 21.851115 22.458886 12.156461 10.950700 11.688148 11.659180 17.414975 19.385630 20.624436 12.963224 22.668652 15.706359 22.707006 7.704240 14.550039 16.635840 8.668030 15.877739 13.729705 24.453138 13.914879 15.295136 15.629757 7.206693 21.423403 22.437678 22.392751 24.364999 24.598299 14.917760 10.999769 14.419958 7.137409 16.953677 14.031787 5.528040 19.695930 19.427973 18.984195 20.600891 9.646102 22.429944 17.760090 11.959391 8.239740 17.130208 16.379990 20.129750 19.529099 16.607902 7.841865 20.188182 14.566862 14.956438 24.492947 12.384853 8.901751 8.236961 8.301879 21.052750 24.803324 23.830180 23.004568 17.607898 7.117858 7.906872 8.048853 15.978749 24.738145 7.581869 18.684107 17.648843 7.988461 14.757697 24.604118 13.102170 20.872221 7.690561 6.775060 16.767577 12.444726 12.744612 17.218305 21.555680 14.790392 11.582316 5.884294 5.213752 21.560972 5.020845 12.748896 12.302267 12.196740 21.746270 20.220564 17.999168 23.763892 16.964972 5.234294 17.367158 9.460130 12.945735 9.831737 9.809255 5.000459 9.792651 19.555149 17.435064 6.552796 10.057138 18.601378 14.936348 13.385620 7.689418 13.324532 11.901650 16.650539 15.598464 13.777653 15.891340 5.267010 14.295343 23.748927 20.075626 13.074562 10.690713 11.528788 11.303965 8.571832 15.865689 10.594913 24.778512 6.873223 23.641646 15.801417 18.141343 21.437006 12.524665 5.752306 11.574834 18.690331 9.115320 6.200466 20.857741 12.919885 23.460771 9.275581 24.397198 14.480656 18.537301 10.995875 15.292961 16.884962 19.231690 12.771105 22.528798 22.145787 6.166674 9.526205 6.429852 16.049663 18.753009 6.681745 24.810524 15.836346 23.794817 22.963710 5.007965 13.293391 9.328980 8.863978 12.881920 22.452446 17.465965 11.077413 6.165492 19.976291 8.915871 22.334063 14.914996 20.832150 13.978690 6.408712 20.856212 11.657182 6.110369 5.189785 24.730734 22.609829 12.313465 12.862918 16.055536 22.786786 6.706588 19.292191 18.900359 17.605002 12.905386 24.583872 18.732963 24.448425 14.092528 9.535712 19.330497 10.986147 11.897989 15.493800 11.345556 23.534527 23.179279 11.197568 5.023632 20.673822 23.187150 12.916328 9.412076 10.927707 9.932574 16.947210 8.276699 20.037681 8.567518 20.624731 23.115569 13.355407 13.479567 10.314806 23.084873 17.075824 17.377649 6.117156 16.023329 14.807309 17.476631 21.266594 6.076449 23.954969 17.103722 12.445614 19.436432 19.647794 22.594091 21.757342 11.415859 14.905969 7.211824 19.766164 10.396928 22.961524 10.086635 19.323069 23.232169 7.070594 9.075871 19.847976 13.413217 6.166820 13.934777 24.719416 11.566015 19.350112 24.825989
60
298
0 3 7.451029
0 4 1.778862
0 9 2.833947
0 18 7.387084
0 19 1.077256
0 53 7.609277
0 55 4.558564
1 24 7.481274
1 33 4.256298
1 44 6.507927
1 55 6.426392
2 3 6.761034
2 11 8.191134
2 25 2.833803
2 28 5.752169
2 30 5.703847
2 35 7.326290
2 37 8.608580
2 39 6.755847
3 4 8.492662
3 8 2.403219
3 10 7.965039
3 16 7.161315
3 19 3.451591
3 29 7.879778
3 36 6.837251
3 37 3.973932
3 38 4.994931
3 40 7.594871
3 51 3.513407
3 56 1.283170
3 59 9.773990
4 9 1.000459
4 10 3.816604
4 14 7.305271
4 16 8.729010
4 17 8.417329
4 26 3.891943
4 29 3.176435
4 31 8.504406
4 38 3.589608
4 45 3.005985
4 53 5.314507
5 8 5.854100
5 9 3.813381
5 10 8.952382
5 15 4.899464
5 19 8.800510
5 21 7.311493
5 27 2.018642
5 29 8.871841
5 30 2.418316
5 46 5.293698
5 51 2.951132
5 57 2.822936
6 8 5.568139
6 27 2.958714
6 35 2.836653
6 36 4.743190
6 38 4.882400
6 46 7.081450
6 57 1.645908
6 59 4.331420
7 9 8.201346
7 20 8.098901
7 22 8.311386
7 23 7.384817
7 28 7.904979
7 29 7.367776
7 35 6.057537
7 38 6.291288
7 39 5.698919
7 47 3.615645
8 12 1.807764
8 15 3.906299
8 17 7.676316
8 25 4.419905
8 27 2.668845
8 31 4.832207
8 34 1.941095
8 36 8.117666
8 41 6.166590
8 44 1.180834
8 52 4.346099
8 58 4.514340
9 20 3.773585
9 26 4.058935
9 27 9.424127
9 28 1.044836
9 35 2.304357
9 41 9.703165
9 53 8.226586
9 58 8.659926
10 13 1.634958
10 16 2.748307
10 17 4.554918
10 29 9.004566
10 31 6.435465
10 43 7.879671
10 44 6.744433
10 47 7.401257
11 15 5.678918
11 45 2.736604
11 53 8.818418
11 55 8.364500
11 57 4.374632
11 59 1.882576
12 15 2.188204
12 18 6.699721
12 24 1.833186
12 28 2.222731
12 36 7.557312
12 37 3.349898
12 40 3.994305
12 43 9.385151
12 44 4.332160
12 49 5.194233
12 50 2.192543
12 52 9.334126
12 56 3.764976
13 23 3.402471
13 37 7.781178
13 48 9.634154
13 54 1.693004
13 55 9.439959
14 20 4.888045
14 23 1.186097
14 25 6.651451
14 29 6.964121
14 34 5.754537
14 38 4.757292
15 17 3.401783
15 18 2.751295
15 34 5.266838
15 39 7.755970
15 40 3.609601
15 47 3.613333
15 51 9.839125
15 56 4.613771
16 31 6.154448
16 33 4.386646
16 35 3.168997
16 36 5.191575
16 40 8.556320
16 45 8.724787
16 49 4.734902
16 51 7.064877
17 19 9.988725
17 25 7.992805
17 30 2.349236
17 45 2.888172
17 58 6.254628
18 23 3.309935
18 34 9.609972
18 38 4.355542
18 45 2.668137
18 46 5.204076
19 20 9.542280
19 24 3.801011
19 25 2.304336
19 32 2.329816
19 41 9.713566
19 46 8.875823
19 59 7.228616
20 29 5.904015
20 32 4.543775
20 35 4.116596
20 36 4.878738
20 44 2.004054
20 46 4.876545
20 47 8.942529
21 22 3.506834
21 30 9.658337
21 37 8.299043
21 38 4.009098
21 43 9.017694
21 59 9.082739
22 23 2.241868
22 24 9.934455
22 27 7.629290
22 35 2.188067
22 42 2.544520
22 43 6.612979
23 24 1.853410
23 25 8.833226
23 27 7.049942
23 34 4.668317
23 54 7.027604
24 35 4.201298
24 39 7.072222
24 44 4.795109
24 50 6.220804
24 51 9.821725
24 54 4.461386
24 58 7.137747
25 26 2.345874
25 36 1.510647
25 37 3.304598
25 47 3.524999
25 51 9.517245
26 28 7.817766
26 30 2.334651
26 33 6.457684
26 40 8.185150
26 50 2.832639
26 55 7.162949
27 39 7.510025
27 45 7.754569
27 48 1.973558
27 49 3.809142
28 29 7.419551
28 35 3.289672
28 37 3.552213
28 45 5.399034
28 55 9.475012
28 59 6.147352
29 44 4.082605
29 51 4.108373
29 53 5.472786
29 55 4.981098
30 36 2.506649
30 47 9.753170
30 54 6.370786
31 32 9.977002
31 33 3.804597
31 40 1.989054
31 42 8.500595
31 43 4.780869
31 44 5.613524
31 52 4.622603
31 53 1.009975
32 40 2.851166
32 42 1.623004
32 48 8.880703
32 59 7.583713
33 35 3.670999
33 36 7.532794
33 39 7.876844
33 42 2.159647
33 44 7.631625
33 45 9.196007
33 52 6.042138
33 54 8.760847
34 47 9.785145
34 55 6.129508
35 36 1.836932
35 48 4.132056
35 49 6.545051
36 42 4.144137
36 44 2.378950
36 52 8.643453
36 59 4.230727
37 45 1.848848
37 47 6.874268
37 48 9.146639
38 39 6.241337
38 41 9.411874
38 44 3.722455
38 48 7.317723
38 54 7.503957
39 42 5.717777
39 44 3.533913
39 53 6.473405
39 54 2.558003
39 55 2.577345
39 57 3.603432
40 43 7.791077
40 44 9.559577
40 48 5.861876
40 52 5.690109
40 57 7.580123
40 58 2.065760
41 46 4.985711
41 54 1.493293
41 55 4.109385
42 50 1.853760
42 54 8.427522
42 57 2.159744
43 52 5.006507
44 51 2.600802
45 49 9.055436
45 52 2.920855
45 56 7.814082
46 52 8.336680
46 54 8.853516
46 59 5.768963
47 50 1.675253
47 56 4.823763
48 51 1.850448
48 54 7.726391
49 56 7.904459
49 58 7.654974
50 53 5.627545
50 57 8.964592
51 56 8.532683
52 53 3.231863
53 57 9.324191
54 58 5.819150
387.755725 365.752569 285.888956 405.767922 372.950652 259.879029 390.508069 308.358788 249.560465 254.309135 444.715455 471.906952 244.631361 367.775512 272.608367 411.254013 482.116325 422.567612 390.939072 403.643135 339.766472 244.227885 450.155296 300.283393 491.677706 417.723000 323.914208 417.430537 256.467786 272.489546 357.477619 332.844948 488.401517 415.786711 376.525197 317.555265 251.991617 488.508731 327.385883 368.132810 221.226524 366.900575 416.975439 443.352158 403.783045 309.110407 347.683908 255.744788 331.944902 499.505290 371.343814 412.147630 379.935901 304.081869 415.376603 317.131682 436.109928 237.404785 448.970802 425.572054
