900
1797
0 1 17.313492
0 2 12.789372
0 3 1.723677
0 4 10.798907
0 5 9.271895
0 10 3.233728
0 14 6.293615
0 18 7.767607
0 23 7.878373
0 24 4.827777
0 26 14.193476
0 29 2.146715
0 33 3.504749
0 70 18.451956
0 73 6.844442
0 94 14.107659
0 103 16.715465
0 107 14.475046
0 157 5.893802
0 173 12.960568
0 189 11.862133
0 200 18.849886
0 209 1.504050
0 219 8.935189
0 230 18.898239
0 280 9.766068
0 469 19.773130
0 482 14.429445
0 513 6.867340
0 517 19.784146
0 608 11.577474
0 646 1.283243
0 658 18.248836
0 799 7.970888
0 841 14.022188
1 2 12.129421
1 3 14.647265
1 6 15.735746
1 8 19.991512
1 9 14.737019
1 15 19.739918
1 16 1.549115
1 19 16.248418
1 22 18.775431
1 28 8.292193
1 37 10.222451
1 101 1.720202
1 120 5.278676
1 121 5.698129
1 125 15.973358
1 126 15.972336
1 147 2.357320
1 148 18.420653
1 170 19.646916
1 176 18.879613
1 192 13.040807
1 204 17.945800
1 210 11.749850
1 246 15.540548
1 247 2.836445
1 261 19.780820
1 337 5.989001
1 394 17.106916
1 398 3.024067
1 420 14.429914
1 434 1.543813
1 437 10.004444
1 454 2.286386
1 463 9.445736
1 475 4.755338
1 480 3.420877
1 523 8.099668
1 574 16.399572
1 634 12.715325
1 790 16.616550
1 801 14.237031
1 839 3.473647
1 886 19.167845
2 5 13.424479
2 7 16.235840
2 9 11.991035
2 10 4.048788
2 17 16.852951
2 33 7.908303
2 69 14.511919
2 78 9.127847
2 88 8.856207
2 90 10.743485
2 148 1.462221
2 158 16.346924
2 215 4.771314
2 308 14.351220
2 322 16.849269
2 363 14.377484
2 364 14.464189
2 410 19.266092
2 482 16.726622
2 484 7.910783
2 548 10.150462
2 648 1.086531
2 652 2.000701
2 769 11.222341
2 784 14.963431
2 851 12.745858
3 4 10.775598
3 16 16.544709
3 21 7.498582
3 26 5.177148
3 114 2.709016
3 234 15.899972
3 319 18.944031
3 458 4.495172
3 571 13.770563
4 6 5.233530
4 12 6.021674
4 20 6.767392
4 27 10.398142
4 46 2.808842
4 68 17.108014
4 73 7.275417
4 76 16.467533
4 89 18.701294
4 95 12.375008
4 100 15.649706
4 116 3.850614
4 118 8.763494
4 152 2.597879
4 173 5.046559
4 196 15.842561
4 226 6.195940
4 240 12.003255
4 285 19.904912
4 317 18.939498
4 330 7.229081
4 368 18.501111
4 389 15.930683
4 409 8.226827
4 418 16.786362
4 441 7.852289
4 444 12.934094
4 456 2.900185
4 466 13.587609
4 486 2.069733
4 507 11.996886
4 555 18.844993
4 563 1.569391
4 597 14.857953
4 651 12.005798
4 670 9.810959
4 727 12.649842
4 735 17.029401
4 769 13.495233
4 792 9.464177
4 856 4.832747
4 894 8.940832
5 18 7.466640
5 21 6.175386
5 22 3.737133
5 32 18.569428
5 47 12.040197
5 54 6.014126
5 55 6.970621
5 71 10.914860
5 78 7.646811
5 95 15.878407
5 96 15.560403
5 109 8.312146
5 112 5.868571
5 114 17.476317
5 135 14.446479
5 161 13.076829
5 181 4.270424
5 225 1.422574
5 226 13.103976
5 242 17.340250
5 275 13.933441
5 276 7.239489
5 328 8.459128
5 355 5.400201
5 361 1.102055
5 460 15.522492
5 558 5.327918
5 602 15.219021
5 677 16.421264
5 739 1.478962
5 792 8.757155
5 826 18.289552
5 862 9.353970
6 7 5.727248
6 8 2.909450
6 13 19.654749
6 27 13.249744
6 86 19.977545
6 238 16.332282
6 241 9.035970
6 290 16.688952
6 351 14.236272
6 394 15.224293
6 610 17.987946
6 618 17.986449
6 898 5.672820
7 17 7.072235
7 19 4.135116
7 20 7.089360
7 30 17.344325
7 34 3.538016
7 49 13.175097
7 50 18.772497
7 53 13.764766
7 57 4.056871
7 71 14.236430
7 75 18.298384
7 86 5.031686
7 111 8.737771
7 140 2.657918
7 211 6.276584
7 233 5.831487
7 249 18.184961
7 299 8.395445
7 347 4.493888
7 402 4.135730
7 547 12.201607
7 551 6.282130
7 582 12.331957
7 617 8.000204
7 629 19.587305
7 682 13.392335
7 720 10.441804
7 795 13.372115
7 861 5.416735
8 11 13.279961
8 133 11.942553
8 211 14.743652
8 290 5.593525
8 327 6.717512
9 23 2.657650
9 24 11.856071
9 25 6.110796
9 41 4.341947
9 42 15.908821
9 48 8.513472
9 57 9.985952
9 84 5.568955
9 90 8.346630
9 125 16.894830
9 130 17.044028
9 147 6.775011
9 215 18.732818
9 267 15.551066
9 268 2.333509
9 334 6.997612
9 385 18.399306
9 459 5.630986
9 532 8.059626
9 542 16.443357
9 582 9.185992
9 583 16.646040
9 596 17.016598
9 614 19.265506
9 689 9.653005
9 718 11.674502
9 736 6.159830
9 793 15.250693
9 866 16.158551
10 11 5.125643
10 15 2.118385
10 52 14.066056
10 135 5.092661
10 175 12.086439
10 252 6.241335
10 441 9.948474
11 12 11.094463
11 13 10.357023
11 28 11.077609
11 30 8.094271
11 36 3.740053
11 37 17.042371
11 69 17.250014
11 117 19.931834
11 179 2.145116
11 253 16.485134
11 257 4.759169
11 337 10.940875
11 338 1.137905
11 430 3.843054
11 824 5.634288
12 35 3.989254
12 42 12.539217
12 183 5.963324
12 190 4.370671
12 397 3.161266
12 491 12.589823
12 498 9.112955
12 742 11.269064
12 827 5.478415
13 14 16.691631
13 168 4.776046
13 256 12.672849
13 315 18.634573
13 501 14.992513
13 868 17.627982
14 34 17.002516
14 44 4.877274
14 96 1.063732
14 137 8.930856
14 169 14.367122
14 283 3.731517
14 458 7.804133
14 587 6.548383
14 627 3.037220
14 675 1.221625
14 723 18.372850
14 802 19.334414
15 85 18.176002
15 89 19.158762
15 119 17.368210
15 129 1.331315
15 145 7.513606
15 204 6.234830
15 323 18.601601
15 535 10.672072
15 565 13.336782
15 737 7.814324
15 742 18.662005
15 798 19.455214
16 45 12.330643
16 58 6.625288
16 61 5.639598
16 594 6.026168
16 756 18.812282
17 97 5.381668
17 152 17.568745
17 162 4.218048
17 182 12.185418
17 191 10.971183
17 263 11.305273
17 284 12.808657
17 542 17.527241
17 688 10.947672
17 857 13.057285
18 62 10.213043
18 119 17.641826
18 263 9.820406
18 269 17.287915
18 300 13.648465
18 350 8.980432
18 385 9.954375
18 419 1.670137
18 449 7.108831
18 462 9.055274
18 597 12.285960
18 623 1.045774
18 663 15.916431
18 853 7.119762
19 25 2.901725
19 31 11.334347
19 39 3.787969
19 41 14.569338
19 56 5.546978
19 68 14.112024
19 174 19.946929
19 195 10.456050
19 214 1.222211
19 237 4.152564
19 351 7.208375
19 381 10.836285
19 421 15.349181
19 426 11.105167
19 452 15.983682
19 500 4.658221
19 556 5.717221
19 574 5.824314
19 685 8.085241
19 710 11.913181
19 805 5.984754
20 39 17.051472
20 83 2.050032
20 87 5.243121
20 141 13.804814
20 142 2.562724
20 348 11.902580
20 432 17.468478
20 446 9.223670
20 499 7.943055
20 541 13.722294
20 640 17.536998
20 643 1.270878
20 653 6.438547
20 672 1.487191
21 29 3.625332
21 31 10.440424
21 40 13.892350
21 43 5.606511
21 64 18.980730
21 92 11.675336
21 121 5.221626
21 126 17.366089
21 382 11.326965
21 414 11.721646
22 346 3.745747
23 65 18.267182
23 94 18.375922
23 124 18.306611
23 127 11.435888
23 507 16.578936
23 534 3.725121
23 777 3.756527
24 32 13.894028
24 48 15.852482
24 72 19.038515
24 87 8.777571
24 93 2.406133
24 144 8.498738
24 145 5.244749
24 199 13.552372
24 219 13.296053
24 221 1.490025
24 229 13.585984
24 271 15.163674
24 274 14.033962
24 314 19.975288
24 332 9.827211
24 432 16.618035
24 586 8.295640
24 725 15.846155
25 45 15.979609
25 46 15.286890
25 66 8.109818
25 79 6.617809
25 257 7.654886
25 527 2.248808
25 884 13.128327
26 36 6.263737
26 50 15.132783
26 150 14.367745
26 198 1.138604
26 228 16.581812
26 243 18.869829
26 303 6.313343
26 448 16.221720
26 594 8.153935
26 600 16.995875
26 689 7.960880
26 699 12.796136
26 863 5.085004
26 893 4.462905
27 64 10.726036
27 177 17.265628
27 188 8.189591
27 369 19.789954
27 470 3.720484
27 525 17.003101
27 616 1.917850
27 624 2.538951
28 35 1.970795
28 58 8.518085
28 62 9.721433
28 158 11.480806
28 191 1.797161
28 286 16.446329
28 489 9.075946
28 535 18.643422
28 561 19.629132
28 690 17.721015
28 787 7.365579
29 40 2.223734
29 106 3.365847
29 109 15.353835
29 141 12.755052
29 144 18.143609
29 197 7.963991
29 198 9.767006
29 212 3.806402
29 239 19.218821
29 341 18.935971
29 411 16.665617
29 416 11.670398
29 514 2.542926
29 758 1.351666
30 38 1.347542
30 51 3.157579
30 80 9.484091
30 110 8.961842
30 115 17.993461
30 130 12.981839
30 139 9.208171
30 213 3.130648
30 251 1.244140
30 269 19.636641
30 306 9.689432
30 412 9.979061
30 524 19.379393
30 569 18.113785
30 590 17.171994
30 650 2.341143
30 768 14.348503
30 781 6.767779
30 887 8.134192
31 136 7.428760
31 776 1.449243
32 44 11.781847
32 51 15.692358
32 54 9.588446
32 102 8.697369
32 133 16.617272
32 181 6.868653
32 238 15.183437
32 244 7.595705
32 266 5.398609
32 268 11.997860
32 345 19.258660
32 396 11.589534
32 453 19.480918
32 505 10.327123
32 630 7.667747
32 677 8.655863
32 806 13.194300
33 38 3.055207
33 63 2.037941
33 67 4.094219
33 74 17.321949
33 111 16.625630
33 140 10.119830
33 150 11.351027
33 192 12.613131
33 287 9.649343
33 293 4.847079
33 616 15.292921
33 632 16.547228
33 661 17.411697
33 782 1.517629
33 803 19.023510
34 43 3.214816
34 72 14.448645
34 107 19.436292
34 113 17.550327
34 241 11.106619
34 245 2.259304
34 566 10.228724
34 609 7.941895
34 635 4.024563
35 55 7.804343
35 77 3.383817
35 91 3.078503
35 100 9.423567
35 155 18.692176
35 172 2.172969
35 184 6.062393
35 264 18.424203
35 329 6.890977
35 340 13.136183
35 391 16.418776
35 528 1.906037
35 692 4.983841
35 728 14.264519
36 59 3.978373
36 210 7.707751
36 305 19.537690
36 720 2.543417
36 785 17.550740
36 876 5.003843
37 123 3.563491
37 235 18.189890
37 277 9.442358
37 429 11.087226
37 552 2.847528
37 664 6.225774
37 846 9.505803
38 60 17.140946
38 79 2.565267
38 81 4.838319
38 105 19.525355
38 169 19.109638
38 559 17.566467
38 715 10.479465
38 757 9.476976
39 97 5.008869
39 164 17.115395
39 353 10.681891
39 356 5.612264
39 428 15.324107
40 63 2.431574
40 98 16.741469
40 710 5.391265
41 47 13.970677
41 128 9.159631
41 207 9.302625
41 589 18.740903
42 118 9.824092
42 448 11.374244
42 611 8.334783
42 624 6.390147
43 122 7.587152
43 168 15.052358
43 174 13.368708
43 286 2.192225
43 309 18.137165
43 786 2.888614
43 838 5.081805
43 859 12.960618
43 870 8.531690
44 80 4.415781
44 127 11.498143
44 128 7.480320
44 149 16.798649
44 209 19.334064
44 306 1.229221
44 393 4.698184
44 443 1.398577
44 512 18.566488
44 521 16.706165
45 202 12.908579
45 321 17.745852
46 52 7.983556
46 106 15.113183
46 167 9.997304
46 232 8.929056
46 310 9.969899
46 539 11.375312
46 694 4.600435
46 854 2.459973
47 193 4.806414
47 258 17.358081
47 325 14.695658
47 375 9.735673
47 429 11.705425
47 690 8.758776
48 49 4.167151
48 206 4.623720
48 303 12.662928
48 377 7.453713
48 620 18.105801
48 764 13.378489
48 889 15.197515
49 60 18.658811
49 92 3.536586
49 102 2.305480
49 131 12.986709
49 399 17.261682
49 576 16.496782
49 678 13.689612
49 686 5.014372
49 833 11.968772
50 53 15.365216
50 56 1.202913
50 166 14.081697
50 281 7.777477
50 347 6.570662
50 354 16.401428
50 379 6.010103
50 699 1.634175
50 711 5.955930
51 59 7.931404
51 266 11.643314
51 479 4.862060
51 893 11.324136
52 495 8.842809
52 702 4.324098
53 70 16.111028
53 76 9.684491
53 110 16.020483
53 131 15.856175
53 155 18.916189
53 205 18.406272
53 295 18.199807
53 326 10.512076
53 409 12.699028
53 412 8.908805
53 773 1.822348
54 77 8.479393
54 108 15.135311
54 143 9.271557
54 170 5.051569
54 221 18.579889
54 242 2.646726
54 308 17.942459
54 362 6.401797
54 506 7.699938
54 645 1.199520
54 654 1.920222
54 691 18.413939
54 755 3.180292
54 828 6.943548
55 371 14.471156
56 61 7.201302
56 65 7.797713
56 105 7.687114
56 132 12.785772
56 401 11.624260
57 248 14.671435
57 297 18.393570
57 307 13.140039
58 136 7.525284
58 156 8.737572
58 159 11.441801
58 214 18.554286
58 264 10.114008
58 357 2.992466
58 374 10.574803
58 431 2.423605
58 434 15.971893
59 66 2.530502
59 206 14.710630
59 223 1.782002
59 254 10.216188
59 519 4.608071
59 526 17.016313
59 533 18.006131
59 745 2.819586
60 82 10.290877
60 85 12.023089
60 231 3.691836
60 333 1.731440
60 714 8.030918
61 81 13.058210
61 103 2.680339
61 104 9.197379
61 167 1.539798
61 261 12.178137
61 301 2.559139
61 359 15.267000
61 418 14.356327
61 423 8.099354
61 584 10.073461
61 713 15.782221
61 781 9.459069
62 67 7.051492
62 91 11.896239
62 93 4.613849
62 120 3.439999
62 401 11.596870
62 413 9.229962
62 700 1.306369
62 820 5.126761
62 832 10.977908
63 134 17.857454
63 163 16.993010
63 250 6.910425
63 363 4.704862
63 526 12.763245
63 614 18.853433
63 672 1.735864
63 692 5.315214
63 895 5.623742
64 172 19.022979
64 346 15.605281
65 216 15.839291
65 532 9.756549
65 571 11.546916
65 655 1.221832
65 660 10.416081
66 84 17.895243
66 759 1.109098
67 75 1.511971
67 178 6.822261
67 392 14.821469
68 160 18.911727
68 217 10.344304
69 74 5.421364
69 373 15.257842
69 701 7.006818
69 891 4.445026
70 113 1.201762
70 171 8.670906
70 228 5.787397
70 331 1.976307
70 377 19.047524
70 457 6.842813
70 546 18.833492
70 820 2.339273
71 186 9.535631
71 217 2.805425
71 244 10.691852
71 251 9.719711
71 265 8.730624
71 298 4.341363
71 335 15.080217
71 365 16.369154
71 390 18.383571
71 427 1.567373
71 683 7.300579
71 772 12.377745
71 897 17.030999
72 176 4.984877
72 318 9.826710
72 637 8.354703
73 237 14.749589
73 343 13.300165
73 386 13.692025
73 419 12.194907
73 431 5.585840
73 724 2.864565
73 867 12.785521
74 99 14.527859
74 187 3.711673
74 224 8.238314
74 270 10.380953
74 293 15.281456
74 305 13.595721
74 319 18.912609
74 534 9.012620
74 673 3.081351
74 829 10.700636
75 159 18.812987
75 222 6.683741
75 489 12.969113
75 749 19.376770
76 101 15.059308
76 116 3.659700
76 132 10.097055
76 166 17.486962
76 194 8.227326
76 220 19.777217
76 343 5.120011
77 138 1.203548
77 139 4.058059
77 187 12.112226
77 245 8.116356
77 376 10.010866
77 471 9.825252
78 82 16.535930
78 408 10.090455
78 737 12.486842
79 340 8.637502
79 806 3.714117
80 104 2.685142
80 112 4.013276
80 146 15.162772
80 188 10.560569
80 225 3.321106
80 248 16.824645
80 281 16.775129
80 376 8.567829
80 496 17.172836
80 503 7.827539
80 817 14.719426
81 83 19.876484
81 639 7.949032
82 88 2.690390
82 325 8.164274
83 576 3.031738
83 708 9.323960
84 307 19.477341
84 477 10.318072
84 647 7.772706
86 156 18.344707
86 553 1.891111
86 579 19.724967
86 638 11.004212
86 675 7.534021
87 98 17.062578
87 115 16.638785
87 124 3.303746
87 239 7.990215
87 283 14.059092
87 378 5.774334
87 438 7.551262
87 615 2.326802
87 622 18.446972
87 859 1.280684
88 565 10.099104
89 164 1.819009
89 668 7.226748
89 711 4.994261
89 791 18.667308
90 207 4.164299
90 555 11.741320
91 267 17.138106
91 302 9.280839
91 379 3.010064
91 423 11.358680
92 554 9.787261
92 680 9.373056
92 761 3.014866
93 142 5.746105
93 213 5.006338
93 444 11.511953
93 468 9.533719
93 484 6.347163
93 557 9.390126
94 123 1.443704
94 404 12.806186
94 440 9.621567
94 483 2.706238
94 513 14.460461
94 867 4.441689
95 99 18.745996
95 149 17.309130
95 177 2.094238
95 224 14.215415
95 272 15.322883
95 295 6.770042
95 621 2.946302
95 765 17.042024
96 296 10.949273
97 143 7.480208
97 253 4.616290
97 316 3.543036
97 751 16.137644
97 764 15.075996
98 129 9.824659
98 162 1.972561
98 165 12.134386
98 342 8.476885
98 382 14.448535
98 629 15.887906
98 648 4.318332
98 821 3.357086
100 117 19.787428
100 184 14.319105
100 279 1.631464
100 292 14.690819
100 374 13.712992
100 464 12.179263
100 705 11.121948
100 763 17.931140
101 356 8.980071
102 282 14.962758
102 354 2.230647
102 495 17.095530
103 235 17.194954
103 595 18.271391
103 661 1.212582
103 761 11.266928
103 883 4.552308
104 108 13.841344
104 153 4.447077
104 364 17.320233
105 180 9.281756
106 154 6.925679
106 230 12.858329
106 417 17.986385
106 524 13.221347
106 784 6.408475
107 160 11.122985
107 872 15.791609
109 247 7.909990
110 397 18.982064
111 485 3.652331
112 275 4.823667
114 178 7.679699
114 189 1.729698
114 537 14.948418
114 722 16.577668
115 233 3.195089
115 304 18.342854
115 336 8.246673
115 774 19.288433
116 122 5.771902
116 297 4.275047
116 472 14.428208
116 477 1.937779
116 509 7.654282
116 600 4.087342
116 603 18.588618
116 669 6.916178
117 360 13.517898
117 758 4.396441
118 729 10.751882
119 134 3.306862
119 146 4.196394
119 179 1.648443
119 212 10.314934
119 259 13.345055
119 372 18.593944
119 696 19.863652
119 779 14.230552
120 165 13.299969
120 195 2.293150
120 387 19.663791
120 687 5.529283
121 324 7.612404
121 569 12.720490
121 777 10.984772
122 138 5.458391
122 298 9.298718
122 318 16.048718
122 427 10.267192
122 428 9.809051
122 491 18.858365
122 656 7.591730
123 694 13.241379
123 743 9.306688
124 151 11.127550
124 220 1.881852
124 254 15.115896
124 439 1.576413
124 506 1.885738
124 831 7.016160
124 854 16.521907
125 196 14.579760
125 384 2.660645
125 496 3.604385
125 511 2.108860
125 731 1.088228
125 818 2.993245
125 858 4.156743
127 252 11.338936
127 433 6.091613
127 437 15.118125
127 723 10.410687
127 821 5.637408
127 846 14.552572
128 218 3.739092
128 236 15.730152
128 456 2.823878
129 433 12.703909
130 151 8.667304
130 653 2.712489
131 154 5.214545
131 193 17.004300
131 517 12.832595
131 782 1.287443
132 190 1.066140
132 770 17.055198
132 813 1.565827
133 186 13.185447
133 229 6.666041
133 258 11.262865
133 345 5.863157
133 406 4.329003
133 422 4.620226
133 459 4.406191
133 478 17.237157
133 547 5.336270
133 651 7.600489
133 674 17.545897
133 698 18.161244
133 722 6.237766
133 736 3.268725
133 763 18.019086
133 815 6.941273
133 832 14.443280
133 878 15.121145
134 137 1.971809
134 194 2.691018
134 557 19.956449
135 222 18.525468
135 288 18.756884
135 296 11.558712
135 521 10.351576
135 581 1.776469
136 731 2.780336
137 161 2.148169
137 175 1.916123
137 185 3.045241
137 282 4.598433
137 469 16.065371
137 492 8.964437
137 493 13.256392
137 592 15.687233
137 644 10.592044
137 706 6.725645
137 719 2.133906
137 815 13.889356
138 568 16.772641
138 625 2.707546
138 876 11.856777
139 301 7.919297
139 717 19.109505
140 163 10.539055
140 396 17.213849
141 323 7.294728
141 786 18.572995
141 825 17.830694
141 899 18.760011
142 302 7.236941
142 570 6.781503
143 270 9.206000
145 232 12.862871
146 182 14.670037
146 370 18.675073
146 384 13.239772
146 426 10.868266
146 538 13.075394
147 202 6.468455
147 234 17.787979
147 529 15.646057
147 783 18.098069
147 896 14.946724
148 326 13.755731
148 564 11.789836
148 645 13.678758
148 733 17.643990
149 153 9.334910
149 157 11.046890
149 171 5.919958
149 278 17.247984
149 280 7.142087
149 299 18.766350
149 726 2.171694
150 201 8.897440
150 331 3.479607
150 417 16.684997
150 682 3.801253
151 355 6.394777
153 180 13.872207
153 262 4.876336
153 463 12.396160
154 330 15.618035
154 407 3.638975
155 388 18.916302
155 527 17.521840
155 541 19.650174
156 183 4.931158
156 208 12.057942
156 316 4.832348
156 349 3.547398
156 370 9.157914
156 465 19.115311
157 284 13.531983
157 407 6.796953
157 414 3.605986
157 577 17.409930
158 199 14.681392
158 203 17.452988
158 650 13.008288
158 866 7.881130
159 324 3.827295
159 708 5.493212
160 227 2.843597
161 436 6.782975
162 256 4.776988
162 455 2.850042
162 473 18.032411
163 500 19.123041
164 250 7.235390
164 348 16.305993
164 688 10.915274
165 265 16.407487
165 339 15.425184
166 200 6.440853
166 291 11.057095
167 185 2.274885
167 208 8.482101
167 260 12.649368
167 322 7.203684
167 785 10.940517
168 246 5.858374
168 249 18.078410
168 501 7.885761
168 733 15.423856
169 349 1.227367
169 375 11.951840
170 483 8.464230
170 775 11.403565
171 203 1.618966
171 276 12.878608
171 515 19.457429
171 798 12.516739
172 240 9.615547
172 317 4.195594
174 608 16.603273
174 830 17.120651
174 872 11.742469
175 435 4.526793
175 740 17.992702
177 313 11.533475
177 551 10.207584
177 578 19.378873
177 580 15.338922
177 613 12.736353
178 227 2.241065
178 864 13.133564
179 698 1.465636
180 273 3.447837
180 311 1.607187
182 451 5.490515
182 789 9.514185
184 255 16.292689
184 274 5.067307
184 304 19.888740
184 775 7.502842
184 811 4.448714
185 360 19.443287
185 443 10.129144
185 446 6.204041
185 471 13.259354
185 502 12.784618
185 516 11.399962
185 522 10.592667
187 393 13.796431
188 695 10.056494
189 243 17.644086
189 353 12.137375
191 197 8.138393
191 236 4.817604
191 292 7.499696
191 373 5.043648
191 445 6.653650
192 589 9.517766
193 201 8.713467
193 667 3.755922
194 453 8.592873
194 545 6.944705
196 425 8.276304
197 205 16.770846
197 289 9.526998
197 392 17.851128
197 452 10.019965
197 799 17.719680
197 822 17.618750
197 863 1.917767
197 869 3.658180
197 899 1.439102
199 272 9.275087
199 540 6.968029
200 350 1.038398
200 531 10.208545
201 329 18.988485
201 338 9.955203
201 400 6.351876
201 440 15.683993
202 216 7.757606
202 309 7.491448
202 366 9.147674
202 474 19.491571
203 231 4.916768
203 273 4.152975
203 312 19.041363
203 739 4.949608
204 344 1.118536
204 352 12.116318
205 285 8.001987
205 767 12.475891
205 845 19.957661
206 218 2.920116
206 460 12.394542
206 605 10.924841
206 881 7.760755
207 361 2.297933
207 753 9.726552
207 810 2.514022
208 413 2.133443
208 556 7.275171
208 587 16.288878
209 334 16.870829
209 388 5.975728
209 593 19.412752
209 780 6.753034
209 881 16.244843
210 352 15.005147
210 529 13.017927
210 725 9.549685
211 223 11.715990
211 399 4.026621
213 320 2.891602
213 336 6.620897
214 277 17.132043
214 478 18.245676
215 566 8.124305
215 873 16.534660
217 490 11.012807
217 680 3.857492
217 760 6.572217
219 262 9.527116
219 425 4.561880
219 520 12.968225
219 662 19.507547
219 783 11.302994
220 579 11.773675
220 618 4.650339
220 652 17.344305
221 294 5.693900
221 470 14.061099
221 842 2.914815
221 869 17.656800
223 416 9.154075
224 259 3.257435
224 390 6.964799
225 834 17.746200
226 372 17.620304
227 300 16.510968
228 311 15.163042
229 289 5.877580
230 809 8.005565
231 310 18.241508
231 464 17.552429
231 465 8.563567
233 341 13.325003
233 362 7.836029
233 598 1.343541
234 327 18.438885
234 512 2.681576
234 598 11.773288
234 707 10.541434
234 779 3.094582
235 320 2.043644
235 671 1.926894
235 726 8.984711
235 855 8.647696
236 564 11.880934
236 613 4.462842
237 386 10.026735
237 487 14.531503
237 839 7.182275
238 402 7.928330
239 536 16.256498
239 649 4.550169
240 430 13.486076
240 510 2.811876
240 636 5.999768
241 445 16.821037
241 480 13.846279
242 278 4.518119
242 389 8.416679
242 793 19.431835
243 332 18.379243
243 383 15.447826
243 666 17.396395
243 888 1.944279
244 834 12.303023
245 291 3.159811
245 874 3.204471
246 411 8.679899
247 422 7.661707
247 486 2.854861
247 619 3.200510
247 734 14.568648
248 520 17.771693
249 485 10.736225
249 676 5.501090
249 718 11.018499
250 369 17.068185
250 387 18.954506
250 543 2.157953
251 255 8.584015
251 442 3.093390
251 780 9.119575
253 528 10.866456
253 627 16.312840
254 335 4.051301
254 888 10.666885
255 287 10.041511
255 313 16.248110
255 683 19.643648
256 271 6.238583
256 279 6.320539
256 288 6.769475
256 315 7.637511
256 746 7.556989
258 260 6.068003
258 367 6.784842
259 756 15.763270
260 510 8.075495
261 870 3.650551
262 487 3.586767
262 632 4.113494
262 765 16.482765
263 622 4.444231
264 339 14.578494
264 625 10.285953
265 424 2.921452
266 523 12.789675
268 492 10.422611
270 836 13.354864
272 882 9.339532
273 294 18.579833
273 773 18.862691
273 840 15.214014
275 328 12.313396
275 494 7.358534
275 695 16.181352
276 544 5.128224
278 467 4.735978
279 366 6.322444
279 400 5.560486
279 642 8.473588
280 560 3.127724
282 378 10.852643
282 860 16.798103
282 883 5.320334
283 586 7.627862
284 591 19.709255
285 333 11.822642
285 475 10.245681
285 633 8.854663
287 473 10.080864
287 885 18.580897
288 681 4.542801
289 461 12.171700
289 497 14.778557
289 530 14.311031
291 380 4.096247
291 395 14.884452
291 561 19.292511
291 750 10.344635
292 467 8.518180
293 461 19.749713
294 312 15.252178
294 546 15.916920
294 619 3.947086
298 502 4.922242
298 519 17.774004
298 581 7.296132
298 604 8.739013
299 371 3.732543
299 567 8.547096
300 522 8.230039
301 457 1.393936
301 583 11.145428
301 730 18.809418
301 748 8.363264
302 403 11.793851
302 852 13.169773
302 875 5.660105
303 607 1.107857
303 686 16.526067
303 830 15.051475
305 381 13.098441
305 472 18.484693
305 850 15.482338
307 543 6.881369
307 572 5.733871
307 797 11.857450
310 447 1.104520
310 681 5.428394
312 314 2.582876
313 321 14.778850
313 450 18.960107
314 494 5.338477
314 845 14.579973
315 359 6.445667
317 344 4.530368
317 638 7.460014
318 626 1.488151
318 697 15.840918
321 562 12.841300
321 609 11.649399
321 641 16.915170
322 679 7.510992
322 724 16.064177
323 404 15.113759
325 405 11.166067
326 358 10.411914
326 455 11.614635
326 640 13.540773
328 342 2.006895
328 383 5.414665
328 575 17.317881
328 771 14.507574
328 795 18.659145
329 357 19.079507
329 504 2.313307
329 631 3.118439
329 741 10.883319
329 843 11.798757
330 762 7.231106
331 511 14.574662
331 829 12.402117
332 817 4.447693
332 819 4.454068
333 621 15.906522
335 398 18.892474
335 438 14.795538
335 823 6.595711
336 365 1.144947
336 599 11.968194
336 787 11.767638
337 649 14.528283
338 673 10.743208
339 549 19.612816
339 554 4.157707
341 606 13.502009
342 588 3.951087
344 628 1.183945
344 732 19.018481
344 858 5.641722
346 454 2.551196
346 476 17.368214
346 539 4.495710
346 559 13.503156
346 760 12.651753
347 380 7.533518
347 424 2.480418
347 435 19.877953
347 560 1.023639
347 580 14.644235
347 687 8.830244
347 818 13.448125
348 403 11.372214
349 493 15.815212
349 603 1.109043
350 700 7.917663
350 728 1.901914
351 406 6.715961
351 894 18.375371
352 865 18.421545
353 415 10.189711
354 358 9.813804
354 606 19.717819
354 617 8.077222
354 754 8.027094
355 508 16.255354
356 405 11.051084
356 634 3.077455
356 771 8.716719
357 367 2.633131
357 628 10.554643
357 676 1.413408
358 701 8.941015
359 468 3.216664
359 585 1.036886
360 368 14.431394
360 466 4.556575
360 703 4.227924
361 442 2.403977
363 395 15.440440
363 525 11.307361
363 568 15.413542
363 657 4.907628
364 751 2.102768
364 868 13.389488
367 462 13.399258
367 630 8.994408
367 778 1.845251
367 788 16.790960
368 439 13.721228
368 549 12.789781
368 585 7.857814
368 599 12.838515
368 770 11.744980
369 567 16.287538
370 822 8.193232
373 548 14.165619
373 826 1.291795
374 498 16.136448
376 391 5.199229
376 415 15.666722
378 712 10.840383
378 801 18.695403
379 827 16.944866
381 408 19.996482
381 450 10.627525
381 852 14.116400
384 449 6.368726
385 488 11.607040
385 755 6.534218
386 805 16.101196
387 531 16.668893
388 679 9.990663
389 727 1.888671
392 712 3.638447
392 849 19.547087
392 875 19.208759
393 601 17.553134
394 670 16.938812
395 488 19.792184
396 447 11.021020
396 503 15.253574
397 474 4.834942
399 410 10.774914
399 545 2.652402
399 704 3.581507
400 490 3.971677
400 842 4.404182
401 420 19.922267
401 515 3.196655
405 664 15.203937
406 436 9.233671
408 721 16.805604
409 596 11.099170
410 865 12.404769
412 641 15.419544
412 856 11.629112
413 836 16.467656
413 853 19.967336
415 620 15.211773
416 759 18.426582
417 509 7.815984
418 421 14.082743
418 476 14.980609
418 508 1.150173
418 892 16.107152
419 633 3.694415
419 713 13.844870
420 552 15.600423
422 451 15.330986
423 812 14.633231
424 749 7.965965
424 849 17.307347
427 536 6.530408
427 570 2.938708
428 709 18.306894
428 861 10.386186
428 886 7.459378
429 518 1.677791
431 481 2.406700
431 612 7.993848
431 819 4.688602
433 505 15.820260
433 518 11.552221
433 747 2.910812
435 610 11.434470
436 746 5.813565
438 479 7.897329
438 514 15.101702
441 678 5.370088
442 504 4.789784
443 740 9.542299
446 789 9.475387
453 544 19.706763
455 595 5.288806
456 558 3.489932
456 631 10.076928
456 642 4.979899
458 668 15.457457
458 835 7.508190
459 706 17.061316
459 772 2.714182
461 860 6.333848
464 538 11.560167
464 880 17.765612
467 550 18.295516
467 578 15.745183
467 612 13.059412
467 669 18.042074
468 885 10.986601
470 481 1.979524
470 684 13.480956
472 729 12.009010
473 654 8.102124
473 735 12.744836
474 636 1.920039
475 889 7.383289
476 499 5.478551
476 873 15.594811
477 810 1.327023
478 658 10.145778
478 659 9.866871
482 639 4.904804
485 757 17.163252
486 702 1.376661
488 635 8.574636
492 890 12.578966
495 497 2.784603
497 550 7.084206
497 588 13.441061
500 530 11.373791
500 816 8.928462
501 540 19.932336
501 767 1.772508
502 573 7.639624
502 696 17.297950
502 898 7.570944
503 671 17.306046
504 577 17.739926
504 584 14.185903
504 804 18.215743
504 816 12.126838
505 533 10.265663
506 794 9.228318
507 537 15.663722
507 705 14.971601
509 605 12.275084
511 837 17.489199
513 516 5.153139
515 790 15.342347
518 562 5.553820
518 656 12.709255
518 762 4.579440
520 593 16.403103
520 662 2.512726
520 691 10.869661
521 611 19.831030
521 855 18.067147
522 887 4.189236
523 744 6.260428
523 748 10.404299
525 607 2.350661
527 741 13.124172
528 553 8.127588
528 659 15.002688
528 814 19.825155
531 591 10.941279
531 697 6.678196
531 768 10.794529
532 601 16.174757
533 575 18.694935
533 766 12.246588
534 604 18.587416
534 709 17.788357
535 602 1.754865
536 693 2.939053
540 590 11.327022
540 743 1.789730
543 814 12.959338
546 563 5.755263
546 573 16.971459
550 665 19.355005
551 716 6.212588
551 732 7.652095
551 877 1.955869
555 813 16.551477
557 572 4.830811
562 703 3.815580
563 847 16.513036
566 637 1.191093
568 716 19.667574
568 808 9.566441
570 721 2.028298
572 800 1.191413
575 715 10.650967
576 840 13.925127
582 643 19.720835
584 850 1.765597
584 895 8.353401
585 800 18.461499
587 719 14.146442
588 812 1.088621
589 592 14.200513
589 774 10.246577
590 717 16.863110
592 685 9.665943
594 660 2.029966
594 752 6.235212
595 626 11.472085
598 663 7.476246
604 615 5.503068
605 890 4.017085
607 752 7.925461
608 738 8.681594
609 667 8.035928
610 623 3.391419
610 809 16.675241
613 804 19.151128
618 776 7.269930
619 791 8.561468
622 828 7.722292
625 646 15.827878
625 674 18.739806
625 871 6.801067
625 897 16.773364
626 644 5.428110
626 871 7.642062
627 802 6.366798
629 753 2.494757
634 848 6.907096
639 704 11.763812
640 647 1.168842
640 657 5.787899
640 824 2.876500
642 655 6.209479
642 734 1.965285
644 823 7.882772
645 808 1.929727
647 745 4.475080
648 666 11.615738
653 684 6.816140
662 665 13.869473
663 807 15.114859
668 880 10.516812
673 707 1.379041
674 693 5.728921
676 796 12.584069
683 747 16.656153
684 794 15.578178
689 896 1.484974
691 778 17.224202
692 738 13.301788
693 730 19.223086
694 844 15.142847
700 744 5.669113
701 714 7.240686
707 766 16.832961
716 847 19.903473
717 879 16.147666
719 807 18.042248
720 892 8.569084
724 874 6.111042
736 851 16.016144
738 831 1.201924
743 750 7.550151
743 796 16.764176
743 844 12.253858
744 811 18.126664
751 754 3.088458
755 797 18.719242
759 825 11.335496
761 884 18.317216
770 877 3.777009
772 788 6.060221
773 835 16.882014
774 803 6.491711
778 841 1.137722
780 891 12.633111
785 857 17.289520
787 833 1.329955
791 838 6.438754
794 848 6.607329
796 862 12.155178
803 864 10.791876
817 837 6.320131
817 843 11.018609
819 878 8.502733
829 879 14.255008
852 882 2.532394
24.866342 8.979781 20.629438 16.357264 22.769699 16.902888 5.285352 21.790475 9.856621 7.350508 24.192561 6.540733 12.062012 11.735700 10.521464 7.830808 15.661034 17.767059 23.314606 24.802198 7.252370 11.163349 10.367124 16.461350 16.485146 14.307357 20.850805 12.012131 7.903145 20.318656 15.732081 15.278530 10.991516 19.726707 21.165941 8.148850 5.186361 9.752203 23.406230 6.352312 13.540150 22.671968 6.017691 21.763724 19.484399 16.078149 10.301273 19.976207 20.502749 19.314567 15.694878 10.830087 7.827552 8.247073 23.329598 7.517422 11.637296 13.179325 7.502114 7.659567 22.116314 22.467699 21.718502 17.077457 11.316312 17.908070 23.277466 21.285770 9.041795 10.384346 8.839221 10.985189 6.030075 12.937453 18.970213 5.209800 18.560302 16.350386 13.020314 15.171089 10.393762 9.124918 18.663882 20.162267 16.732248 13.922422 15.816933 9.155496 24.539124 7.758606 17.098049 24.407013 13.954709 13.514629 21.267543 8.062281 9.071238 21.886300 7.671861 18.413507 18.147891 23.920785 14.807536 9.309182 16.211222 19.735966 19.153358 19.839872 19.848182 20.543568 16.572244 18.819680 12.306809 8.943036 15.175041 10.806929 19.914166 7.122482 11.145999 15.275628 9.654583 23.184331 8.149874 11.542431 23.534485 14.437512 8.223445 9.473634 19.210391 14.909368 13.478887 22.958683 22.212299 16.536243 20.673246 5.521403 16.423380 14.009070 9.853433 9.207138 19.474059 13.522026 5.116623 8.086727 22.997709 20.393867 9.857033 6.033603 16.585594 14.963177 12.377244 10.592568 7.471891 18.212627 8.760636 21.270581 8.144712 17.091527 6.195972 23.380384 20.745824 20.553409 17.205701 9.503115 21.950122 13.229654 8.224542 14.781275 7.087444 13.988580 17.142663 24.172426 15.184717 6.800215 8.181876 5.140979 11.177599 14.480242 12.024312 19.760842 7.847362 15.232127 21.193056 13.831514 14.958223 24.107926 14.117467 15.152683 24.858199 13.154445 12.531604 12.498884 12.577781 19.299423 6.222445 11.942045 8.281746 5.650142 24.997773 24.349171 9.377072 15.620931 20.432963 17.845344 10.982989 24.665889 11.898626 13.725607 12.752992 20.645146 19.083259 16.273981 9.948454 16.526170 24.324891 21.041696 24.032994 7.716035 24.263300 5.077808 6.650052 9.249967 20.879274 24.815580 22.757800 17.385909 17.337155 9.649014 18.923592 19.931437 15.546110 12.886861 12.014037 9.023095 19.116651 16.769183 24.815695 11.147236 12.323104 18.150670 6.328295 17.665443 24.027722 24.156435 8.591474 9.527516 18.141906 19.455002 23.716440 23.092988 18.403850 16.624953 22.400741 24.671933 16.875935 15.612640 21.819753 8.431698 16.939064 8.929938 19.283937 9.090379 15.533819 24.944996 18.877346 7.335386 8.793768 24.846445 23.077927 17.150160 12.204693 18.160889 6.793138 17.730303 16.745339 16.561917 17.293303 6.590589 12.088280 9.239649 9.252316 12.742312 13.153508 17.064895 15.730587 20.816507 11.864604 13.436653 23.208423 15.009728 17.881428 15.492924 17.818606 7.428864 13.849439 14.154233 11.986874 9.276646 20.100330 24.604238 13.137991 8.010471 18.499718 24.828372 24.991102 17.832061 18.724492 17.159147 15.773687 24.237057 18.993704 7.793138 9.504541 24.458268 16.107450 24.864129 15.256017 23.141955 8.576564 9.531055 5.825955 23.110070 5.296533 8.937375 15.439133 23.414536 24.551131 7.046886 20.764587 16.866451 23.917284 14.338700 14.232260 16.677396 24.543371 15.890588 17.787517 12.596692 15.066066 10.406309 14.315444 13.261345 23.402251 18.215920 20.657528 6.186833 17.808007 24.267880 8.004641 7.922524 22.820518 23.975883 19.983176 19.547546 18.536745 24.349406 6.509140 9.787408 19.719682 6.190982 10.924213 18.948042 21.579695 24.679048 14.633475 7.140020 23.948232 23.753598 22.631619 13.653300 21.989976 17.322269 15.490642 11.189403 8.760934 24.461202 21.008262 12.346950 23.540750 11.956413 18.101482 19.916966 6.481318 24.758876 23.029746 11.775620 8.065948 20.646387 19.269116 16.327982 8.724438 11.727703 9.426250 19.205619 21.578284 7.412954 10.935540 13.519904 8.364443 18.717381 12.516045 21.633640 23.347914 14.127512 5.822048 24.505215 11.744745 24.938198 19.928753 18.989022 23.321873 15.223025 19.222041 18.971697 10.779690 24.496355 6.122008 9.565456 14.870557 18.455057 14.125191 21.113870 18.012376 6.162476 5.885073 16.313152 19.161286 21.656195 9.048959 8.354088 12.735737 15.426646 14.934259 14.499275 21.666990 21.515152 5.608461 5.099588 14.645696 20.447774 7.032273 17.676732 18.858939 18.865962 21.324921 8.226188 21.673976 19.071341 23.024624 8.659391 17.246320 12.568460 13.578684 24.751456 9.178027 24.489551 7.840053 7.972854 16.737395 13.722630 21.895708 15.773222 23.281270 14.298943 22.216615 21.817342 12.600944 22.315524 18.886661 5.211087 15.094460 5.278034 6.136287 11.628660 8.499193 16.168072 22.977850 7.766256 15.746142 14.473009 6.392014 18.188496 16.425059 19.236650 10.782660 10.910085 14.148128 14.983560 18.253186 17.127107 11.181537 18.609593 14.605824 6.429160 16.540805 16.175403 15.706103 9.596508 5.458125 7.064478 10.324259 23.728709 20.269060 8.049685 20.451394 7.976403 8.891054 9.789513 14.565567 12.942711 7.265004 18.257553 7.713182 9.260755 11.495478 10.290536 24.015099 9.876754 11.616126 7.448853 23.881180 8.249153 17.679084 19.575708 6.578053 18.764502 15.833956 19.541780 19.524787 14.354338 21.416577 7.433222 21.760780 18.114338 15.181191 8.109866 15.354282 9.488209 21.161879 15.161397 18.755751 23.828288 23.333686 17.921081 21.352194 14.619296 15.506797 23.781696 5.600958 12.428605 13.752026 7.907171 9.631420 17.602841 23.360547 15.476403 12.159216 5.679628 24.155887 24.264967 5.400737 14.517181 23.249227 24.777293 20.735234 6.267741 15.666866 17.987530 8.406647 5.356619 19.607697 7.160009 13.666548 19.399032 23.261365 17.718739 10.775585 15.384309 14.144810 5.508231 23.258284 17.880862 8.941773 7.947134 17.379898 7.904509 23.494133 5.297089 23.289570 24.766014 20.785176 5.006387 6.567564 13.571592 19.877089 9.477975 20.319450 15.655952 18.927166 22.249992 20.720349 20.715969 9.756114 18.213855 23.967648 6.477846 6.592131 18.748977 21.548519 8.576612 24.651502 24.668854 7.558714 10.509366 10.184510 13.989432 12.225815 21.090974 17.985245 7.257502 21.334491 10.017625 15.424226 20.155236 20.431931 10.959693 8.818592 17.293622 7.155675 14.273018 7.506323 5.826249 15.428008 18.649287 22.986949 15.805615 5.006945 24.582854 22.388738 20.100271 14.164209 9.462582 6.678941 21.163858 10.500009 19.015355 23.000494 15.305023 8.858704 21.227492 11.023635 23.944066 9.434884 14.760471 9.262542 17.089810 20.047400 18.262431 13.026586 17.907353 21.148131 9.392954 21.992656 9.821598 23.819538 19.524636 6.043690 14.800882 17.217439 24.725797 9.704614 5.366063 23.178763 7.607600 14.639928 8.609710 20.385466 22.154182 17.209122 10.294875 9.405540 20.116758 9.243998 24.671673 21.210313 12.850213 16.299148 6.435540 17.980765 19.020306 17.354337 17.747269 5.321477 14.282970 7.865156 12.202116 9.349534 12.703005 14.844945 7.418410 19.623140 17.839684 23.812136 19.134517 7.842517 5.744485 8.169373 11.987814 17.587416 18.720043 24.272811 8.357102 7.831366 5.494204 11.617291 16.288649 7.406615 21.614289 22.158818 24.942249 18.032549 14.105871 11.178886 18.306364 8.900992 8.292967 10.872887 16.105909 7.476912 8.981173 22.611664 12.026162 14.128949 14.039989 6.643724 14.776244 19.411324 14.490237 8.769006 16.865946 23.034750 8.189054 5.978711 19.090286 22.801009 18.676743 22.836514 16.834450 24.891734 19.030729 23.650812 18.701123 5.896771 16.259774 23.026224 8.861240 10.650971 13.211378 24.180808 24.368195 16.243263 23.431597 11.047609 16.310456 15.563997 10.732313 20.441653 11.419461 23.709135 17.702590 5.996295 9.976412 14.644464 11.961355 17.632749 18.567197 19.807580 20.042922 13.400665 21.958097 9.310877 19.339608 6.992851 21.378786 9.675504 11.186019 15.968713 9.740558 16.387552 8.232017 5.506942 18.390602 9.296534 5.177862 17.594133 14.981021 10.263732 19.110943 9.995536 6.395624 18.165664 10.833023 7.068097 8.222552 12.951014 7.367415 13.847923 21.689599 12.235033 10.845450 6.015198 16.591922 9.910650 21.787310 24.180647 5.374663 19.336179 16.790078 9.118283 9.672749 10.075652 21.419580 13.762205 6.766723 17.653833 7.313897 23.215202 13.636500 5.890618 12.233277 20.303426 19.509591 16.420507 16.599954 10.464286 5.633600 9.305049 24.622769 21.551190 21.642526 13.995211 17.181547 11.809571 21.092776 12.060301 8.017796 10.225804 19.270280 12.718504 23.734914 18.094554 21.362536 21.559884 20.101651 20.762883 9.404808 8.902170 10.973444 5.620317 5.822591 15.059667 13.555317 21.822926 12.794222 15.135655 21.952384 7.900549 18.410221 15.048052 12.097528 17.283864 20.463227 8.217511 13.391036 10.311535 5.288768 17.504802 8.105014 8.860419 6.279473 5.115784 18.512432 19.495393 6.672189 9.864141 22.924315 17.401096 14.579563 8.095473 16.663814 23.174980 18.593509 18.179775 7.355045 14.960292 12.014392 18.251554 22.248577 19.865285 18.884879
60
335
0 9 3.627924
0 17 1.495729
0 21 6.544283
0 32 9.916548
0 34 7.402770
0 39 4.891680
0 41 1.222534
0 49 6.335474
0 53 4.929049
0 54 5.567825
1 2 2.496477
1 12 9.303425
1 14 9.606554
1 22 8.903098
1 37 9.192257
1 40 3.029958
1 42 7.951830
1 51 6.742567
1 55 8.205276
1 56 1.493279
1 59 8.973923
2 3 7.610956
2 14 7.773568
2 15 4.872867
2 19 6.000721
2 25 5.583861
2 29 6.173601
2 41 9.989190
3 12 2.734621
3 19 8.520925
3 21 7.818227
3 28 1.442481
3 31 6.353054
3 32 2.671425
3 39 4.274161
3 50 2.059403
3 57 2.627907
3 58 3.495850
4 10 3.074647
4 13 4.495691
4 15 7.248148
4 33 2.782842
4 35 4.938903
4 40 4.109882
4 44 8.595263
4 49 6.877917
4 51 4.438010
4 53 5.740503
4 57 8.973745
5 6 1.613444
5 7 1.170181
5 11 6.179590
5 17 3.671036
5 23 7.419414
5 25 4.714963
5 30 6.108247
5 33 5.551897
5 35 4.973599
5 37 1.467456
5 49 8.951915
5 53 9.664210
5 56 7.234924
6 9 9.749516
6 22 8.092006
6 25 5.008569
6 30 5.206314
6 32 7.437897
6 34 5.428441
6 44 1.454789
6 45 4.443869
6 55 5.682194
6 57 6.773243
6 58 9.256790
7 9 6.822691
7 10 9.247496
7 22 9.527008
7 29 6.073352
7 31 4.549608
7 33 9.289418
7 37 1.334771
7 39 2.662916
7 40 3.242032
7 41 7.008041
7 42 9.890220
7 44 2.270880
7 45 4.531147
7 51 8.602434
7 57 2.813651
7 59 7.269875
8 13 3.881905
8 16 3.446926
8 17 6.755734
8 30 6.077772
8 33 7.957964
8 48 2.727640
8 58 3.852613
9 10 2.996751
9 14 5.600518
9 15 7.043134
9 16 4.106748
9 40 2.523977
9 41 6.312618
9 46 7.553253
9 48 9.991501
9 52 8.950735
9 59 8.352628
10 12 2.763309
10 15 2.831183
10 17 6.003708
10 26 7.621877
10 37 4.434590
10 46 3.824581
10 59 9.297923
11 14 9.495772
11 31 1.026371
11 33 5.182932
11 53 1.830688
12 26 1.767132
12 29 5.831455
12 36 9.885886
12 41 1.757379
12 44 4.596599
12 45 6.335761
12 50 7.639393
12 54 7.984669
12 56 6.887250
13 16 2.994404
13 32 1.784066
13 34 3.047111
13 37 5.671443
13 39 4.313372
13 40 5.865937
13 42 7.636516
13 46 1.306961
13 59 2.915609
14 21 4.352635
14 23 6.066090
14 27 4.522126
14 34 3.505580
14 46 7.582171
14 53 1.477884
14 54 2.135855
14 58 1.381332
15 16 3.919236
15 24 2.746950
15 28 7.045707
15 36 9.422299
15 37 5.119246
15 44 9.338601
15 51 1.042216
16 17 9.708430
16 19 7.960126
16 26 6.016494
16 34 1.220705
16 39 7.968646
16 41 4.329015
16 42 3.262081
16 44 8.121937
16 48 1.887195
16 57 8.105194
16 58 1.195516
17 18 9.155645
17 20 9.722327
17 28 8.557909
17 38 7.916932
17 41 5.672691
17 48 1.968841
17 50 5.257272
17 52 6.930862
17 55 4.635588
18 20 6.274465
18 21 8.065442
18 24 6.713929
18 26 9.500884
18 28 5.002789
18 31 4.213195
18 37 9.270964
18 40 5.648954
18 47 7.042561
18 49 6.459441
18 51 8.772121
18 54 6.538332
18 56 5.826388
18 58 1.393409
19 26 6.635464
19 27 3.646428
19 28 2.222025
19 29 2.287356
19 33 7.925429
19 40 1.757980
19 47 7.564870
19 53 8.029890
19 54 9.619093
19 55 5.722106
19 56 5.168885
19 58 2.311961
20 27 5.223649
20 32 9.518301
20 36 9.602725
20 54 4.669441
20 56 4.900777
20 57 3.981519
21 27 3.094861
21 30 8.696898
21 31 5.479736
21 32 8.034327
21 35 4.390005
21 41 4.536966
21 49 1.314508
21 51 5.241468
22 23 5.062586
22 31 9.389291
22 41 7.064913
22 48 4.090110
22 52 8.856669
22 54 3.289082
22 55 2.795201
22 56 9.173236
23 26 7.749366
23 36 2.191748
23 37 5.884377
23 43 6.964000
23 44 1.539237
23 47 2.886315
23 48 8.411712
23 50 3.379996
23 51 4.104262
23 56 9.771788
24 30 7.724932
24 32 1.297669
24 42 1.791785
24 44 9.816248
24 48 5.778317
24 57 6.591529
25 34 1.189622
25 41 8.422207
25 52 9.035689
25 55 9.504646
26 38 7.692896
26 45 6.493472
27 29 4.605531
27 31 6.410401
27 34 2.324656
27 58 9.554757
28 32 8.856593
28 37 2.164449
28 40 4.219254
28 43 5.454028
28 48 4.621484
28 50 2.048221
28 55 1.838636
28 57 7.658028
28 59 1.247813
29 46 3.021687
29 49 6.140566
29 51 4.667607
30 32 8.392251
30 35 1.101106
30 38 3.453923
30 40 9.197442
30 43 5.432505
30 57 2.353262
31 34 8.249276
31 39 6.348720
31 54 9.789969
31 56 1.511743
32 37 2.922542
32 42 7.986022
32 46 2.386714
32 59 1.901713
33 39 9.050009
33 47 7.424425
33 56 7.998966
34 41 3.868743
34 50 9.131425
35 43 3.019252
35 44 1.879051
35 50 1.977342
35 56 2.832808
36 41 5.479880
36 49 4.747411
36 50 4.386910
36 52 2.779391
36 53 5.942572
36 54 1.356877
36 58 5.669418
37 42 1.852430
37 51 4.160613
37 56 4.633868
37 58 7.716818
38 42 1.151678
38 54 7.471196
39 42 9.395988
39 46 9.453283
39 52 3.879697
39 54 8.733737
39 55 9.056356
40 55 7.114405
40 56 1.450867
41 43 3.764175
41 45 1.244578
41 47 4.771352
42 43 1.970305
42 44 4.906609
42 49 7.211910
42 51 2.100281
42 52 3.387899
42 54 2.443331
43 45 5.126148
43 51 5.686319
44 50 1.633503
44 57 4.117338
45 47 9.263335
45 54 7.239964
45 56 9.220967
46 49 8.836363
46 50 8.761927
46 51 3.035566
46 52 6.292093
46 53 7.496504
46 54 1.286505
46 59 5.344649
47 53 1.436195
47 54 1.114695
48 59 4.684110
49 51 8.176095
49 56 3.430662
49 59 4.543081
50 55 2.937546
51 56 2.661478
52 53 4.386974
52 55 8.445175
52 58 2.662557
53 56 5.274620
53 58 5.588997
236.841483 448.658950 315.539048 492.986971 384.558581 320.199869 440.511671 220.969720 311.002713 383.043446 354.207565 269.908729 450.850634 386.541290 355.435413 247.646824 418.125324 285.651284 223.096359 238.884350 278.478291 429.739664 442.389772 474.870919 333.810440 434.620921 260.743056 357.410987 273.587859 334.676862 243.978332 346.473756 386.725187 491.812959 370.536867 354.402905 430.493952 323.529926 398.762531 493.376316 330.977597 407.965914 472.685729 227.650277 323.466591 326.806807 435.049078 277.600285 272.168130 481.175163 243.176821 471.745794 449.692651 277.438854 385.092603 462.084126 254.308658 244.704932 446.661554 237.943888
