900
1797
0 1 18.962939
0 2 11.256603
0 3 13.460580
0 4 10.380368
0 5 15.035387
0 8 7.980170
0 14 19.789503
0 15 13.779740
0 19 14.341916
0 26 2.453974
0 27 5.230459
0 28 8.242343
0 29 14.845767
0 43 18.595199
0 52 9.883949
0 59 10.753323
0 61 12.068541
0 69 17.475201
0 72 17.672258
0 79 8.817818
0 92 16.781648
0 103 13.362442
0 105 10.914449
0 109 1.903867
0 126 14.060705
0 146 17.580820
0 153 8.275533
0 160 2.743421
0 196 7.846471
0 200 5.744844
0 209 11.095500
0 263 10.455700
0 273 11.581121
0 307 2.620799
0 324 14.532382
0 325 17.544697
0 333 7.394321
0 360 7.808235
0 389 4.196151
0 420 2.945092
0 446 4.294025
0 448 17.376346
0 469 9.819744
0 681 19.331272
0 689 5.419711
0 695 11.769824
0 754 6.605885
0 792 18.716467
0 819 8.526571
0 821 6.262196
0 869 11.337514
0 899 6.701580
1 2 6.682513
1 10 5.681697
1 15 6.212633
1 21 1.163730
1 25 12.658563
1 39 16.225689
1 49 15.491088
1 51 16.454133
1 55 2.636057
1 56 19.704466
1 58 11.183765
1 62 7.290299
1 83 10.873098
1 95 3.422240
1 116 14.172740
1 149 7.149356
1 155 19.789957
1 170 17.168184
1 179 12.369540
1 218 11.562437
1 243 12.548429
1 291 1.241123
1 346 16.930275
1 364 19.528534
1 399 11.923959
1 401 4.634166
1 421 17.728420
1 454 3.154196
1 489 18.517488
1 545 18.622597
1 645 16.870911
1 646 1.330215
1 694 14.636483
1 742 2.890097
1 753 18.991397
1 758 5.647736
1 765 4.175195
1 816 17.955460
2 3 14.048667
2 6 8.678678
2 13 4.700714
2 32 4.343784
2 77 2.780113
2 89 12.162621
2 98 10.729676
2 107 8.260025
2 124 13.284923
2 125 5.671776
2 166 18.473415
2 168 1.161645
2 308 10.689579
2 340 9.273643
2 352 12.174423
2 400 11.254880
2 432 12.315321
2 444 15.480354
2 480 8.108073
2 572 15.506363
2 697 14.007083
2 871 8.976548
3 4 14.495154
3 5 9.727281
3 6 8.059729
3 7 17.889226
3 9 6.024540
3 11 1.712652
3 16 3.339283
3 17 11.214557
3 21 14.733008
3 23 3.669342
3 47 6.068729
3 48 13.017510
3 57 3.557271
3 62 2.880975
3 63 17.038787
3 64 18.942792
3 67 9.924903
3 68 6.763382
3 81 16.676351
3 86 7.892727
3 113 15.833099
3 114 18.451092
3 116 6.271648
3 119 11.088122
3 122 5.607800
3 157 12.461842
3 169 9.697920
3 177 11.222352
3 182 10.978709
3 184 8.644588
3 193 15.866829
3 195 4.576819
3 220 5.255137
3 230 5.320047
3 237 2.757912
3 256 2.822016
3 266 5.558724
3 286 3.081938
3 306 9.387049
3 318 18.262717
3 319 19.771063
3 335 9.124485
3 377 5.710834
3 443 3.449758
3 455 3.052212
3 464 3.965669
3 490 11.088244
3 515 8.654912
3 528 17.524963
3 537 19.389806
3 548 12.421585
3 563 8.267116
3 575 3.630575
3 583 14.570516
3 585 17.447380
3 608 5.295978
3 622 11.120142
3 659 2.413165
3 671 4.080102
3 732 15.325122
3 848 18.366108
3 875 10.583409
4 14 14.337582
4 20 1.353259
4 27 7.977714
4 39 5.883796
4 64 2.517279
4 112 3.213594
4 138 19.631963
4 180 4.555710
4 216 18.598928
4 301 11.454602
4 354 13.836407
4 487 19.055565
4 553 3.955361
4 590 4.290925
4 681 19.880921
4 738 14.547425
5 8 7.520868
5 12 2.461055
5 16 7.253399
5 31 12.543476
5 85 10.144552
5 334 17.521268
5 348 6.860991
5 482 13.353262
5 643 12.000948
5 698 16.968612
5 775 8.847306
6 7 7.053247
6 9 3.331081
6 13 6.645231
6 17 6.751991
6 18 14.388853
6 26 4.740669
6 33 2.439548
6 41 14.411467
6 58 8.580146
6 63 5.442580
6 87 8.399536
6 123 1.077107
6 143 19.725491
6 205 6.578264
6 258 7.870573
6 269 10.977804
6 334 9.844403
6 364 13.844257
6 519 13.949745
6 522 2.836208
6 554 18.360701
6 556 7.691994
6 682 7.002441
6 734 14.741681
7 12 9.560988
7 22 1.004938
7 54 13.424743
7 74 18.070500
7 92 11.153264
7 137 16.074535
7 182 3.088587
7 199 18.402169
7 300 19.934310
7 465 6.225992
7 467 5.824332
7 560 4.210715
8 18 8.259488
8 24 12.853507
8 30 11.053230
8 33 16.066183
8 35 16.480548
8 37 17.954123
8 44 13.100061
8 53 6.065523
8 70 14.460573
8 76 11.457093
8 79 10.571350
8 80 13.220808
8 94 18.675293
8 126 4.070316
8 144 1.414719
8 197 2.089756
8 198 11.893174
8 238 19.227489
8 332 9.848438
8 333 15.126704
8 345 9.278964
8 373 17.037990
8 496 11.406517
8 536 6.139293
8 592 4.434978
8 605 4.097019
8 691 1.445397
8 722 3.824535
8 776 12.459351
8 790 5.350654
8 857 1.523862
8 877 5.704525
9 10 11.510572
9 45 15.120427
9 53 6.441206
9 60 17.162757
9 90 3.486902
9 128 5.380552
9 139 13.228344
9 291 2.578134
9 313 13.496193
9 371 10.386239
9 379 13.846497
9 527 6.904685
9 624 6.738632
9 749 2.472201
10 11 16.284456
10 29 2.364127
10 34 15.244254
10 41 14.890279
10 54 4.450691
10 70 5.650332
10 130 7.706535
10 245 14.200396
10 458 2.529679
10 478 17.336384
10 479 9.499651
10 491 8.521381
10 647 3.433020
10 753 13.624582
11 40 3.094850
11 56 14.982769
11 68 17.306213
11 121 7.940414
11 190 19.139605
11 510 19.796392
11 650 9.013152
12 20 3.565749
12 22 13.845535
12 69 11.718800
12 71 5.419766
12 166 11.238245
12 210 8.446163
12 213 18.231877
12 230 10.130336
12 313 7.151271
12 368 2.428589
12 448 15.488959
12 538 1.388177
12 610 4.939409
12 619 16.560813
12 854 9.329789
13 88 11.072810
13 140 7.131401
13 218 19.626666
13 457 1.673666
13 540 6.122293
14 19 6.426583
14 42 19.507380
14 74 9.949021
14 175 4.823954
14 205 6.688589
14 411 16.764962
14 428 9.504524
14 497 11.937998
14 635 14.449921
14 788 2.387069
14 860 4.715332
15 40 3.791253
15 81 18.941538
15 99 9.078487
15 118 11.464614
15 285 17.332173
15 325 10.641438
15 381 18.127323
15 432 8.390742
15 444 6.351521
15 473 8.048238
15 664 4.585790
15 793 4.988636
16 113 2.578762
16 413 2.623189
16 518 17.146100
17 36 2.935040
17 37 4.409920
17 43 15.772631
17 46 5.214182
17 82 13.984103
17 141 14.735568
17 206 18.473354
17 253 15.305549
17 257 2.016541
17 314 9.490721
17 329 10.299539
17 350 3.270139
17 361 12.670749
17 544 8.033500
17 577 9.538341
17 666 18.839610
17 709 8.676198
17 830 12.016791
17 892 12.062231
18 47 11.856316
18 91 3.710033
18 121 7.197057
18 668 15.841142
18 755 7.903340
18 868 19.588733
19 48 4.601805
19 97 17.448709
19 102 14.120698
19 118 5.415682
19 141 19.765760
19 371 4.645523
19 480 5.723184
19 639 12.494232
20 28 9.570018
20 32 18.576116
20 46 19.093401
20 104 13.026130
20 110 3.161007
20 142 15.251248
20 235 2.704856
20 254 2.344101
20 287 1.903360
20 294 7.540850
20 305 12.287038
20 317 6.561788
20 319 5.105707
20 393 19.477968
20 397 4.432716
20 416 19.360259
20 685 9.747021
20 771 1.658317
20 786 19.607812
21 25 3.013607
21 35 7.538942
21 55 4.015782
21 86 18.777286
21 96 10.385743
21 262 8.442915
21 274 16.738010
21 314 11.288372
21 336 2.643121
21 375 18.404448
21 377 1.319539
21 440 4.737762
21 463 18.451402
21 586 16.683030
21 597 7.552727
21 826 17.543630
22 23 19.872544
22 67 1.726268
22 93 6.711250
22 131 16.638567
22 162 2.591486
22 183 13.718224
22 296 12.422057
22 417 1.065205
22 663 3.539229
23 24 16.331002
23 34 16.434953
23 167 6.745518
23 229 16.929362
23 277 8.651833
23 412 13.654610
23 414 15.402505
23 468 10.481323
23 501 3.716741
23 690 16.155717
23 696 4.450362
23 746 18.085254
23 759 18.102695
24 31 18.565478
24 76 18.134423
24 82 6.955807
24 95 6.413616
24 104 7.108034
24 107 13.813419
24 135 3.094291
24 273 2.889448
24 338 19.285725
24 353 5.779042
24 403 7.527642
24 419 2.417343
24 430 12.933933
24 484 9.031547
24 522 15.475933
24 628 2.316152
24 757 1.608393
24 822 15.016994
24 856 18.518620
24 888 12.209911
25 57 1.498759
25 125 12.662516
25 153 9.267169
25 211 3.616002
25 227 1.023243
25 282 16.070946
25 340 17.381573
25 438 15.330037
25 442 15.547468
25 461 12.774485
25 496 5.925612
25 672 6.318454
25 706 11.113572
25 797 11.019254
26 105 5.955849
26 254 13.304665
26 466 7.369575
26 495 6.713036
26 742 5.747889
27 120 14.575966
27 429 19.863242
28 30 16.791742
28 129 3.880788
28 306 17.000093
29 72 13.148175
29 87 11.076836
29 98 7.468864
29 101 10.168767
29 110 3.955582
29 191 17.251787
29 232 8.655997
29 268 9.347172
29 327 4.587812
29 382 14.444766
29 500 18.650128
30 165 19.154761
30 311 11.500812
30 388 12.233293
30 502 13.614763
30 550 13.554897
31 42 6.999940
31 80 1.770205
31 139 11.271678
31 249 2.971955
31 266 1.686782
31 524 16.916732
31 750 1.316608
31 769 14.274939
31 810 19.085027
32 38 16.391338
32 49 14.380023
32 50 10.467142
32 115 1.926734
32 227 19.328581
32 292 2.377987
32 538 15.707262
32 641 10.009130
32 773 5.057298
32 839 14.849263
33 108 2.245141
33 152 19.612799
33 159 4.098138
33 201 18.044422
33 422 9.983699
34 36 15.569182
34 45 3.762196
34 148 11.897793
34 151 2.978645
34 164 15.157790
34 178 1.512347
34 236 3.968028
34 259 18.923537
34 288 13.275920
34 289 3.874577
34 298 15.737883
34 344 8.801598
34 391 7.963183
34 482 4.391312
34 508 1.954744
34 574 13.333862
34 605 14.128886
34 760 1.428040
34 819 18.018205
34 882 17.815398
34 883 15.084135
35 50 16.685764
35 558 18.765767
35 563 7.692048
36 136 14.708335
36 147 11.313453
36 367 2.504187
36 670 5.696128
37 38 14.328317
37 51 14.990363
37 91 2.922239
37 167 5.199848
37 223 10.665592
37 307 1.879600
37 342 1.838806
37 357 10.427612
37 372 9.465388
37 405 7.635488
37 498 13.045810
37 708 12.754281
37 840 17.939353
37 842 4.371944
38 151 14.864455
38 583 4.043599
39 365 10.909063
39 541 6.185837
39 614 9.296895
39 792 13.116911
40 103 15.245802
40 160 9.919213
40 204 14.496109
40 219 12.851411
40 269 18.726407
40 619 12.483127
40 692 6.213698
40 756 13.304570
41 59 1.893179
42 44 9.671436
42 93 9.077225
42 127 13.964150
42 158 19.381199
42 161 2.382432
42 194 9.965465
42 198 12.691035
42 231 16.184659
42 234 8.967485
42 261 12.028430
42 326 4.194006
42 386 14.331854
42 511 6.457207
42 539 8.897488
42 640 6.837755
42 644 2.919111
42 747 14.387791
43 60 14.321715
43 119 2.317059
43 155 16.284397
43 511 17.163743
43 599 13.071602
43 660 10.680578
44 235 6.752548
44 631 16.055870
44 798 11.725768
45 94 8.773636
45 114 8.055362
45 124 13.188995
45 202 7.203390
45 222 2.781358
45 369 2.751887
45 370 3.192926
45 646 2.261339
45 721 6.953820
45 775 6.704025
46 52 1.521239
46 66 15.144796
46 78 16.294409
46 241 8.697458
46 259 9.715503
46 289 18.986893
46 399 18.758624
46 636 5.993995
46 724 4.402350
47 102 9.825720
47 187 16.220381
47 297 11.908350
47 456 2.849970
47 500 9.053021
47 516 16.588156
48 65 11.156672
48 117 12.166296
48 398 18.096881
48 423 11.960080
48 483 2.169455
48 510 3.785991
48 607 1.776210
48 665 9.568311
48 869 9.138613
49 89 4.610035
49 271 3.668090
49 467 8.860279
49 508 3.224254
49 688 5.782332
50 108 6.884023
50 127 15.414926
50 138 7.792072
50 147 4.057778
50 296 2.928964
50 310 15.123810
50 575 13.216427
50 876 14.442338
51 61 19.823244
51 75 1.776917
51 131 3.613359
51 240 8.004304
51 642 11.233118
51 770 13.708686
52 66 14.339059
52 73 3.710837
52 84 8.072505
52 238 17.569916
52 562 13.192228
52 864 12.430484
53 65 5.891068
53 214 3.781258
53 841 2.378590
53 890 16.597696
54 129 15.984251
54 144 12.018232
55 73 1.724333
55 145 19.067535
55 154 6.379044
55 188 2.483893
55 192 3.711304
55 246 15.057437
55 287 4.820361
55 303 14.961010
55 659 13.500506
55 801 1.625224
55 851 14.186363
56 75 15.410277
56 78 10.015797
56 106 17.441140
56 111 11.162724
56 120 8.612906
56 130 5.513022
56 252 10.057840
56 267 3.412918
56 276 8.649037
56 321 3.628789
56 396 4.474548
56 639 12.285175
56 700 1.772898
56 805 14.768267
56 881 19.592625
57 275 17.754512
57 453 7.970000
57 460 19.669624
57 650 18.923600
57 680 12.476495
57 794 6.879616
58 134 4.366309
58 322 13.469517
58 342 18.612837
58 643 9.188049
59 622 2.922601
60 84 8.957654
61 449 4.176217
61 712 19.683768
61 752 4.197956
62 133 13.207328
62 156 3.255907
62 264 19.740288
62 321 2.895113
63 71 19.440540
63 99 5.534143
63 193 15.193994
63 363 8.358165
63 374 17.589710
63 411 11.042192
64 249 10.554048
64 427 6.918750
64 553 8.553980
64 595 17.290853
65 835 4.450925
66 77 9.139518
66 83 2.860362
66 328 15.913844
66 380 18.621409
66 396 19.534192
66 625 13.267951
67 115 1.603338
67 471 11.117753
67 473 8.035385
67 552 18.213369
67 662 2.897771
67 816 13.977994
67 893 19.272052
68 164 11.278507
68 531 15.135702
68 558 14.532856
68 732 4.983007
69 394 16.537986
70 173 17.648496
70 425 15.211290
70 588 7.843033
70 608 16.920752
70 661 19.035377
70 764 3.183504
71 436 18.394950
71 504 7.842157
72 168 4.328217
72 204 11.863049
72 234 4.950235
72 309 1.802958
72 355 7.646431
72 808 3.627684
73 135 17.561662
73 177 15.779385
73 256 4.239311
73 262 17.297250
73 374 6.576510
73 471 9.985800
73 475 10.629359
73 621 13.868383
73 756 13.457300
74 101 18.072727
74 221 19.485895
74 486 19.505278
74 576 18.283022
75 90 7.699274
75 97 14.055087
75 146 14.921222
75 202 16.813439
75 224 1.895783
75 248 18.333322
75 441 18.369594
75 525 1.262598
75 699 1.040125
75 830 1.110603
76 117 4.983543
76 128 6.659308
76 132 19.567388
76 134 8.157149
76 145 14.485876
76 189 8.039974
76 251 6.751098
76 252 6.465042
76 330 15.685641
76 582 19.170345
76 785 11.425848
76 834 3.136079
77 180 11.847044
77 831 11.643107
78 88 16.573532
78 369 8.398526
78 433 9.852850
78 436 5.735854
78 442 4.102275
78 845 12.091726
79 85 4.881135
79 96 1.528512
79 208 8.410249
79 217 4.382374
79 278 5.116078
79 392 8.260896
79 400 7.305057
79 455 14.291545
79 618 2.934175
79 796 14.341615
80 123 4.446463
80 143 9.751651
80 461 3.341932
80 559 10.633202
80 811 14.617824
81 137 11.931282
81 142 10.123654
81 433 16.393186
82 386 14.975377
82 401 3.004871
82 684 2.412669
83 336 15.159712
84 149 15.711356
84 176 3.219380
84 415 9.457026
84 470 8.223476
84 492 18.050432
84 501 5.057530
84 571 12.718787
84 760 7.103109
85 187 15.895303
85 309 10.704958
85 453 7.072599
85 723 10.839085
85 820 16.890841
86 684 2.432006
87 546 10.972021
87 657 15.924127
87 836 7.231407
88 109 8.201786
88 470 15.941272
89 335 9.769758
90 292 1.203177
92 106 1.794172
92 181 11.462788
92 186 1.429010
92 222 3.812478
92 243 12.262561
92 281 17.145374
92 341 14.901622
92 382 19.919608
92 550 13.174085
92 626 16.191334
92 627 14.176664
92 729 4.325090
92 736 12.102263
93 112 11.771285
93 140 19.367795
93 215 10.602843
93 329 8.203965
93 357 9.225957
93 365 3.027648
93 573 11.020953
93 581 8.570657
93 734 3.881679
94 485 3.085954
95 100 15.261208
95 122 4.279493
95 150 14.629947
95 236 13.330830
95 771 3.850890
96 195 16.155129
96 279 6.896660
96 337 9.643639
96 375 3.857284
96 423 1.910480
96 537 4.308470
97 100 4.672180
97 162 17.068718
97 169 14.135084
97 209 13.797430
97 228 12.346799
97 293 9.356945
97 366 1.771842
97 383 11.220048
97 415 5.157900
97 426 8.357668
97 454 6.482666
97 478 16.395245
97 505 9.376119
97 534 10.544602
97 549 3.799727
97 582 4.360997
97 600 6.977420
97 615 4.770733
97 626 2.825550
97 645 13.189311
97 673 14.416133
97 693 7.647591
97 727 2.759588
97 793 11.018441
97 852 19.847924
97 886 2.844707
98 194 9.605465
98 393 11.778877
99 217 8.385485
99 638 4.940498
99 751 11.254119
100 226 10.527618
100 539 8.501671
100 699 4.997830
100 842 5.304410
101 210 8.223918
101 457 9.273960
101 526 14.812802
101 618 13.223899
101 719 14.486232
102 175 19.009461
102 439 18.740214
102 456 11.488509
102 545 6.625531
102 788 8.355140
103 188 9.184870
103 379 14.354161
103 584 3.880243
105 111 12.766460
105 133 8.293907
105 179 6.030243
105 283 6.106054
105 476 9.434820
105 764 14.797766
105 783 2.901398
105 898 5.903393
106 315 6.087995
106 326 12.794203
106 499 11.321137
106 536 12.769573
106 594 12.588848
106 735 18.359049
106 757 17.410700
106 822 2.832448
107 163 11.238116
107 530 15.940899
108 174 16.461837
108 199 8.799051
108 213 3.168649
108 603 17.736414
109 351 19.683645
110 559 12.700766
112 152 16.681114
112 170 13.088704
112 280 14.425189
112 384 3.661654
112 543 9.502505
112 700 2.656289
112 719 10.574888
113 171 19.606802
113 173 5.168663
113 178 19.590227
113 224 10.332553
113 783 2.350409
113 810 9.753469
114 150 5.354741
114 331 2.757007
114 688 5.505285
115 253 5.593670
115 464 12.145710
115 535 8.481438
116 158 13.802453
116 171 12.431480
116 247 1.084749
116 527 19.052910
116 621 12.127598
117 360 5.048096
118 481 10.386518
118 814 7.229070
119 148 12.482623
119 225 2.980212
119 474 17.060389
119 778 19.578087
120 239 4.646925
120 246 9.350046
120 271 1.385036
120 398 15.343086
120 542 4.292885
120 702 16.585024
121 136 11.658165
121 165 18.162249
121 275 8.858523
121 345 16.113602
121 409 17.815610
121 785 1.216622
122 362 2.658123
122 535 6.166181
123 132 13.039944
123 159 6.024870
123 183 17.601278
123 272 4.164282
123 280 1.013128
123 347 18.337372
123 611 19.708588
123 647 15.302548
123 697 2.972276
123 715 2.584166
124 250 13.763616
124 305 15.017696
126 184 10.962948
126 197 3.939721
126 228 1.770237
126 299 11.009167
126 320 6.154242
126 782 5.858375
127 316 14.808390
127 862 6.212247
128 190 12.034803
128 407 6.348709
128 615 4.010348
129 154 2.566914
129 161 9.453148
129 206 16.891035
129 355 10.761437
129 655 10.554398
130 356 18.777587
130 506 3.257052
130 520 5.169550
130 795 11.577978
131 437 18.535037
131 780 5.619972
131 885 14.097677
132 354 17.634257
132 459 11.122240
132 702 17.328894
133 452 1.620643
133 566 2.874677
134 181 14.552834
134 311 4.285379
134 506 3.601609
134 664 19.198257
134 772 12.606598
135 304 7.403550
136 212 7.123678
136 265 13.387384
137 207 15.773229
137 652 13.961871
137 727 14.171354
137 861 2.233305
138 223 18.638766
138 295 2.209097
138 578 3.286636
139 841 14.207588
140 264 12.187640
140 459 8.190663
140 766 18.573669
141 157 13.085309
142 174 15.058018
142 740 15.267420
143 172 3.710683
143 277 15.095200
143 609 12.987006
143 717 1.577856
144 299 15.545621
145 215 17.526411
145 220 11.527144
145 330 7.220855
145 372 8.008277
145 402 4.960006
145 570 2.372528
145 662 15.204461
145 825 8.066300
148 564 16.084443
149 251 16.877609
149 530 6.412126
150 156 13.344377
150 844 7.124255
151 308 12.191522
152 286 11.490589
152 290 9.354415
152 348 5.378343
152 352 18.894869
152 616 3.052087
152 658 17.817263
152 669 13.400367
153 163 18.871457
153 192 6.266423
154 426 18.811562
154 549 14.628896
154 593 4.450242
155 751 8.860016
156 263 9.433537
156 408 5.795911
157 186 5.185087
157 189 9.352823
157 221 6.597721
157 378 15.508080
157 477 19.954994
157 568 13.042645
158 270 19.321942
158 272 1.164927
158 439 4.334463
158 678 16.197355
158 733 17.933061
159 172 14.809188
159 242 16.151917
159 726 7.155711
161 211 17.784574
161 295 14.742690
161 370 9.040222
161 395 6.157027
161 443 3.436179
161 445 1.192159
161 509 4.823834
164 260 10.138222
164 270 19.123087
164 324 17.805540
164 653 17.753266
165 298 14.224895
166 185 15.644817
166 304 5.130156
166 328 10.331594
167 176 12.702154
167 397 11.375948
167 488 4.966510
167 499 12.705758
167 823 11.346718
167 850 4.169845
168 438 6.663461
168 680 3.221548
168 795 12.107637
168 809 8.487655
169 434 3.152646
170 406 18.101410
170 613 9.662476
170 802 12.092216
171 185 11.852689
171 255 2.093604
171 451 17.137104
172 318 7.913128
172 358 17.795988
172 512 8.902426
172 641 17.188275
172 883 9.484837
173 191 4.503538
173 200 10.257070
173 219 3.006977
173 233 19.850562
173 276 5.106047
173 390 16.096844
173 484 14.238702
173 560 7.658203
173 774 15.208600
173 806 7.124293
173 882 17.296527
173 886 10.672029
173 897 18.430417
174 196 8.095959
174 380 9.333640
174 387 19.182775
175 203 16.692804
175 241 16.517516
175 385 19.864234
175 388 11.565552
176 226 19.144535
176 449 1.426600
176 569 15.718514
176 720 11.439561
176 803 18.037709
176 851 15.390589
176 873 2.789847
177 244 7.917626
177 353 3.024906
178 201 18.802167
178 212 10.434651
178 761 3.611165
178 786 19.774103
179 337 9.836397
180 248 7.590206
181 207 10.799991
181 528 6.429510
181 840 16.009670
181 892 2.318351
182 242 17.770953
182 592 18.960230
182 850 14.362106
183 327 13.169227
185 468 2.186274
186 486 15.205047
187 754 8.333262
188 341 15.967882
188 381 18.348885
188 631 4.091807
188 637 18.519174
188 790 3.243399
188 833 13.579340
189 247 3.864694
189 580 2.472739
191 229 9.163138
193 323 7.571086
195 239 18.309985
195 421 2.631694
195 633 9.033285
195 667 18.896114
197 312 19.675789
197 614 5.932986
197 661 13.824886
197 821 18.567921
198 245 9.984521
198 689 10.503322
198 780 10.343103
199 203 11.474633
199 420 5.338951
199 623 4.465230
200 237 18.658034
200 265 14.372891
200 384 18.248630
200 616 3.132574
200 668 5.480349
201 208 14.071682
201 409 8.226911
201 446 2.410849
201 472 6.985749
201 805 10.224309
202 346 19.208168
202 391 11.948344
203 638 4.148161
203 652 9.073517
204 515 4.840772
205 683 15.466181
205 739 11.024363
205 767 18.374782
205 784 4.976170
206 317 2.315278
207 216 2.019987
207 244 1.035966
207 284 8.220526
207 362 9.586413
207 469 17.485991
207 489 17.536908
207 547 6.645325
207 606 14.287006
208 406 3.235976
209 359 14.825039
210 214 1.925999
210 260 9.815875
210 472 12.475300
210 859 11.660630
211 516 2.129196
211 648 18.844904
211 891 6.673179
212 599 6.017173
212 671 4.335831
213 255 16.200965
213 476 4.918531
213 657 10.326324
214 250 5.327496
214 258 1.177767
214 267 8.021050
214 578 2.957248
214 624 16.013040
214 710 13.173281
216 232 8.422635
217 418 18.951686
217 812 2.015330
219 225 15.654154
219 240 5.630407
219 339 17.674101
220 745 6.217872
221 823 1.173410
223 653 1.886681
223 656 19.868598
223 738 15.758541
223 874 15.593306
224 231 15.667088
224 383 18.063106
224 587 2.598519
224 800 6.115845
228 294 17.393001
229 261 17.733482
229 322 1.693372
229 395 2.429768
229 418 18.916275
229 581 2.518552
229 791 6.954333
230 368 9.709133
231 233 9.509262
231 894 13.015954
232 344 6.217131
232 347 18.130060
232 737 5.916302
234 257 3.963578
234 288 4.630958
234 343 11.004614
234 349 18.677929
234 826 4.008316
235 332 7.543416
235 612 14.268179
237 701 13.770289
237 766 15.407340
238 297 18.677360
239 481 9.740171
239 521 16.419176
239 750 4.950300
239 761 4.183677
240 625 19.304027
242 413 5.137750
242 416 8.913592
242 424 3.784409
242 598 15.591553
242 651 1.995441
242 768 12.747211
242 782 7.145384
243 268 11.079640
243 351 17.562590
244 414 16.026617
244 517 7.536774
244 675 17.272530
245 363 3.692099
245 533 10.020740
245 677 10.011695
245 728 3.525838
248 312 18.293865
248 320 14.406099
248 493 12.396970
248 523 15.008534
248 630 7.907870
249 465 16.737950
250 293 13.600248
250 402 19.958503
250 637 8.629233
251 392 12.043487
251 404 12.099620
251 572 11.965643
251 620 16.420191
252 490 4.793379
252 495 4.687895
252 532 19.880382
252 594 10.225574
252 763 4.869434
253 579 11.173352
254 503 10.581037
255 747 12.085795
256 361 5.695212
256 577 14.365330
256 693 10.416648
256 743 19.605661
257 452 17.102254
257 803 9.232437
258 279 12.509678
258 331 4.107181
258 593 6.242191
258 726 2.553479
258 889 13.533317
258 899 18.183211
260 283 5.013875
260 343 10.202968
260 466 10.634138
260 485 1.174392
260 542 14.258520
260 630 13.407232
261 435 16.995743
261 450 13.153568
261 532 6.845884
261 580 5.404866
262 541 16.771262
262 718 13.768692
263 282 6.397666
264 557 3.754209
264 807 10.098180
265 274 13.083936
265 284 5.464724
265 376 5.058882
265 487 15.047441
265 853 16.396538
267 567 10.813793
267 724 17.048049
268 278 18.245941
268 617 9.637623
268 779 1.158595
268 812 19.381388
268 863 3.244294
268 872 13.462326
269 649 1.906038
271 412 4.323541
272 281 3.170820
273 303 1.752714
273 596 17.575743
273 636 9.037377
274 302 16.806251
274 584 16.054439
275 494 3.966900
276 569 19.112773
276 858 5.139820
277 300 5.554744
277 425 5.859738
278 687 1.468491
278 811 16.819955
279 316 13.760785
279 629 17.448893
280 378 3.970972
280 447 12.200021
280 752 14.859870
280 798 3.877431
281 656 18.762186
281 804 2.608968
282 290 11.895247
283 285 18.693867
283 358 16.071577
283 813 10.997323
284 447 5.267654
284 730 11.018241
285 475 15.440828
285 573 16.878923
285 586 12.076881
286 445 16.264863
286 878 10.138190
287 323 10.078744
287 419 14.221125
287 431 15.518252
287 824 2.497066
288 612 10.767292
290 301 17.079460
290 310 16.710380
290 405 18.841011
290 462 12.337176
290 547 19.119760
290 628 10.157561
291 350 9.390192
291 687 2.947305
292 302 6.654188
294 349 7.505198
295 711 16.506594
296 434 6.367026
296 497 8.842133
296 514 3.615402
296 737 18.731084
296 895 16.761502
297 832 15.914256
297 859 14.832969
297 889 9.254635
298 376 16.934774
299 831 19.172065
300 712 9.800342
303 315 11.706900
303 735 12.654887
304 561 9.489521
304 833 5.287616
305 410 16.620567
305 441 2.812586
308 533 12.231566
308 846 7.675752
310 458 11.418827
312 589 2.772653
313 607 5.350306
315 339 5.302981
317 543 17.856514
317 604 12.590239
318 672 13.050061
318 703 6.692409
318 895 11.717163
319 408 9.478517
320 367 12.427227
320 514 11.054096
320 774 9.471487
321 648 18.477676
322 587 13.550168
322 601 14.315615
323 655 6.155432
324 373 4.413074
324 704 6.942568
325 809 15.042718
326 450 17.977459
326 695 17.584111
327 417 4.155932
327 479 15.238907
327 509 9.801004
329 658 6.848954
330 366 14.852523
332 356 15.456556
332 422 18.058912
332 765 2.332627
332 884 16.635260
333 491 10.704027
334 338 10.848449
336 565 7.770950
337 430 9.950306
337 494 3.086769
337 683 9.656582
337 820 11.409658
338 359 16.066116
338 561 7.161007
338 591 2.840069
339 517 17.653106
341 529 11.608775
344 520 18.705648
344 529 17.672704
347 390 4.071715
347 846 4.958838
348 524 17.068879
348 526 12.423844
348 863 5.997335
350 679 14.948676
351 513 3.301358
352 504 18.625989
352 600 11.883074
352 692 8.187452
352 852 13.088552
353 407 15.294467
353 896 1.529050
355 711 4.100918
356 435 6.882962
357 519 19.408977
357 691 18.317916
358 424 15.501005
359 736 10.629501
359 848 1.024304
360 888 8.857293
361 429 9.617133
361 703 1.924826
362 610 5.564270
363 389 13.846797
363 690 7.133824
363 739 13.947610
364 847 4.063237
365 394 13.182261
367 403 4.123801
368 674 14.103888
369 462 16.653945
370 387 14.420158
370 876 9.105247
372 597 19.090042
372 694 9.070805
372 748 10.746879
373 404 3.470941
374 556 1.881716
375 565 15.169249
375 733 5.172895
375 847 18.371090
376 551 4.836013
376 827 13.990148
377 507 2.398557
380 602 6.514081
381 654 9.815598
381 778 11.001986
383 718 5.940711
384 385 7.072900
384 428 13.263840
384 503 18.007001
384 640 14.745390
384 722 10.447735
384 723 6.013511
385 721 16.006043
386 463 1.422382
387 817 12.760666
389 669 10.721672
391 427 13.183850
391 627 3.977158
393 493 17.664678
395 701 2.286960
395 731 13.086108
396 431 2.172096
396 864 1.651147
398 589 13.387098
398 898 9.392940
399 865 13.142007
401 642 9.129121
402 685 4.237311
402 708 16.068866
403 606 18.876649
403 762 19.691949
404 554 17.900917
404 595 11.678034
404 665 19.680976
405 796 8.745541
406 633 19.063130
406 808 11.869690
406 870 3.414923
408 512 10.559559
408 759 13.662999
409 410 12.679464
410 623 13.699760
410 879 3.444649
412 437 13.741325
413 838 8.739738
414 546 1.492066
415 725 14.227069
417 540 12.175950
417 709 13.876203
418 451 11.546653
418 678 19.175947
418 696 13.300188
418 829 7.618188
419 505 11.546448
424 440 8.065346
426 835 1.253579
429 477 2.864721
431 634 18.067650
432 557 3.631545
432 609 9.059165
433 460 16.656919
435 513 13.084908
435 525 17.459793
435 705 11.933437
435 743 19.704792
439 673 3.117094
439 713 9.279080
440 828 5.414050
441 707 17.053941
442 474 13.648110
442 521 1.760045
442 741 3.754579
444 544 1.363566
444 670 6.381757
444 875 11.794068
445 677 18.465019
445 698 3.380736
445 707 17.735417
445 865 2.176891
446 574 8.365837
448 679 6.977082
448 784 18.415701
451 488 13.429961
452 555 16.160950
452 676 16.636181
453 502 4.897614
454 713 16.778896
456 588 5.488539
456 632 2.625189
457 651 14.127225
460 492 14.100872
460 562 14.139001
460 871 2.074831
464 825 18.578042
465 632 15.867973
465 728 11.670665
465 787 19.295757
467 791 14.311031
467 828 9.681411
468 571 3.896566
469 590 3.566415
472 817 13.215487
474 551 14.129092
476 483 7.923566
477 799 13.740746
478 566 7.179050
478 596 17.455563
478 845 5.068743
479 507 14.792698
480 714 18.523254
482 585 11.477101
482 804 14.390614
482 806 8.232726
483 498 11.132740
483 629 13.229482
485 576 3.921088
485 836 11.619787
487 717 19.331434
491 855 10.457609
493 890 4.458339
496 567 3.598853
496 867 15.393615
499 776 3.144385
500 552 1.958067
502 815 17.908544
504 710 12.276270
505 666 16.454964
507 518 11.135774
507 570 1.595722
508 531 5.032869
508 568 16.073716
510 706 1.334462
511 534 17.302684
514 716 17.143903
516 523 13.369757
517 555 2.775409
518 676 8.404222
518 873 8.642279
521 611 7.651246
521 866 1.358191
524 686 12.042188
526 613 11.269730
526 843 5.063410
526 867 2.162574
529 634 2.260547
529 660 8.076056
529 802 7.391742
531 763 6.176536
533 579 12.304758
535 762 3.262782
536 601 1.975742
537 777 16.331744
537 880 3.281400
538 602 3.049120
538 667 15.932467
538 874 14.534582
540 548 11.701077
542 564 2.410046
543 814 10.372500
545 603 12.118264
545 767 15.888536
549 789 6.491257
551 598 13.869939
553 744 10.409136
557 591 7.664342
561 731 11.820307
561 749 12.304880
565 787 3.587104
566 781 16.704620
571 818 15.468816
571 878 6.611393
578 620 7.815097
578 649 1.354667
578 772 6.990812
586 887 6.787409
590 617 6.804114
590 635 11.387576
591 880 3.885876
592 794 18.949123
593 856 4.721995
594 789 14.702864
594 857 8.214178
596 644 4.041383
597 866 10.718851
598 604 10.165126
598 705 15.346508
598 725 2.986385
603 797 2.005642
606 654 8.557236
607 815 3.903551
608 843 6.198002
611 800 11.872820
615 716 7.602287
621 675 7.979911
621 686 5.217152
621 729 11.684612
622 893 13.930958
624 720 11.889089
635 663 8.378811
637 730 12.080429
637 834 7.141525
639 674 7.330570
639 832 19.928272
640 745 5.682996
644 714 5.337235
645 862 19.404902
646 748 3.511325
650 758 16.869410
652 777 14.395489
654 844 4.421253
656 740 5.184511
660 682 16.511384
675 799 14.385449
676 870 3.759824
678 849 11.711500
678 891 10.392742
680 755 6.460680
680 858 10.062879
681 877 8.437739
683 860 9.495590
684 704 15.688518
684 837 15.443443
685 781 13.577525
689 768 6.727319
697 715 7.796362
697 849 10.348438
700 818 5.668226
707 813 17.512212
708 885 10.883105
710 746 4.980277
725 829 12.076268
726 827 15.351821
728 824 4.662259
732 744 6.291869
734 801 15.288971
734 837 5.348968
734 894 5.685180
736 854 3.211670
737 779 16.878268
738 741 2.253165
738 769 2.272553
741 807 8.473903
743 839 3.729481
745 773 19.425044
748 770 16.120020
750 861 6.268903
782 868 7.055699
795 838 14.708888
797 896 2.987619
803 881 18.474026
806 853 12.507667
811 879 7.079764
821 887 13.302505
845 855 12.597677
847 872 11.130633
867 884 7.615585
887 897 4.757535
16.496330 9.148444 9.898486 20.112684 15.018856 15.036831 11.272137 22.178288 10.072069 10.892867 15.087792 9.662217 24.656071 7.632277 20.268330 20.945170 15.062553 22.070531 14.887175 23.355013 6.055728 11.949442 18.021131 18.769468 19.029861 22.994057 10.126864 5.326018 24.606661 14.280101 19.061954 5.501423 24.851125 15.480574 19.163486 17.107120 7.239581 20.908784 6.400332 14.585322 10.672135 15.995087 11.726502 7.792966 13.809294 8.831101 18.759015 15.183594 13.007640 12.021180 16.691195 5.930107 14.370379 10.371759 13.821752 9.698795 6.208597 23.025164 15.246337 10.532265 24.114324 22.418551 6.382380 8.376312 22.100103 9.145985 12.395194 19.360794 13.542956 24.039129 6.057919 17.699098 14.748508 19.189942 21.999440 15.401657 20.128306 19.936723 22.883052 17.678742 17.015710 19.187191 7.781674 17.466813 22.379360 10.985789 12.414923 22.052987 17.773868 17.299981 7.119195 15.587311 9.077425 15.816952 23.302771 20.149357 8.877314 10.886805 14.517240 17.997757 5.038025 18.366212 16.373672 10.422153 17.808988 18.178510 13.559953 5.527709 8.823863 24.849553 6.326980 20.213954 9.417146 9.275288 8.393689 19.101961 6.800323 21.194830 18.264755 5.534277 10.490345 6.620735 14.699306 19.791658 20.845799 7.262482 9.648956 18.206347 9.607903 9.900335 16.674421 12.335751 16.210199 8.099640 24.202651 8.461221 5.598221 5.352141 15.463520 7.222796 24.331226 16.177735 5.508434 18.312755 9.244581 23.353389 6.688728 22.572648 23.689757 21.638298 12.133515 15.189860 9.407575 18.677975 17.821295 14.968313 8.453979 22.770114 15.009463 16.729639 17.378979 14.844845 20.568943 17.132182 20.341692 10.848664 9.988055 11.779989 15.989432 20.896346 22.194387 10.636171 23.598393 13.259883 14.446654 19.641628 18.907322 6.777230 21.009052 6.215213 15.952468 10.633356 23.432421 13.035074 20.073950 22.390318 21.940633 16.283937 24.431118 10.092690 11.556621 13.874439 16.699621 16.810673 6.676282 15.111026 24.673784 8.982561 14.428798 11.819931 11.166306 24.927306 15.979653 5.343645 6.950868 5.835033 10.751830 7.349764 19.980625 21.017858 22.003870 7.313846 8.551063 15.235735 10.534475 7.739202 5.850433 24.903744 10.450305 9.727591 21.268366 5.426279 8.316048 11.459674 9.452578 10.802318 15.540191 16.287054 21.402850 7.543510 19.142427 21.769917 23.028906 24.928432 15.533986 14.183070 19.826083 21.703621 24.812444 10.211382 20.874075 14.500073 9.564643 24.343558 7.853559 20.390559 14.265172 17.491002 19.551401 17.706226 10.333412 12.277237 16.428403 23.161312 21.345612 16.208870 19.346821 13.012178 17.926739 9.080909 15.741519 13.040120 7.879169 19.649002 14.198575 11.922783 18.319313 24.981300 12.647696 22.044033 22.149416 7.545821 22.584622 23.108625 23.651494 21.974833 16.659041 11.855047 14.400742 16.946359 24.330117 23.447747 15.804652 6.771245 9.081706 23.906998 13.936132 19.239330 8.179032 14.539180 11.981950 11.997494 10.418233 19.375716 20.008456 11.024919 16.725629 9.701695 23.460830 5.739345 10.365524 19.404185 5.426919 17.746677 21.921176 24.017944 19.847387 24.764723 21.151055 8.524081 21.251351 5.928877 12.412108 5.878284 19.789262 24.676118 8.697948 15.923051 9.745725 22.597245 5.135171 6.637306 14.144563 13.833219 11.656787 10.347409 9.340374 19.691200 18.105998 7.076693 10.336125 18.102869 21.204004 16.962324 9.607521 23.368352 15.896721 18.992013 15.628755 21.897539 19.956709 17.289430 17.838699 14.953363 15.582755 10.638102 7.560829 15.190981 21.439827 20.989475 23.769857 6.286380 23.732509 6.280580 11.244591 22.923060 18.499136 13.384891 14.152805 8.095422 16.413369 17.063704 22.696474 22.480037 7.992687 13.497288 14.831396 22.222570 5.510744 11.893509 13.423215 15.451011 16.612419 14.767597 23.355283 18.320274 7.656072 14.732338 18.316493 14.897256 18.414737 21.765913 23.742341 24.074820 17.101963 23.139704 5.848961 23.457067 20.833086 5.413441 5.372121 15.323877 22.918651 19.145782 24.543332 22.626902 20.961404 8.528700 18.124001 22.886695 23.068870 18.131244 21.401281 14.794573 7.217105 19.192641 16.203748 8.710149 24.747278 13.842054 18.100573 16.246234 24.354124 12.357165 15.828777 7.032624 7.094849 11.494729 9.733969 14.019434 22.598418 19.398039 7.610369 11.974457 6.832291 23.522217 10.317919 9.544233 6.208836 17.859673 22.450641 24.453162 24.197745 16.057327 20.158679 15.528164 7.509528 18.597227 17.996880 8.443059 23.372931 22.833537 8.901768 22.743088 21.127915 11.855927 17.368787 18.611158 12.682781 17.707727 10.676448 15.459248 10.486561 20.667178 22.768315 12.036434 16.570487 14.600372 17.641140 6.823561 6.823782 18.524508 7.987708 11.281756 18.381143 13.007967 24.896959 10.525958 11.129274 9.387478 12.207730 6.284247 23.604348 23.409026 14.006321 15.915035 19.274523 23.147027 20.537178 8.971554 22.122634 20.926200 24.393616 9.304396 13.068359 16.078753 11.493952 18.109277 23.345505 11.770924 17.015689 20.556032 24.534454 12.876811 10.109503 11.646960 24.076943 20.041113 16.482305 12.617377 6.182427 15.625754 21.065220 13.503613 19.931370 24.252882 17.232140 17.999636 19.071207 10.434346 19.378429 24.498385 19.496870 14.822713 7.449224 24.903863 10.497903 23.492100 5.350532 8.930737 7.555227 14.634841 9.834901 19.970155 17.580724 19.706749 8.975400 17.196594 9.068626 20.011293 18.542083 15.956759 20.680935 9.032455 6.271596 15.009124 5.647900 11.544637 6.968045 5.377868 16.387856 22.153579 20.795366 24.136404 20.453301 23.493741 12.497159 14.097767 10.885173 18.935255 7.676699 5.634611 24.533741 9.268721 23.442150 17.047290 6.309804 13.495382 11.126655 22.748288 22.086760 19.303893 12.914403 22.453909 19.405701 7.623494 5.469635 19.227410 14.247149 19.388433 20.151873 6.984182 10.870729 14.081936 23.944966 22.640322 5.960729 17.057533 17.413668 18.543898 7.684204 23.415207 22.898408 20.901128 21.990433 17.182204 20.228691 19.287576 10.077285 24.951159 13.742550 24.493362 15.939095 21.217357 17.472257 15.947133 9.690953 5.742128 24.599241 6.170798 8.052618 8.362191 7.749019 15.333817 18.770762 20.905774 13.719740 17.205257 23.579261 10.423483 24.676953 8.263136 8.886554 16.854106 19.086805 9.586816 18.734442 10.523796 6.958175 12.844487 10.681651 16.190881 16.281475 7.057424 14.069824 22.812196 13.089938 16.768562 24.026592 12.613392 8.893930 19.083340 9.446278 9.526144 17.516981 21.506147 12.787405 22.642942 7.320549 8.829608 11.314167 5.251876 6.947073 14.653956 10.710263 10.374236 21.252720 23.301598 16.556868 24.773767 7.294781 22.356339 15.170295 8.617950 9.032931 21.167470 8.728098 17.142905 11.718949 23.112167 7.330464 11.904157 8.557002 22.031592 7.006237 21.363095 15.692330 15.490866 24.873613 16.864746 20.503420 14.625001 13.018011 23.566548 12.978784 9.496775 21.899546 16.566268 18.859640 5.449128 18.905179 5.061750 14.045986 21.600435 16.883096 18.141819 20.837705 5.758852 6.225117 10.940925 16.460053 10.608638 5.673796 20.602940 12.696364 7.961769 21.341393 11.897899 17.177542 16.186611 5.483528 6.782416 22.341448 10.484280 14.030946 5.670522 19.337327 7.492815 20.782622 14.894236 13.889198 23.940417 24.494923 9.269622 14.051798 19.173939 20.910590 6.027540 20.697692 5.061601 17.678156 8.155983 5.218901 15.363541 5.507426 21.402407 8.208213 15.269889 19.282061 18.155445 14.627076 6.866319 18.939365 6.387638 9.347696 7.953161 19.021877 18.518005 9.982004 15.644147 20.200241 16.897238 12.799140 23.544191 7.171159 10.817100 19.100859 15.030226 21.861409 5.550218 5.255174 21.119746 16.586637 7.005226 21.578283 15.602461 24.141118 10.962122 12.137173 15.239580 6.043021 21.739690 15.619240 18.886749 7.991465 23.366651 17.310612 13.648098 9.488117 7.729704 20.989943 12.647623 18.935263 14.999878 16.323647 15.272408 9.638399 22.781624 7.465128 19.114885 7.642298 18.444417 19.839193 16.699220 5.917032 21.251350 22.701240 5.463113 20.210045 19.266448 13.157535 17.620282 7.198064 20.957435 14.264031 23.465699 18.329312 9.473912 8.120442 5.016503 21.598031 10.459533 21.105883 21.432841 17.017433 22.268252 10.729251 13.109512 12.725476 18.046024 18.229843 24.166757 5.362727 14.360586 11.255751 13.107187 5.816155 20.758448 11.951602 5.033109 10.204124 16.898961 20.635686 12.588675 24.793872 23.328775 7.460303 7.291464 20.148818 10.983497 23.932051 7.914227 9.195199 22.191770 23.866471 21.389702 8.464352 16.092343 16.162664 21.356348 12.412970 17.208363 6.267876 10.393274 10.151867 16.249270 22.095923 13.498694 21.604774 5.836453 11.191154 14.193990 20.259282 14.341091 18.377713 20.111323 21.537525 5.899742 10.024693 20.159900 20.263894 8.178371 6.842459 17.065656 15.612266 13.764508 24.071595 6.326317 21.083566 5.316223 17.597693 18.625306 20.466830 17.077078 6.970884 24.719130 17.243713 20.752307 11.095973 23.549802 10.267211 6.275439 12.502829 10.340883 24.739152 24.806772 9.154868 16.523762 23.104681 19.995086 9.445944 9.807173 21.081365 14.318431 21.261880 8.485436 17.650859 14.875486 8.931044 19.563250
60
309
0 5 1.758161
0 9 4.648031
0 12 2.639453
0 15 9.488406
0 24 2.134633
0 32 9.806992
0 41 2.073270
0 44 1.024925
0 47 5.209876
0 50 4.436984
0 55 4.319210
1 8 3.655297
1 17 1.513055
1 25 2.574979
1 30 2.146525
1 45 1.787865
1 54 6.852962
1 57 4.803294
2 7 2.456619
2 12 7.075140
2 13 1.162262
2 16 6.196688
2 23 8.607952
2 30 2.740435
2 32 8.079129
2 37 2.814308
2 38 5.850227
2 46 9.556527
2 49 7.695659
2 50 5.055031
2 51 9.263773
2 56 9.711562
3 4 2.493463
3 23 5.548854
3 30 7.032031
3 33 1.771168
3 40 1.170045
3 43 2.613063
3 45 9.934489
4 10 7.430108
4 25 2.994493
4 26 2.151464
4 30 5.861777
4 41 9.331358
4 43 3.748829
4 45 1.855711
5 11 2.085947
5 18 3.532305
5 23 1.990054
5 28 4.778369
5 38 4.676433
5 42 6.009825
5 51 2.660310
6 16 3.179879
6 22 8.643305
6 41 7.066401
6 47 6.501232
6 54 7.617106
7 14 3.666264
7 28 3.696803
7 29 5.668163
7 37 2.998462
7 42 8.490492
7 44 4.151506
7 50 9.597737
7 53 8.807464
7 54 2.797883
8 11 8.491179
8 12 7.156116
8 14 5.363571
8 17 9.976169
8 19 9.983958
8 37 1.578664
8 39 2.064941
8 45 3.850475
8 49 4.214672
8 58 1.004640
9 10 8.696719
9 11 4.203504
9 15 6.242419
9 18 4.157306
9 26 3.876989
9 27 7.887686
9 35 8.178038
9 36 8.904882
9 38 8.870262
9 48 3.840786
9 53 7.536592
9 58 7.999800
10 28 8.103719
10 30 7.486023
10 36 3.438040
10 53 5.092833
10 55 1.547712
10 56 3.683933
11 13 9.697598
11 25 5.574246
11 32 1.255156
11 41 3.699623
11 48 3.185408
11 52 4.219511
11 54 6.972656
11 55 1.823483
12 15 3.964876
12 20 9.357335
12 22 3.686174
12 26 7.416347
12 30 2.250859
12 36 2.674287
12 58 8.314289
13 18 9.391658
13 23 3.428792
13 41 1.800540
13 44 8.534888
13 48 4.658573
13 56 9.844163
14 18 7.352128
14 21 8.759831
14 24 6.467104
14 25 6.172734
14 26 3.552259
14 30 6.149492
14 31 1.252592
14 33 5.322522
14 42 8.608453
14 47 7.908100
14 48 3.424938
14 55 6.577897
15 18 2.003667
15 28 6.927099
15 31 4.425718
15 48 5.689512
15 55 8.186642
16 20 3.691973
16 21 6.490809
16 29 3.187582
16 33 1.811492
16 35 4.838164
16 41 9.529818
16 50 9.298732
16 53 3.904870
16 54 4.633568
17 18 2.950831
17 19 3.268370
17 27 7.326123
17 31 3.154997
17 33 8.593890
17 37 4.400164
17 38 6.948304
17 39 2.550907
17 47 8.899917
17 49 5.598242
18 27 8.604521
18 33 3.845306
18 46 7.006490
18 48 5.990265
18 58 8.153186
19 20 3.463049
19 21 6.807804
19 27 5.775067
19 30 5.877209
19 32 8.962557
19 40 1.068806
19 41 9.153648
19 44 7.105098
19 45 1.097676
19 51 7.770980
20 31 1.362681
20 36 9.333422
20 43 3.812460
20 48 6.487993
20 49 5.633423
20 57 1.833544
20 58 4.257205
21 23 3.776160
21 34 9.985637
21 40 7.416705
21 42 1.739777
21 45 6.144710
21 48 5.501156
21 50 6.495818
22 42 4.241239
22 43 7.840502
22 50 6.831405
22 53 2.699145
22 57 6.564014
23 24 5.964332
23 25 3.903803
23 32 5.256001
23 33 6.140851
23 36 8.596328
23 38 8.351970
23 39 3.643096
23 47 9.409291
23 52 4.147216
24 35 4.839840
24 39 3.467922
24 54 8.059262
25 27 1.283945
25 39 9.661631
25 40 2.775595
25 52 9.898038
25 53 9.981704
25 55 7.055316
25 56 8.849764
26 28 2.994049
26 32 1.148245
26 35 2.807914
26 52 8.283193
26 53 4.849907
26 54 8.497176
26 56 6.623126
27 33 3.640163
27 36 5.859219
27 40 2.341116
27 42 4.644610
27 46 2.463281
27 50 7.431365
27 52 4.394685
28 31 6.481985
28 33 6.964328
28 36 9.825224
28 42 4.061051
28 45 2.695448
28 54 4.283928
29 33 2.609103
29 46 9.841531
29 56 9.583427
30 31 3.665917
30 33 6.981651
30 41 6.944787
30 42 9.079941
30 58 1.534319
31 36 3.444178
31 38 6.427672
31 42 9.421050
31 49 6.122817
31 51 7.294681
31 53 7.713365
31 55 4.895127
31 59 2.025217
32 36 3.501391
32 38 5.734602
32 39 4.028037
32 40 3.746859
32 42 6.941640
32 47 2.888217
32 48 9.086217
32 49 1.560372
32 52 5.214564
32 57 9.611310
32 58 8.660921
33 34 6.798068
33 38 1.685538
33 55 2.002389
33 57 1.461608
34 41 8.009764
34 50 1.297349
34 57 4.836941
34 59 4.844705
35 40 7.612156
35 42 4.555070
35 53 5.930971
36 38 2.903642
36 44 3.754135
37 50 1.209296
38 40 6.101286
38 45 4.217915
38 49 5.252814
38 50 7.265434
39 50 9.656607
39 51 9.928618
39 57 6.867730
40 51 9.014163
40 52 5.453301
41 43 1.024105
41 48 4.225521
41 52 5.332304
42 47 8.252671
42 52 2.487624
42 54 6.489568
42 59 4.635063
43 48 8.095023
43 54 6.581419
44 45 9.826037
44 50 2.221315
44 53 7.639171
44 57 3.604155
45 55 7.490348
45 58 7.176090
46 50 2.713340
46 53 3.412210
46 59 4.115230
47 49 1.191115
48 55 7.718586
48 57 2.100663
48 59 2.575958
49 58 8.832641
50 52 6.149340
52 56 5.542088
52 58 9.115343
52 59 6.075190
53 59 3.804663
54 55 6.004686
54 57 5.301635
55 56 1.804659
56 59 1.186290
57 58 1.258183
57 59 8.390940
258.189125 255.958143 439.656027 295.451691 435.085063 487.360044 492.183795 480.279715 470.983025 400.307067 404.188705 274.230441 438.435013 428.221973 435.780707 231.185666 475.456743 230.380279 418.247942 357.425983 381.096074 361.408671 238.387624 236.581810 312.475552 456.152501 445.168812 489.097203 354.291444 343.010557 402.816506 346.460685 374.158549 264.885654 426.573498 270.146207 222.306175 453.193497 241.069644 510.058210 351.369404 357.000532 503.875415 299.584105 474.687915 488.389380 356.258369 505.983609 408.758111 442.733699 227.083524 502.418205 465.544318 334.737916 226.742615 453.455760 384.611769 297.442200 228.969752 257.227279
