900
1797
0 1 12.596372
0 2 12.847381
0 5 3.566516
0 6 14.177269
0 10 13.820257
0 15 13.969174
0 27 2.407341
0 35 9.489938
0 43 8.771668
0 68 2.647518
0 75 5.224991
0 102 9.378290
0 119 15.115220
0 197 5.504179
0 211 16.765248
0 267 11.370167
0 297 15.448012
0 323 9.978564
0 370 10.484690
0 371 12.774668
0 382 18.631442
0 387 10.344439
0 405 11.044493
0 498 12.437942
0 550 15.012788
0 578 2.365156
0 610 10.798061
0 656 10.150240
0 661 18.512015
0 808 10.376625
1 2 9.898090
1 3 19.281800
1 9 9.560953
1 16 4.436804
1 19 5.121406
1 38 2.808563
1 63 1.010794
1 82 9.206968
1 88 15.615609
1 113 14.935862
1 134 1.610833
1 259 11.829675
1 341 3.931379
1 398 18.880449
1 405 4.179935
1 412 12.906145
1 420 7.198529
2 3 13.189665
2 4 8.832913
2 7 15.433218
2 14 5.382903
2 19 18.210045
2 20 10.503983
2 26 15.365770
2 30 17.144874
2 31 19.977744
2 43 5.254968
2 49 6.450956
2 50 5.758229
2 55 5.994555
2 62 12.066450
2 65 19.876928
2 70 19.815284
2 129 11.008691
2 135 13.141517
2 136 17.339440
2 140 18.725736
2 143 4.873352
2 145 11.042293
2 207 16.823904
2 210 6.760839
2 211 9.356372
2 217 19.726801
2 225 19.715887
2 242 18.216029
2 277 16.170519
2 294 6.113480
2 309 7.096151
2 316 11.398374
2 324 11.654770
2 361 10.604554
2 383 13.096735
2 397 8.758137
2 435 15.234309
2 485 7.337449
2 522 7.282863
2 534 3.417293
2 602 4.585532
2 658 17.159897
2 677 9.479364
2 783 5.329488
3 4 15.427481
3 9 11.525641
3 12 1.401964
3 26 7.010868
3 42 4.363027
3 45 13.461584
3 46 6.225590
3 64 2.233989
3 77 2.043765
3 80 12.052819
3 94 1.412746
3 214 17.127050
3 224 3.952545
3 256 12.524760
3 317 9.449073
3 321 9.414179
3 362 2.364146
3 379 16.252293
3 381 17.967997
3 451 1.209317
3 509 4.393479
3 580 18.174180
3 860 11.440379
3 871 3.850752
4 5 4.853019
4 6 13.539739
4 8 14.771520
4 10 12.389109
4 18 19.109819
4 23 10.387208
4 25 6.705166
4 36 10.067425
4 37 7.833660
4 56 5.263902
4 58 1.873302
4 66 7.692037
4 76 14.516778
4 96 1.350318
4 102 9.344392
4 103 13.236179
4 104 12.597678
4 108 15.756320
4 109 16.399875
4 115 14.522411
4 119 2.953156
4 128 10.025426
4 134 12.464713
4 144 5.665755
4 146 1.808485
4 168 5.248216
4 169 9.642994
4 174 8.864676
4 181 4.356673
4 206 16.663895
4 227 18.588047
4 255 4.825618
4 273 18.661885
4 283 1.339358
4 340 18.574287
4 363 19.086647
4 365 1.228985
4 367 15.497367
4 410 19.433830
4 493 18.212142
4 569 19.443493
4 578 11.456147
4 602 2.484967
4 630 17.145995
4 657 12.662737
4 681 12.679998
4 690 8.927819
4 692 11.864998
4 694 3.918016
4 716 15.055631
4 809 2.425329
4 829 14.865835
4 864 17.130590
5 11 9.976905
5 15 10.686777
5 34 6.932071
5 38 19.419713
5 87 14.929365
5 97 8.010783
5 131 4.321340
5 150 5.172012
5 180 9.814523
5 181 18.908800
5 201 14.948781
5 204 5.089631
5 280 17.331662
5 313 8.185810
5 331 17.182721
5 396 5.592292
5 458 12.754552
5 500 18.606739
5 614 5.899986
5 621 14.165605
5 654 19.758940
5 720 3.861367
5 742 2.679644
6 7 13.809709
6 8 7.454983
6 20 2.353645
6 21 10.030807
6 24 15.321643
6 39 6.417326
6 52 7.365891
6 54 17.068289
6 98 10.881366
6 130 17.011907
6 133 9.481400
6 154 19.106528
6 167 13.365097
6 170 3.202078
6 194 17.816767
6 195 10.296039
6 218 3.691140
6 236 3.901113
6 291 14.063145
6 557 1.900078
6 577 6.445282
6 609 3.655964
6 696 9.380471
6 700 8.872722
6 745 10.915652
6 834 6.313090
6 865 1.608828
7 12 12.673336
7 18 8.100642
7 48 13.375365
7 81 3.064672
7 99 1.261770
7 106 5.717591
7 132 9.674399
7 135 8.487368
7 187 16.395749
7 254 8.178915
7 262 11.078382
7 317 12.276796
7 358 1.414796
7 422 10.787534
7 721 7.551794
7 795 9.004322
7 862 2.905461
8 11 15.873591
8 29 18.905681
8 57 1.423108
8 140 12.426082
8 208 15.513037
8 236 6.411344
8 303 15.963556
8 362 13.014746
8 740 18.654090
9 14 19.639091
9 16 1.804576
9 36 9.453817
9 73 11.392768
9 103 3.788121
9 175 7.389431
9 187 19.765302
9 220 1.308379
9 230 9.597651
9 234 17.010438
9 309 7.154124
9 366 10.116172
9 370 19.582869
9 384 10.022660
9 432 3.487505
9 434 1.982708
9 446 18.962915
9 460 6.050379
9 469 10.577214
9 520 2.723334
9 591 9.049447
9 767 18.672005
10 13 10.545847
10 17 19.451568
10 21 5.917877
10 32 10.586360
10 35 17.331085
10 41 9.516795
10 47 6.310260
10 49 17.254032
10 64 8.407900
10 78 11.083743
10 86 19.554014
10 95 4.543183
10 96 6.726612
10 121 1.590322
10 261 8.444916
10 272 4.803485
10 453 13.920664
10 566 4.445108
10 584 13.821442
10 687 6.006033
10 713 7.749139
10 882 7.628352
11 85 14.618283
11 165 9.863676
11 226 7.864679
11 275 17.199832
11 335 11.867062
11 339 5.062786
11 402 18.101734
11 576 7.510356
11 883 1.740608
12 13 10.397404
12 22 3.354823
12 30 5.530862
12 44 15.195107
12 47 3.484284
12 67 16.331940
12 73 18.801238
12 84 12.524110
12 126 14.496825
12 127 14.558146
12 141 19.863351
12 156 7.489227
12 227 4.094274
12 257 10.864177
12 268 11.131746
12 269 4.380337
12 381 12.649079
12 407 1.268370
12 468 18.625700
12 486 6.026911
12 617 1.751644
12 625 3.056739
12 648 5.564730
12 703 6.204217
12 713 1.623390
12 727 6.307741
12 783 4.665893
12 894 8.193798
13 25 8.318187
13 32 7.441147
13 34 7.230554
13 92 2.704894
13 112 1.478894
13 141 4.840172
13 209 15.376339
13 221 19.825386
13 443 18.641997
13 481 10.580168
13 560 11.104653
13 638 6.977050
13 670 15.704849
13 685 15.530377
13 811 17.041175
14 28 18.014587
14 45 9.252636
14 54 15.570636
14 56 16.321576
14 60 6.860733
14 62 18.655603
14 100 2.792489
14 110 19.891114
14 217 15.631724
14 276 2.772147
14 293 13.468363
14 351 1.649409
14 380 15.633552
14 402 16.185236
14 458 12.445795
14 481 17.280347
14 501 2.859782
14 519 6.242553
14 553 8.869373
14 625 1.806701
14 881 9.516106
15 40 6.039056
15 83 8.461965
15 133 9.076950
15 154 17.708823
15 424 6.136478
15 525 17.981119
15 590 9.093448
15 626 7.228347
15 820 10.547729
15 853 8.937122
16 17 5.890074
16 22 10.550907
16 23 3.884233
16 24 7.686669
16 28 11.750014
16 31 8.854757
16 33 16.654335
16 173 5.877713
16 388 19.425660
16 736 15.909718
17 27 19.384267
17 74 16.924595
17 93 3.699975
17 131 11.002742
17 240 4.229592
17 294 16.546320
17 526 12.099081
17 627 6.005537
17 674 18.662380
17 758 3.188535
18 29 11.713386
18 39 14.699771
18 63 2.118122
18 138 12.359265
18 207 16.502123
18 213 2.283019
18 243 10.732616
18 267 5.912586
18 331 13.595565
18 398 3.254870
18 696 18.803977
18 787 17.999843
19 41 4.533514
19 69 7.142052
19 72 12.165065
19 159 14.643184
19 164 9.410464
19 185 3.969535
19 403 2.978878
19 444 19.995541
19 463 9.651690
19 492 17.578103
19 501 10.165144
19 552 18.524795
19 558 2.667428
19 594 3.166365
19 637 18.663012
20 33 19.002368
20 48 6.979632
20 71 7.748133
20 88 9.596554
20 357 8.907072
20 462 4.610859
20 476 18.069132
20 619 5.812844
20 707 14.400176
21 57 2.275958
21 575 1.736275
22 110 13.420879
22 483 7.441301
23 157 13.453728
23 340 2.786403
23 383 19.047176
23 425 15.221775
23 582 17.649077
24 46 3.592941
24 61 7.083058
24 74 7.998539
24 124 11.206280
24 161 6.640501
24 222 2.151984
24 277 8.008689
24 555 5.836437
24 765 8.332505
24 842 4.742231
25 44 5.976031
25 203 12.912094
25 576 8.374923
25 683 7.562284
25 755 11.144207
26 40 15.665350
26 65 8.198491
26 67 12.162870
26 143 19.357850
26 186 10.917622
26 198 18.286154
26 280 16.079780
26 368 2.115655
26 449 9.152879
26 471 14.268050
26 775 19.747526
26 882 9.709150
27 51 2.762924
27 60 11.678174
27 68 3.404712
27 72 15.278872
27 77 10.645863
27 86 14.745196
27 123 17.517875
27 137 12.950012
27 156 12.636347
27 157 15.336836
27 200 17.006645
27 237 17.512022
27 321 1.692174
27 425 11.567616
27 507 5.109117
27 549 17.346572
27 836 13.319556
28 37 8.984227
28 115 4.573980
28 184 7.441449
28 326 14.371776
28 442 4.882831
28 489 2.778076
28 581 17.872546
29 42 15.519997
29 53 4.796104
29 61 6.553919
29 82 19.469333
29 91 14.455505
29 101 12.599918
29 124 6.844941
29 153 6.683378
29 158 1.750949
29 231 14.841155
29 256 1.820329
29 346 1.092289
29 395 14.860407
29 434 19.028601
29 448 15.373558
29 561 9.961164
29 664 10.234860
29 697 9.286592
29 721 7.168230
29 764 10.912570
29 800 9.191868
29 826 12.365190
29 884 18.064282
30 142 19.905179
30 237 2.496123
30 427 8.308986
30 591 4.433418
30 592 7.690289
30 612 6.461987
30 648 4.316206
30 716 15.517445
31 377 10.429486
31 633 18.465666
31 679 1.619256
32 105 2.272582
32 111 8.662198
32 118 2.525269
32 350 5.991862
32 467 19.734565
32 759 4.970233
33 59 4.764237
33 126 11.899173
33 186 10.461968
33 241 12.028328
33 619 8.157970
33 878 16.708485
34 53 3.633030
34 155 9.139460
34 246 14.105475
34 278 17.496492
34 297 8.021861
34 413 11.787166
34 484 2.313659
34 523 4.236063
35 363 2.313625
35 376 14.829737
35 385 6.473139
35 554 14.751161
36 253 2.261567
36 496 17.388408
36 528 16.875074
37 59 2.689646
37 258 1.451374
37 264 2.069487
37 597 17.218973
37 734 5.459366
38 79 11.417193
38 189 9.098640
38 192 16.114985
39 78 10.289068
39 307 10.512556
39 330 19.792747
40 390 3.852462
42 98 16.783375
42 375 1.983245
42 616 10.075327
42 638 17.840362
42 668 13.639065
42 830 14.019078
42 891 6.003028
43 51 8.952921
43 106 7.965040
43 114 10.907421
43 121 9.782331
43 152 7.211069
43 182 6.804132
43 257 5.766205
43 296 7.935898
43 414 3.848888
43 446 17.569982
43 684 12.440268
43 762 3.541942
43 794 14.183327
44 138 17.105663
44 731 5.513178
44 771 3.861411
45 58 1.163728
45 345 1.897756
45 589 15.482776
45 702 19.756540
46 50 1.852726
46 55 15.213348
46 70 2.365381
46 79 12.250524
46 155 15.365430
46 160 7.824884
46 328 1.207760
46 334 12.308598
46 352 19.833648
46 472 5.894731
46 548 4.600334
46 618 3.354592
46 623 11.549857
46 735 12.332457
46 798 16.053146
47 93 15.308392
47 249 17.958288
47 454 16.309681
47 476 5.698075
48 188 11.561671
48 285 6.650827
48 462 7.265922
48 475 18.706943
48 610 13.956022
48 722 19.517218
48 880 8.921338
48 890 11.211314
49 52 10.255193
49 116 3.038454
49 144 5.497338
49 409 11.025091
49 450 2.280112
49 589 18.697777
49 615 3.353030
49 617 4.761634
50 151 15.541103
50 177 2.841756
50 262 18.105284
50 289 14.788318
50 293 2.303796
50 349 14.145094
50 485 13.000942
50 598 15.389639
50 650 16.735759
50 724 14.648661
51 80 12.137350
51 822 7.126803
52 260 14.248200
52 759 19.182460
52 813 12.162914
53 199 13.622553
53 368 9.305433
53 524 15.366295
53 717 19.955680
53 755 4.047397
53 798 4.845700
54 75 11.249317
54 470 10.146133
54 545 11.859826
54 795 1.932407
55 104 8.681253
55 114 12.076587
55 122 12.118636
55 123 13.489345
55 129 14.684105
55 151 13.189397
55 197 16.014620
55 235 12.870452
55 284 11.212646
55 308 12.517732
55 411 2.922674
55 448 6.189974
55 540 11.020596
55 683 17.586757
55 814 13.901980
55 848 2.717753
56 90 12.253224
56 142 5.213022
56 161 14.946315
56 179 16.721376
56 199 12.275669
56 239 12.235890
56 240 7.433237
56 266 9.478750
56 346 17.418059
56 350 14.743086
56 365 10.875320
56 531 7.996415
57 66 1.957215
57 111 3.717141
57 136 4.667479
57 163 8.094287
57 191 18.938729
57 242 10.597915
57 332 5.461963
57 718 3.009253
57 821 7.427805
58 105 16.498882
58 273 8.283513
58 327 15.677610
58 375 16.251395
58 546 3.105595
58 754 12.564535
59 84 19.222825
59 94 8.640623
59 238 1.967938
59 342 18.542751
59 393 17.789659
59 396 10.920687
59 400 11.492809
59 454 5.023081
59 810 16.569564
60 499 10.473401
61 83 1.643678
61 92 13.977284
61 107 19.059429
61 177 16.753859
61 373 6.266765
61 378 2.013177
61 465 18.866677
61 526 18.804192
61 586 11.115891
61 728 13.204031
61 807 9.789401
61 875 8.975542
62 125 3.269520
62 248 2.838305
62 733 5.421911
62 741 16.896174
62 831 3.770814
63 76 5.307274
63 228 11.423667
63 316 5.087493
63 459 4.100927
64 69 11.703009
64 71 7.993772
64 291 12.897026
64 559 18.331901
64 604 3.868869
65 108 18.355240
65 527 18.147309
65 720 16.752664
66 100 12.994432
66 339 12.782786
66 438 13.145041
66 787 14.119415
69 81 1.313162
69 176 19.203759
69 622 12.126471
69 881 15.847851
70 651 8.168355
71 176 1.235547
71 235 10.684959
71 274 10.636612
71 397 9.302796
71 828 7.454624
71 868 5.746696
72 97 11.023353
72 149 8.130285
72 190 19.428706
72 218 4.285619
72 243 7.073646
72 512 6.585249
72 546 11.322874
72 607 10.486325
72 777 13.231069
72 860 19.050034
72 896 6.419201
73 89 14.162660
73 137 1.475764
73 153 5.985381
73 171 9.810675
73 174 1.588901
73 272 12.735720
73 770 13.887902
73 833 15.187903
74 90 10.814916
74 107 12.474949
74 167 8.525240
74 312 1.783808
74 325 2.899085
74 329 13.444923
74 337 19.915551
74 392 1.300262
74 487 11.594086
74 773 15.269166
74 802 16.708722
76 91 11.358893
76 445 12.778404
76 503 14.237774
77 164 17.320359
77 179 3.323501
77 664 18.597462
78 85 1.494331
78 87 16.887795
78 127 2.458068
78 175 4.697936
78 234 1.073989
78 334 9.459877
78 366 7.352825
78 599 4.153865
78 870 9.570713
79 99 8.645047
79 118 15.585560
79 162 17.969476
79 275 13.398778
79 295 3.363797
79 304 6.612425
79 474 18.353048
79 842 2.685955
80 254 8.730261
80 369 18.907588
81 117 19.062632
81 196 8.812860
81 532 13.680541
81 819 9.678166
82 120 15.315750
82 251 1.600045
83 343 3.738986
83 522 12.669777
83 537 5.418493
84 158 13.654994
84 249 7.673236
84 493 17.846266
84 494 16.565928
84 805 10.363918
85 95 15.685007
85 846 6.151620
86 278 10.390936
86 676 4.752159
87 89 17.356837
87 252 16.638285
87 279 18.140844
87 286 17.672063
87 429 19.232329
87 507 5.338388
87 567 18.704662
87 826 11.853051
87 870 9.027407
88 120 11.647104
88 436 7.509445
89 369 6.482507
90 300 5.584972
90 311 2.566132
90 442 10.434733
90 518 17.867472
90 539 12.972887
90 572 10.898537
90 702 9.143265
90 757 9.823631
90 799 4.976270
90 892 16.635782
91 128 4.769276
91 166 14.615832
91 182 15.439715
91 416 11.922512
91 465 17.395601
91 608 6.529957
91 764 17.750727
91 774 14.858799
91 791 16.176247
91 803 13.627014
92 550 17.080517
93 423 19.868878
94 195 8.983094
94 212 16.464398
94 230 15.147015
94 247 9.604533
94 268 18.612031
94 287 8.494093
94 290 11.743852
94 341 3.012905
94 354 5.289729
94 360 16.973227
94 373 8.534502
94 395 8.487598
94 620 5.673639
94 825 10.340596
94 866 16.310522
95 130 18.008118
95 183 2.332174
95 438 11.921594
95 676 9.878194
96 101 12.671355
96 109 9.498238
96 122 8.574252
96 232 9.965734
96 244 12.057983
96 421 10.518681
96 443 9.970745
96 637 16.538871
96 693 15.167312
96 802 7.486191
96 891 16.210965
97 310 17.219363
97 513 3.916352
97 631 12.070967
97 825 6.420928
98 125 15.044274
98 244 5.536921
98 646 13.756667
99 113 5.847368
99 149 10.711732
99 150 19.024283
99 165 8.244843
99 168 17.639031
99 419 19.751947
99 760 17.622166
100 223 4.151455
100 364 16.573506
100 440 1.610839
101 205 8.472736
101 241 17.543934
101 701 14.086292
102 148 11.122068
102 224 8.369416
102 284 16.433642
102 290 14.481610
102 570 9.899701
102 643 17.957202
103 112 5.369012
103 219 4.237439
103 270 13.213272
103 466 19.467893
104 117 5.697875
105 139 5.743737
105 196 3.650478
105 205 17.350708
105 210 5.301553
105 354 10.560392
105 379 19.826577
105 391 1.230677
105 488 11.573236
105 502 10.733492
105 662 16.341500
105 823 7.750349
105 854 8.796486
106 145 4.190822
106 238 15.075489
106 794 15.909469
106 841 3.596603
107 338 8.475684
107 776 17.965195
108 471 1.051438
109 116 6.676422
109 147 11.545803
109 229 7.347783
109 323 6.168859
109 765 9.740712
110 139 4.448939
111 193 11.062880
111 376 14.427223
111 647 11.930604
111 731 2.769077
112 163 17.043764
112 189 4.324579
112 261 15.531428
112 588 7.850737
112 622 15.872466
113 178 4.919185
113 239 4.546580
113 514 10.443491
114 132 1.625784
114 172 5.280649
114 233 14.756233
114 248 16.910286
114 279 2.534922
114 305 17.759476
114 372 16.152827
114 621 17.524002
114 774 14.270143
114 898 13.808908
115 533 10.976771
116 534 13.402957
116 553 18.463084
116 640 2.909918
116 684 6.999525
116 790 2.376644
116 835 18.951298
117 152 9.460044
117 171 13.831545
117 172 16.981281
117 185 19.829005
117 288 4.073867
117 518 16.190740
117 857 17.861035
117 897 1.928632
118 183 15.327721
118 245 7.739781
118 314 13.323339
119 216 10.766916
119 360 5.935103
119 480 3.569206
120 246 3.221997
120 347 2.963134
120 372 13.118011
120 427 7.676806
121 517 5.116035
122 178 14.145817
122 364 14.050142
123 147 11.244198
123 162 18.764199
124 344 8.322870
124 441 16.881396
124 472 2.427649
124 547 15.056791
124 585 19.780501
124 606 17.085366
125 191 12.013630
125 296 12.908555
125 497 7.712501
125 595 13.910219
125 727 15.637512
126 222 19.966341
126 266 10.356795
126 450 2.164777
126 635 12.321301
126 895 3.261459
127 146 5.650536
128 166 7.246818
128 226 14.889568
128 232 4.492354
128 593 4.149306
128 647 1.854321
128 663 17.591559
128 673 14.176603
129 404 1.758983
129 749 1.537554
130 669 11.614812
131 281 6.368154
132 712 12.337801
133 201 9.257479
133 221 18.542939
133 451 6.468371
133 519 13.903762
133 555 2.027032
134 299 19.161350
134 572 19.634392
134 680 15.042418
135 219 9.839037
135 245 5.179875
135 292 16.437810
135 335 14.990728
135 352 5.217127
135 509 9.573091
135 562 9.793180
135 643 16.701800
135 649 13.993049
135 793 13.220183
136 282 13.346721
136 488 6.138932
136 500 8.062514
136 568 1.867583
136 630 15.951882
136 636 9.226966
136 655 9.326529
137 208 5.661769
137 763 4.979118
138 160 12.168617
138 298 5.418507
138 329 2.219968
138 358 15.582641
138 419 8.152919
138 491 8.224476
138 504 9.195047
138 536 16.485852
140 858 7.095901
141 215 15.402688
141 453 18.851352
141 604 13.556496
141 771 9.201941
141 880 15.208005
141 893 9.700050
142 265 8.874118
142 421 10.980380
143 148 7.036724
143 429 2.980754
143 482 8.882188
143 640 3.353281
143 729 8.798388
144 198 11.581741
144 282 18.683512
144 337 1.688224
144 408 12.807710
144 506 9.696969
144 751 1.384961
145 159 5.741415
145 579 3.251220
145 711 5.119089
146 348 6.216835
146 479 8.624820
146 618 11.051748
146 776 1.018810
147 212 4.075518
147 322 2.777761
147 544 11.443795
148 194 7.252423
148 265 11.419557
148 699 5.214643
148 712 1.460358
148 851 18.885971
148 863 3.057854
149 214 3.410316
149 250 3.784390
149 385 19.644254
150 305 12.735545
150 686 12.595509
151 169 19.747266
151 203 2.680337
151 889 19.515517
152 449 4.876250
152 877 12.838359
154 184 8.981588
154 229 8.295084
155 415 18.693623
157 173 3.835327
157 258 19.944311
157 568 8.203376
157 595 13.326723
157 641 19.390228
157 674 2.094420
157 813 18.534423
158 170 11.788416
159 180 14.383541
160 386 3.834499
160 478 11.134361
160 806 13.796761
161 216 9.668699
162 342 3.944718
162 544 5.638262
162 673 17.233463
163 202 1.654949
163 213 14.468379
163 417 19.988411
163 772 1.142177
165 247 4.059868
165 298 13.808742
165 538 2.139826
165 588 12.206010
166 318 13.996002
166 406 12.174781
166 475 7.938509
167 461 14.248364
167 479 12.291594
168 188 4.945106
168 220 11.699575
168 516 17.756237
168 689 13.669832
169 190 9.964039
169 326 7.110098
169 391 2.631838
169 394 5.647916
169 401 1.212548
169 431 19.745892
169 644 5.227163
169 690 16.482643
170 480 4.204253
170 489 6.388422
171 264 8.947269
171 274 7.163708
171 324 16.168665
171 459 19.196175
172 206 17.630595
172 410 3.917979
172 812 15.757085
173 200 3.810991
173 252 18.354241
173 301 10.839693
173 349 7.391241
173 384 3.983484
173 388 1.224373
173 413 5.710993
173 613 18.366381
173 791 16.147982
173 796 19.426080
173 855 2.914469
174 574 12.251396
174 740 5.885859
174 785 11.315892
176 645 7.088643
177 193 6.385845
177 439 11.903061
177 511 4.483045
177 563 9.913535
177 613 13.365433
178 359 3.435459
178 829 18.681291
178 844 10.608769
179 209 16.571031
179 283 13.424203
179 700 14.490018
179 818 14.606488
179 827 17.626898
180 304 12.658503
180 484 6.286126
180 603 2.890683
180 747 12.518762
180 751 2.260703
181 733 5.584576
182 318 2.153437
182 415 11.428864
182 728 4.046424
182 814 12.597739
183 225 16.026437
183 286 16.615734
183 307 6.881327
183 660 11.430136
183 738 11.697204
183 864 9.984856
184 409 13.447164
184 714 4.991655
184 817 19.605622
185 355 2.863517
187 192 16.755202
187 253 12.287824
187 336 5.652240
187 565 15.167825
187 587 2.605137
187 678 15.713939
187 682 12.209719
188 259 3.104256
188 440 2.510606
188 464 15.265890
189 215 6.565782
189 300 17.896735
189 529 15.479387
190 255 14.265615
190 308 6.293515
190 711 14.469946
191 332 19.014806
191 439 2.739637
193 853 7.197090
194 320 5.458773
194 538 8.471753
194 634 15.104320
194 775 10.010609
195 804 11.843882
196 515 6.968943
198 634 3.684496
198 671 6.071739
198 804 17.333926
199 269 12.445922
200 260 8.181785
200 302 16.008214
200 377 2.224691
201 202 5.823931
201 271 5.371960
201 769 19.721927
202 367 14.415873
203 204 12.737933
203 310 1.094714
203 577 4.501890
204 250 13.075285
204 660 8.214667
206 461 18.561327
206 607 15.529760
206 665 9.500297
206 753 15.240785
207 411 19.532682
208 319 9.758636
209 583 13.207992
210 231 18.454628
210 233 5.724819
210 281 17.844600
210 562 2.853349
210 743 13.320515
211 710 15.873925
212 348 12.677518
212 487 10.415161
213 313 12.729595
213 838 3.881610
214 285 5.095843
214 344 6.128088
214 380 12.357807
214 505 9.396120
214 782 5.645041
215 223 17.773377
215 629 8.104515
215 739 9.474603
215 744 8.784320
216 416 4.456916
216 772 14.900913
217 314 9.520707
218 251 1.308885
218 287 19.316260
218 403 16.499509
219 289 14.747628
220 228 17.512746
220 320 18.229338
220 452 7.412304
222 423 12.608215
222 600 12.567348
222 739 6.078694
223 399 5.217093
223 495 3.164238
223 763 13.526970
225 547 15.837461
227 315 15.458107
227 767 7.009232
228 784 4.899937
228 822 9.618669
229 678 11.389456
232 736 18.462655
232 821 17.621640
232 874 18.405108
233 682 17.154985
234 276 19.327043
234 333 9.844500
234 399 1.901996
234 502 2.587679
234 530 8.415247
234 600 5.896055
234 606 4.228871
234 888 19.110872
235 353 4.712972
236 535 19.228206
236 608 15.455938
237 444 13.177968
237 498 13.844360
237 666 7.298012
239 303 13.282114
239 718 4.547150
239 737 18.816403
239 815 6.734073
240 353 5.848544
241 357 14.512093
241 400 13.472526
243 646 9.574679
243 752 13.016478
243 778 4.030368
243 784 13.793238
244 263 6.141603
244 417 6.183884
244 531 4.081419
244 691 7.315166
245 288 7.293770
246 852 9.629401
248 374 4.617971
248 698 4.667143
250 322 11.293033
250 737 3.448671
251 650 14.089043
252 292 18.934995
252 319 9.109117
252 327 18.121001
252 328 2.868015
252 389 1.816195
252 517 14.706009
252 539 15.459410
252 556 17.018107
252 644 2.079536
252 889 15.761234
253 356 8.154236
253 437 6.763415
253 505 4.287455
253 615 19.924299
253 632 2.209608
253 658 16.713152
253 874 13.150394
254 301 14.966528
254 428 14.522625
254 430 17.310255
256 512 4.492049
256 663 1.015668
256 708 12.372041
256 723 7.723314
258 521 3.351959
258 708 4.536636
259 671 7.303237
260 295 2.334434
261 263 2.081351
261 430 18.404499
261 603 6.929952
261 636 19.662383
261 730 19.322973
263 418 3.708854
263 521 14.583562
263 760 12.415293
264 545 14.122294
264 656 2.827629
265 270 4.582641
265 639 2.456135
266 271 12.478550
266 435 19.745230
266 508 13.767706
266 520 14.504469
266 843 19.707116
266 862 13.882220
268 473 1.763450
268 525 17.473106
268 843 7.928888
270 330 1.082909
270 810 10.637449
271 325 18.803285
271 394 5.889283
271 699 10.338750
274 527 4.301761
274 623 2.096161
277 315 2.530354
277 653 14.813207
279 393 17.417415
279 447 3.722678
279 464 6.478053
279 564 4.705560
281 351 1.510260
281 374 11.515196
281 668 14.298521
281 722 13.309672
282 766 8.373017
283 302 11.545195
283 626 2.787887
284 560 3.931771
285 533 18.704098
287 420 15.468647
287 431 18.532043
287 580 18.416925
287 847 13.338460
288 345 18.636534
288 839 8.917378
289 299 1.068709
290 306 2.188851
290 371 3.080259
290 455 2.811716
291 786 7.682345
292 338 14.324145
293 386 16.022327
293 529 12.214052
293 672 3.782287
294 594 15.210130
295 466 7.741236
295 569 1.246874
296 347 6.331184
296 387 7.281411
296 504 6.210665
296 611 16.425533
297 433 15.438602
297 598 14.215489
298 306 3.641096
298 491 16.348844
298 515 13.866343
298 641 4.701916
298 793 13.313785
299 389 10.186721
299 887 9.347651
300 312 3.130340
300 356 10.847781
300 563 2.898704
301 869 4.120814
303 311 3.518380
303 467 19.128057
303 873 6.412429
304 412 7.748882
304 681 7.119532
304 785 18.066758
307 495 11.696352
308 741 18.464038
311 514 6.698573
315 478 3.181859
316 510 11.568151
316 715 7.565203
318 808 16.236230
320 343 17.709045
320 609 9.978897
323 645 19.455821
324 689 11.507247
327 616 6.147487
327 725 10.290535
330 401 1.708896
330 408 16.276022
331 414 2.927266
331 426 6.866221
332 333 11.741014
332 382 1.816527
333 359 2.507021
333 542 14.226211
333 724 2.363765
334 336 10.064574
334 378 7.435217
334 861 5.333509
335 566 4.586799
335 653 15.504815
337 361 19.079302
337 390 3.663415
337 494 19.233943
337 688 12.300488
338 407 13.191548
338 496 14.488601
339 433 14.378259
339 899 16.576411
343 601 10.185904
344 428 11.133813
344 523 7.152713
345 844 2.999894
346 422 13.628164
346 543 1.638589
346 657 6.237066
346 780 2.790367
346 792 4.623816
348 460 13.135887
348 543 12.941056
348 680 9.000043
348 748 2.713268
348 756 9.234104
351 355 7.702153
351 490 14.688724
351 742 12.001506
354 747 10.339750
354 898 10.252660
355 463 19.359641
355 573 15.369590
355 585 10.442612
355 877 10.105230
356 470 1.503103
358 437 18.907676
360 885 7.064305
361 447 5.862843
361 552 19.988770
361 599 14.655104
361 732 1.899912
362 473 2.175824
362 746 1.484530
365 426 12.392759
365 432 2.359726
365 455 18.734379
365 587 18.801224
366 586 11.375027
366 679 12.716140
368 590 6.545994
374 779 2.215478
377 858 15.011748
378 835 2.933934
380 474 2.625595
380 551 6.913239
380 558 1.236848
380 649 9.246677
380 749 14.445937
381 579 16.225630
381 732 12.481839
382 392 17.090610
384 456 8.723542
384 605 17.126670
385 508 10.622993
385 570 5.237686
388 750 18.938767
389 693 6.224447
392 469 1.497828
392 477 5.610807
392 548 7.967064
392 816 7.675644
394 628 10.968683
395 441 17.779411
396 830 6.554426
397 424 10.894642
398 404 7.462640
398 704 16.613688
399 573 3.994429
399 710 2.966695
401 406 10.556910
404 659 13.765864
406 418 16.114979
407 851 12.202872
409 524 15.703145
409 541 8.461491
409 651 1.624486
411 445 3.205887
413 551 1.735729
413 571 7.249929
413 899 10.414335
414 537 7.770032
415 561 11.651390
415 872 10.131574
417 886 13.880913
420 436 13.672281
421 452 7.043219
421 457 7.578075
421 486 12.117809
421 581 12.332217
421 584 6.979298
422 510 7.276040
422 571 14.186855
422 583 13.300806
422 797 3.565965
422 801 9.379796
422 875 17.961415
423 468 1.689808
425 887 17.248115
428 592 4.100385
429 492 10.637724
429 535 9.062392
429 549 1.192457
429 734 18.392542
429 766 9.643579
430 477 19.131097
430 762 6.448134
432 859 17.459240
435 497 18.525402
435 665 11.579816
439 503 4.850878
439 516 14.019701
439 601 11.430583
440 605 18.946064
441 632 9.346169
442 816 6.101759
443 457 3.627453
443 661 14.274038
444 456 19.508083
444 482 1.538532
445 483 15.068462
446 847 18.611677
450 528 2.420849
450 628 3.093231
453 582 14.147185
454 753 13.311304
456 559 2.307721
460 675 16.854032
464 506 10.945053
464 540 18.236750
464 575 17.681827
464 754 16.437648
467 756 10.802079
469 513 5.782502
473 670 10.613535
474 541 2.915416
474 652 13.518077
474 714 3.545567
475 768 10.712286
476 574 2.033258
476 596 6.690737
476 597 5.409529
476 730 12.780599
480 490 15.948948
480 536 2.088756
480 627 17.155390
480 686 17.354586
481 620 7.503112
481 773 13.521077
482 893 8.649648
483 761 3.929627
484 707 11.044586
487 819 2.640834
488 896 17.690971
489 530 18.561505
493 499 16.610650
495 556 11.688034
495 861 11.594373
496 777 19.707540
497 746 5.710132
498 838 2.443019
498 849 11.676878
499 872 7.246926
503 612 7.124437
503 639 1.134622
503 675 12.328549
503 725 6.016640
503 812 4.569312
504 511 1.768207
504 659 7.922870
506 611 17.700409
510 532 7.396745
511 624 13.902410
511 768 15.374392
511 888 7.233915
512 846 16.611174
513 667 14.145714
515 820 11.625602
516 697 1.018857
517 695 1.666725
517 705 19.826451
517 840 15.863395
522 542 18.813740
524 841 18.143761
526 806 1.388417
531 805 16.045099
532 706 9.571769
532 782 16.001606
533 836 1.127600
534 662 6.475787
534 752 15.275152
537 788 16.067395
537 867 12.774577
539 557 6.723868
539 669 6.896889
539 873 19.368515
540 745 9.345031
540 866 9.495385
542 677 11.494322
545 567 8.780544
547 688 11.500760
549 614 9.214373
549 769 16.707583
552 554 18.271969
552 624 18.710095
555 770 11.721628
555 831 9.400823
556 564 14.399561
556 704 16.928148
557 837 11.696663
559 857 14.299639
564 565 15.244858
565 642 13.851482
565 823 15.176538
567 799 4.964261
570 845 10.469116
572 596 12.177103
572 642 1.047081
572 726 17.263288
572 801 12.590466
573 811 3.453590
573 824 16.510784
574 655 14.624082
575 652 15.407691
577 631 8.448807
577 855 17.229848
577 869 8.866524
577 895 11.839674
579 748 1.012204
581 848 13.252589
581 885 14.645340
583 593 11.775078
585 694 10.434618
585 786 16.388793
591 797 13.946082
595 654 6.283407
595 709 19.222393
600 788 14.438077
600 807 19.770840
603 698 19.453965
604 635 18.459285
607 840 15.352059
610 633 12.579158
613 890 4.271243
616 779 11.323677
621 761 15.542154
623 695 10.896286
623 723 17.496543
623 744 3.083462
623 876 8.237867
625 629 10.613324
625 685 9.214181
626 667 3.063144
627 666 3.917038
629 828 16.914729
630 757 10.203301
630 789 1.925726
632 859 1.313334
635 715 9.996033
635 833 4.123196
637 815 14.397393
637 832 16.111146
641 706 5.337637
644 781 12.251362
645 692 3.934448
645 719 6.768070
647 884 17.887114
651 790 11.337864
652 672 17.831885
657 687 5.279708
659 834 7.270463
660 735 9.948091
661 703 10.121521
664 701 19.955311
665 726 3.174461
665 729 17.187336
665 781 17.409959
671 892 11.510774
674 839 7.536706
676 709 10.865296
677 705 6.556886
678 863 16.183042
683 691 10.467304
684 867 18.591001
685 854 12.831136
688 717 10.772067
688 800 14.510318
689 778 10.574726
691 719 18.185621
691 894 4.504473
697 856 19.493625
701 750 16.431620
701 824 17.353934
703 758 10.175249
709 868 16.906829
712 792 6.828708
716 818 15.477015
719 876 3.668553
719 886 6.833986
720 743 9.468921
720 832 7.124075
725 845 8.353325
729 796 16.581990
731 738 5.876842
736 850 15.160342
741 879 2.400529
751 827 15.549043
753 837 16.048442
756 803 8.632277
766 897 14.727079
768 879 18.387630
778 780 16.213546
782 789 8.418484
788 865 10.200057
794 817 15.807793
794 849 6.559297
801 809 16.273772
811 871 7.233352
827 850 16.313821
827 856 2.649208
833 852 1.843549
837 878 19.955834
868 883 17.519685
22.656950 24.025599 13.766326 10.736711 7.600500 15.024183 9.400966 23.711017 5.080063 7.863935 9.929517 8.979134 9.515569 18.120952 11.550242 17.300488 22.805159 17.051135 18.890656 12.310066 8.194769 11.411681 24.285653 17.436228 10.550222 14.018305 21.710261 18.368871 16.213057 22.703258 18.448791 17.854595 8.795363 7.127774 24.302842 16.977167 13.313668 16.780416 6.236239 21.442545 9.332911 21.090920 15.687569 10.531440 5.604199 21.316667 8.529203 6.036102 20.117555 12.000864 12.786680 9.941352 22.183570 10.946591 9.203851 11.184995 9.062992 11.353104 6.658724 8.170601 13.341058 22.589337 6.145815 9.253494 23.166914 22.800293 18.589017 9.809471 13.396211 9.224420 7.571770 12.599968 16.516432 12.198654 17.216491 10.925095 11.917011 20.813472 22.566295 11.440682 16.430316 10.563246 6.066693 19.757144 8.420070 13.514250 14.740910 8.689432 6.891107 11.960260 24.045718 17.302712 12.628205 5.778216 17.005466 6.845153 15.850881 20.039010 13.471707 10.988230 5.947685 5.495558 13.600531 22.666905 9.881256 16.481110 18.686116 6.216597 8.062008 11.625536 18.401863 13.780702 19.683901 22.351957 20.167446 24.844944 20.087221 22.043584 21.647327 19.605315 21.036036 23.693665 14.504148 17.765740 15.298794 22.020740 13.627192 21.394535 20.987092 24.237722 9.978414 19.192390 20.138390 23.725570 23.138048 16.470517 16.583064 8.345825 24.499254 10.100349 19.494724 20.915900 13.824310 9.223874 8.779208 22.129920 15.215130 6.802740 19.340389 10.003421 22.527895 11.191436 9.005417 6.697169 15.230623 14.014752 20.026243 14.292052 11.876319 10.233098 10.562935 23.556958 8.301572 24.763528 11.538389 6.767805 9.973808 6.168288 20.800595 15.251058 11.739732 18.240992 17.612931 23.797442 24.225210 18.613676 21.356319 20.848502 14.826071 19.089166 6.565180 20.160422 24.236660 6.699495 21.722316 23.659601 9.523778 15.496224 23.557165 24.204520 7.557648 11.980085 18.962893 9.431170 11.495413 5.465821 8.070434 16.246590 18.061801 17.978237 20.567209 13.305628 10.469814 5.311614 9.132597 11.247756 8.564137 5.402889 8.148952 18.321991 17.591708 23.713673 20.963366 16.355122 7.751127 16.281436 6.231901 13.617698 12.805173 13.556276 10.596518 18.716609 21.818889 20.370340 17.555042 15.766896 5.621684 19.458680 15.899659 10.414821 11.556841 23.712136 17.487245 14.518249 17.418435 13.274846 14.403645 10.806185 13.797066 18.711845 5.798839 20.900548 10.659591 18.651196 17.854506 18.052561 17.162578 24.182037 15.166883 19.646382 19.108987 9.725352 10.666117 13.480342 10.553959 12.334862 12.819212 17.077291 9.397801 21.085837 13.750727 19.124882 6.628850 14.399308 5.564391 18.518200 11.874202 23.985056 11.482484 16.276118 10.147752 17.402253 14.340847 12.412565 9.073787 7.230427 7.397583 24.980800 13.246215 5.038594 24.058576 5.399598 13.371723 19.349552 23.291985 19.257726 14.272515 24.488841 5.786388 24.737844 21.987831 23.578600 10.095448 7.849161 18.266306 15.317189 15.463359 23.492384 17.401618 11.221277 13.001331 7.669917 8.846281 7.867001 21.205827 19.097469 15.606900 12.487357 18.369886 21.258107 22.624664 15.940325 21.397702 15.226119 14.490602 22.308637 12.727479 12.918254 11.098227 15.374035 15.897001 18.209223 13.610046 9.356746 22.336841 11.920017 23.458868 9.147067 16.201150 15.732302 21.572957 7.777028 23.198743 15.628563 16.722188 15.203326 5.720498 14.941813 10.270993 11.853764 17.982032 14.953943 6.864364 6.460825 8.713154 8.817703 17.166015 8.556289 22.634388 9.195213 6.822629 22.514920 10.906552 13.508453 24.180528 23.887384 19.298338 6.378779 16.866803 24.781559 23.938325 7.120050 12.919346 11.310735 7.594562 18.895966 10.476967 11.897316 6.807178 14.959351 8.163357 13.641808 7.866844 24.076998 7.899651 15.437743 8.939597 6.527236 9.046172 6.095482 7.787948 14.869683 18.036310 6.746796 13.820372 16.624940 9.684514 12.441568 6.436697 9.402622 14.335059 24.808844 24.925301 24.592434 13.461728 6.613608 11.471469 9.754288 5.282531 6.904672 14.063839 11.793249 8.607074 19.321999 12.142312 22.037357 9.819543 15.767870 8.682784 14.906012 8.049330 8.231572 17.244468 10.275721 8.447345 23.595365 5.860065 16.302962 15.965277 10.012177 14.055435 6.754756 19.425403 9.433943 8.867707 11.297570 23.047398 20.929333 23.937846 18.039247 18.258430 14.600620 23.103726 15.217543 12.101201 17.807500 15.922790 7.480396 12.854508 11.266508 21.936676 12.576851 21.431105 13.847792 20.070011 7.705639 23.493004 14.611198 10.195965 9.829792 10.301546 12.334483 19.350391 23.992061 18.380749 15.943325 13.971956 21.563889 21.993144 10.860753 24.068405 12.902307 21.001561 24.336398 19.073162 8.231015 16.722739 7.375542 20.782841 10.626303 18.904296 23.201793 8.620197 12.857157 17.942376 13.393172 8.496379 5.581432 13.131963 17.984181 16.479684 8.124825 14.013869 12.389421 10.484048 19.585425 11.193041 15.802839 23.464471 15.785520 17.340458 6.464920 8.562683 7.019024 20.296259 21.718422 8.729106 9.385435 11.464146 16.821552 17.435924 18.735079 23.103855 10.900803 18.175180 16.194457 11.116745 23.148304 6.909668 19.240021 19.557474 23.306531 15.371612 11.432447 21.554813 20.416206 15.006312 20.357148 10.357512 16.790127 22.303669 11.359690 14.671000 24.020897 20.964237 22.740780 12.704941 24.930105 8.051312 15.375412 14.585468 20.968644 23.172355 19.622788 17.536325 13.548584 15.206518 15.186006 5.407369 15.060916 22.119416 19.185480 20.914172 12.809700 15.579465 5.669671 12.659959 14.488321 10.104178 5.624820 18.808162 13.701755 13.313564 9.999735 15.756608 13.760536 14.479689 16.617427 5.126493 23.153918 6.421748 14.018495 9.147458 15.475647 10.604602 22.200130 12.927197 17.775111 9.977595 5.388123 13.083091 15.729730 14.190943 24.240287 19.136783 24.913396 10.901202 20.781066 16.111169 17.235207 24.717064 18.079744 22.976338 19.515005 7.547722 18.988474 14.686312 23.375960 21.136689 7.082694 7.678313 6.392220 14.864897 6.615435 19.473567 16.047172 21.717700 10.595916 15.382816 7.349594 22.692200 8.500099 7.047245 9.101012 21.124630 7.116291 17.288550 19.923626 20.021623 8.801218 6.232480 13.976128 9.049707 18.985416 12.133856 13.987079 7.269699 16.351006 8.710484 18.579713 6.423376 24.517892 18.690540 8.634591 5.281893 11.689258 8.056265 9.368227 22.455005 17.064093 8.529153 16.133188 10.115613 24.524017 5.655145 19.646368 20.459941 6.343255 8.437387 12.686133 22.363097 15.739999 18.106137 20.660257 21.562456 14.525691 15.175863 19.360117 10.266847 22.089795 5.415736 8.915432 21.003999 11.805164 7.996657 8.735095 15.615128 21.923631 6.413014 5.609618 14.303363 24.123748 10.580196 24.183411 22.753624 10.662702 21.338961 18.717346 15.236448 13.458323 21.310055 20.861589 20.138727 24.965119 14.570249 21.138460 22.249567 9.232052 5.841329 13.094968 22.134734 10.782066 19.000203 5.146963 12.107289 17.310334 7.595144 22.932138 8.125480 23.195871 9.327786 24.885573 17.094974 6.686898 6.305545 6.498434 16.797855 21.191584 13.059255 13.896715 16.785754 15.660812 18.761235 14.435714 19.277214 24.946215 12.005957 5.244309 7.512501 16.070284 11.885156 23.799652 17.548922 15.407104 20.960790 10.171797 21.394771 5.061222 17.393547 23.695143 20.757199 22.072684 12.939094 21.484779 16.016633 17.370805 6.178307 9.031034 16.019288 6.176021 19.828936 21.801140 23.407247 7.035369 23.794405 6.352400 14.481124 21.805020 6.406223 5.364621 5.498954 15.225405 21.231935 7.548533 7.492205 16.370937 9.685912 19.604275 23.992708 20.320668 22.543507 15.391721 21.646386 8.658064 6.366958 18.119062 6.039050 22.849628 18.831083 24.044015 11.277733 14.723166 19.833807 9.855580 15.836976 18.189346 24.576173 19.894066 7.362617 14.506669 16.775416 7.932463 13.639321 10.680116 7.376551 15.240839 8.312662 16.810748 8.393939 19.471898 8.904832 22.925702 5.524187 15.439948 11.402095 9.501531 14.432056 21.840391 23.305544 11.064972 8.084872 19.402809 16.639975 9.020323 20.205916 15.378609 18.067904 12.186781 13.781951 8.606842 20.130317 8.140226 20.566052 20.960157 19.932019 5.388456 10.462664 14.366755 16.910888 23.384442 12.512119 22.500466 8.268586 12.425610 6.045640 19.849786 8.013055 10.140400 20.504665 15.694334 5.279454 5.044704 15.213213 11.099110 8.606229 17.271879 9.568729 16.844143 12.585319 8.734924 7.762095 9.737212 5.596642 11.162539 23.039094 21.627243 12.440075 16.516672 16.347211 21.574751 9.725802 10.927750 11.035709 5.817400 11.293757 22.558276 23.239753 7.192707 14.161171 12.626978 14.787184 16.094390 5.405175 21.844845 24.473281 18.068096 18.209045 15.559597 11.685468 7.979556 16.681267 5.898828 21.490051 13.418234 13.295084 11.543417 24.387078 8.498339 8.026156 8.310630 18.170550 24.837906 9.709503 23.112348 10.572331 17.957998 5.809979 14.913079 18.091399 15.726396 9.756708 21.569939 24.402730 14.183922 17.718385 20.808265 9.829781 22.289008 10.604018 20.516616 7.241985 10.767734 15.672399 15.498442 22.008624 24.922545 7.144217 10.427763 12.151964 14.578368
60
326
0 3 9.438061
0 5 9.671692
0 6 6.546316
0 7 4.407735
0 16 8.499156
0 17 2.842480
0 19 4.864531
0 25 4.213156
0 34 9.214300
0 44 9.277997
0 46 6.857973
1 12 1.996661
1 18 5.339735
1 26 3.207955
1 27 8.964241
1 35 2.245625
1 46 1.488792
1 52 7.339861
1 54 5.079575
2 6 8.545284
2 7 1.671667
2 11 8.209685
2 12 1.336013
2 18 1.252630
2 27 5.151842
2 30 2.991622
2 31 6.343468
2 32 1.232353
2 33 1.318506
2 34 7.544336
2 37 2.891486
3 4 6.907754
3 6 7.749299
3 19 1.533980
3 24 7.927786
3 29 3.415791
3 38 4.505914
3 39 1.779753
3 40 8.547670
3 46 6.046559
3 47 5.541988
3 51 9.716993
4 5 4.010552
4 19 9.017014
4 21 7.477191
4 22 9.356753
4 24 9.170218
4 35 9.919268
4 36 2.185091
4 39 8.164148
4 49 8.240449
4 51 6.799362
5 10 3.509749
5 31 9.686334
5 32 2.839799
5 33 5.496178
5 41 5.693384
5 42 2.456464
5 44 7.502759
5 49 1.799804
5 50 7.237880
5 54 8.637539
6 8 4.144568
6 23 7.384787
6 29 2.410966
6 30 8.613541
6 51 9.568285
6 54 2.374243
6 56 7.226735
7 8 5.552480
7 35 5.783494
7 37 7.358407
8 9 5.398664
8 12 6.402938
8 15 3.078109
8 33 4.406559
8 34 8.787163
8 48 1.989123
8 54 6.378177
9 24 2.658584
9 25 8.618856
9 27 6.211396
9 28 4.627439
9 44 3.248422
9 50 4.931602
9 56 9.618511
10 11 5.582884
10 22 5.225406
10 26 7.716464
10 32 4.411424
10 37 4.846816
10 52 4.032530
11 16 2.358278
11 20 7.424283
11 21 8.857278
11 24 9.150334
11 29 8.927226
11 40 5.066054
11 41 3.556596
11 55 6.741314
11 58 9.592344
11 59 7.543456
12 19 5.453637
12 25 7.199277
12 30 7.952841
12 32 9.273423
12 34 7.868942
12 39 4.898715
12 41 3.462459
12 43 5.498935
12 49 3.953602
13 16 9.484881
13 17 5.571693
13 18 5.248507
13 20 4.133766
13 21 6.754663
13 29 5.680462
13 31 2.161440
13 32 8.822870
13 34 4.231115
13 35 4.893206
13 38 2.851004
13 39 5.980584
13 40 7.318496
13 50 8.930488
13 53 1.464469
14 16 9.759987
14 19 7.334360
14 33 3.558688
14 43 2.840273
14 51 3.664791
14 55 8.881532
15 25 3.622512
15 30 5.165390
15 31 7.351642
15 43 8.847909
15 47 6.927140
15 50 7.777983
15 51 2.559941
15 52 8.896670
15 57 3.481473
16 26 2.155403
16 30 9.786199
16 32 2.814759
16 47 2.229868
16 48 6.634188
16 56 3.869768
16 58 2.200143
17 30 6.410090
17 43 7.830867
17 45 8.138785
17 48 2.399613
18 20 6.011804
18 22 8.323105
18 27 2.449783
18 39 2.869140
18 44 1.021703
18 47 5.721707
18 55 2.752135
18 59 7.518183
19 25 9.659925
19 27 2.878799
19 28 6.841873
19 30 2.906510
19 33 1.162062
19 35 7.826988
19 37 4.906042
19 41 9.521082
19 46 5.808573
19 47 2.417346
19 53 5.047970
19 54 2.826026
19 59 8.902263
20 27 7.218129
20 28 4.071149
20 32 5.750383
20 40 7.025322
20 44 8.045719
20 48 1.721325
21 31 1.202670
21 41 2.030074
21 44 4.554967
21 49 5.200359
21 53 2.228155
21 56 4.700378
22 27 4.974605
22 28 1.981810
22 32 9.249940
22 50 6.392313
22 58 4.496820
22 59 5.562165
23 28 3.827777
23 29 8.688979
23 33 6.175135
23 42 5.454062
23 47 9.197969
23 51 8.541817
23 56 8.315217
23 57 3.030483
23 58 2.378108
24 27 7.210869
24 36 5.217780
24 47 7.153414
24 50 7.845645
24 52 3.657822
24 54 3.561854
25 34 5.417484
25 36 3.461944
25 43 7.005657
25 44 7.720574
25 49 5.248351
25 54 7.514198
25 57 5.593938
25 59 7.415845
26 27 3.024714
26 31 7.649587
26 34 7.436116
26 40 3.399451
26 44 6.003739
26 45 8.697805
26 47 3.245704
26 48 7.623818
27 30 9.585700
27 40 8.796177
27 45 4.613681
27 49 6.464870
27 51 9.925931
27 54 6.115937
27 55 2.035248
28 39 1.408877
28 43 8.112831
28 56 4.812655
28 57 3.221316
29 42 4.129048
29 45 7.816356
30 40 5.187226
30 53 8.816495
30 57 7.614330
30 59 9.766127
31 38 8.996534
31 45 3.290925
31 49 6.931533
32 35 1.184887
32 39 9.919961
32 44 3.349055
32 46 6.983156
32 49 8.642383
32 51 2.444182
32 52 8.630914
32 53 1.110211
33 34 4.977794
33 36 5.248339
33 37 4.366816
33 47 6.277463
33 55 9.233581
33 56 3.942902
34 44 6.213339
34 46 8.897163
34 47 7.956959
34 49 1.366599
34 56 9.485117
35 36 1.419822
35 39 6.298826
35 50 6.178183
35 55 8.077512
36 43 2.335987
36 47 2.614334
36 58 7.768962
37 39 2.345543
37 47 5.225006
37 49 7.584833
37 50 6.861177
37 57 2.895438
38 41 3.735642
38 42 9.720774
38 47 5.038036
38 48 1.400117
38 56 2.976264
38 57 4.081916
39 43 9.995405
39 50 3.724224
39 51 1.237563
39 52 5.616294
39 53 1.752448
40 47 3.466608
40 49 9.931449
40 50 7.341747
40 52 1.456000
40 57 5.038180
41 42 2.544738
41 44 2.106502
41 45 6.283589
41 51 5.550903
41 52 7.685799
41 57 9.030756
41 58 3.220137
42 44 9.306928
42 52 5.661926
42 55 3.329514
43 46 8.612073
43 47 1.319769
43 49 6.035584
43 50 7.494594
43 54 3.519799
43 57 8.771427
43 59 3.162561
44 46 8.558869
44 58 1.706905
45 48 2.439348
45 58 4.428861
46 47 8.686500
46 48 2.301268
47 58 8.878944
48 50 3.067584
48 59 5.072576
49 52 4.174610
49 55 2.063136
50 53 9.498788
50 57 4.943605
50 59 7.212981
51 53 6.177409
52 58 5.515443
53 54 6.549199
54 59 9.085081
56 59 7.293811
58 59 5.792321
395.483796 384.487784 335.371255 389.694926 338.333046 427.353108 487.248333 484.683807 445.245701 383.173824 425.005356 263.067486 348.381433 285.533774 213.588055 486.631827 457.466584 358.211981 284.640163 409.030287 335.847438 440.317339 495.923900 311.549409 281.876611 288.390437 239.057577 324.294929 217.536717 245.024281 289.613087 257.912561 420.137475 242.532422 458.074766 275.275168 243.378794 215.462218 415.331614 285.338746 357.021432 244.236392 491.892435 248.139309 329.363174 454.008600 282.013780 288.274018 441.777169 290.079074 213.411267 333.895124 216.150626 470.489936 394.527750 377.860412 269.740553 411.006301 404.574086 229.736551
