900
1797
0 1 16.242867
0 2 14.049298
0 5 19.225932
0 8 19.821784
0 9 1.824278
0 11 16.471803
0 13 9.663139
0 19 18.603618
0 22 9.465892
0 32 7.511012
0 39 3.678481
0 58 19.737097
0 74 5.226625
0 116 11.857876
0 154 4.797662
0 224 10.961956
0 270 5.479195
0 293 13.585494
0 296 16.986385
0 324 8.290273
0 377 4.597636
0 379 19.899461
0 406 9.481144
0 420 6.298873
0 423 5.052594
0 536 13.194311
0 565 18.746813
0 597 11.465782
0 712 17.848872
0 717 12.444190
0 760 2.530280
0 845 14.164990
0 878 12.312332
0 887 6.166674
1 2 16.027138
1 3 9.657335
1 4 10.140948
1 7 10.628217
1 17 19.695339
1 38 11.586232
1 39 8.603693
1 40 1.659898
1 42 2.863578
1 44 1.338498
1 49 4.902084
1 55 12.512184
1 64 19.902909
1 66 4.719621
1 71 10.022356
1 109 7.423422
1 112 11.693728
1 149 15.787082
1 160 9.765236
1 191 16.612541
1 212 15.582796
1 219 2.845464
1 303 6.018056
1 336 8.565907
1 370 9.958896
1 386 11.127363
1 387 15.684291
1 410 15.795648
1 445 9.647922
1 506 10.616422
1 522 4.766940
1 579 17.253934
1 632 12.108350
1 677 16.721636
1 678 1.526405
1 745 14.891346
1 758 2.138105
1 806 8.457148
1 819 1.877671
1 885 13.563090
1 888 2.522931
2 3 13.774083
2 6 19.279232
2 8 12.531331
2 13 1.092458
2 14 8.431091
2 19 10.743086
2 27 10.305532
2 53 19.960001
2 59 10.630764
2 60 2.860593
2 63 2.499697
2 70 19.633742
2 77 10.829709
2 88 3.999859
2 100 9.095383
2 102 12.486536
2 104 9.924923
2 126 17.994892
2 127 16.350204
2 131 16.297601
2 145 2.086867
2 150 17.479164
2 157 18.170382
2 168 9.023782
2 170 18.480058
2 201 11.498115
2 202 6.622546
2 203 8.793773
2 240 2.450562
2 262 1.064657
2 282 7.287853
2 306 16.267932
2 327 9.495186
2 376 15.193315
2 390 11.954166
2 396 11.392902
2 407 11.211709
2 428 3.355227
2 457 1.214021
2 471 6.575515
2 482 7.212560
2 598 7.715706
2 620 4.692070
2 652 10.552767
2 697 1.790188
2 701 10.589503
2 750 17.808218
2 761 4.953716
2 840 10.702636
2 854 14.571430
2 898 1.263475
3 4 3.569737
3 5 17.707847
3 6 1.381664
3 12 3.507611
3 15 8.466178
3 20 15.376369
3 29 2.008750
3 31 13.944949
3 33 6.817905
3 43 3.045122
3 48 9.970634
3 50 7.216598
3 55 4.041392
3 68 6.998906
3 71 2.430973
3 120 17.820538
3 125 2.369152
3 130 9.681438
3 137 16.774372
3 179 1.522543
3 233 1.029940
3 235 8.363401
3 260 2.193938
3 297 16.839345
3 298 19.575877
3 316 14.170124
3 333 4.442236
3 348 4.979718
3 361 11.381640
3 368 16.647437
3 395 12.651948
3 409 19.373896
3 416 15.260476
3 444 2.938574
3 456 7.552321
3 469 9.596008
3 584 9.831092
3 646 2.912199
3 659 7.248309
3 703 12.790280
3 708 11.782601
3 709 4.099396
3 718 15.018717
3 770 12.257961
3 782 11.869724
3 829 9.839330
3 836 8.071012
3 889 10.515983
3 896 11.933513
4 10 15.589379
4 14 16.165243
4 24 18.192726
4 47 3.855688
4 62 7.446661
4 67 3.778499
4 81 7.016302
4 88 4.376011
4 122 14.990396
4 136 1.912695
4 141 11.335390
4 164 13.482396
4 222 17.969294
4 291 14.144827
4 358 4.176733
4 359 4.878488
4 424 13.146437
4 507 5.583550
4 541 16.381787
4 698 6.287484
4 736 10.781558
4 758 9.116443
4 765 8.820902
4 769 19.428984
4 844 13.768199
5 11 12.933185
5 16 7.573934
5 25 1.186338
5 58 12.049446
5 65 8.797549
5 76 8.582498
5 79 1.965695
5 95 10.349164
5 163 19.439649
5 198 18.671005
5 275 13.141242
5 323 18.160620
5 332 8.083389
5 484 11.872984
5 517 11.766601
5 584 17.425834
5 783 7.008781
5 805 17.345800
5 882 10.453000
6 7 11.745442
6 21 18.349149
6 86 13.658932
6 124 10.085278
6 134 14.837444
6 153 7.560352
6 203 12.282671
6 340 16.658278
6 441 15.290768
6 447 3.115646
6 490 1.392084
6 542 19.355557
6 558 5.085741
6 802 18.859006
6 867 2.957657
7 12 6.147958
7 17 3.860291
7 24 5.052468
7 26 11.730669
7 27 19.834649
7 28 2.385531
7 34 18.713724
7 41 1.535885
7 48 14.099805
7 49 7.705221
7 64 10.763822
7 70 12.496476
7 84 1.281242
7 89 1.600403
7 97 10.540607
7 107 2.864537
7 108 10.284662
7 112 6.130129
7 121 2.644804
7 128 9.001663
7 159 12.779042
7 168 19.527751
7 211 18.558937
7 224 1.721281
7 254 7.723318
7 265 4.562092
7 290 7.348409
7 328 3.720548
7 417 5.638397
7 425 7.538708
7 438 12.945149
7 449 3.484594
7 478 12.919495
7 498 17.457920
7 540 1.537983
7 612 12.019088
7 675 19.840429
7 729 14.759285
7 814 10.202106
7 818 6.335602
7 861 12.467469
7 868 1.680719
7 872 13.859709
8 9 11.358739
8 10 10.616123
8 23 10.979976
8 35 16.355102
8 52 17.420016
8 53 2.381758
8 67 8.818630
8 72 19.113684
8 132 12.385477
8 146 14.660319
8 228 11.914602
8 233 15.782951
8 246 14.726361
8 304 8.498221
8 320 17.005951
8 347 1.120371
8 399 16.530630
8 514 18.838493
8 526 5.952725
8 533 1.987665
8 566 12.183860
8 581 17.426227
8 603 17.816093
8 614 5.068901
8 616 6.611473
8 658 18.692416
8 661 19.285118
8 675 18.763270
8 712 1.312037
8 801 7.198301
9 15 10.868600
9 18 11.681481
9 20 9.269575
9 29 8.668674
9 30 11.811837
9 37 10.061056
9 65 11.320479
9 93 3.099904
9 100 12.342574
9 105 7.348615
9 119 19.782440
9 150 9.420302
9 154 8.587107
9 188 14.248304
9 201 12.243909
9 228 10.167753
9 236 3.995117
9 267 3.425108
9 305 9.518869
9 311 19.040297
9 312 5.449491
9 369 12.109786
9 385 18.483599
9 451 14.491854
9 460 16.183560
9 490 13.776057
9 609 3.705165
9 657 2.849534
9 720 16.723200
9 793 17.414250
9 840 9.816493
10 16 9.724840
10 18 17.167222
10 35 2.153605
10 36 6.352750
10 46 10.381971
10 72 5.546421
10 75 16.141519
10 158 8.038947
10 192 14.916182
10 315 8.375398
10 344 12.302535
10 376 19.708067
10 387 17.979797
10 624 13.725672
10 788 5.794766
10 822 8.617569
11 83 4.535925
11 110 10.389103
11 626 11.085914
11 671 19.934202
11 877 11.826795
12 33 16.849536
12 43 7.158453
12 66 14.332701
12 189 9.929657
12 218 4.392438
12 430 14.561158
12 466 2.658344
12 474 6.038052
12 664 7.017008
12 670 2.559526
12 705 8.439153
12 748 14.230258
12 759 3.655655
12 789 14.934207
13 28 5.336198
13 92 18.590328
13 106 8.207839
13 204 17.752873
13 242 19.748932
13 365 17.516220
13 380 13.923501
13 668 5.731839
13 760 17.169500
14 243 16.129313
14 248 1.507071
14 351 13.409920
14 857 14.209410
15 37 8.717613
15 196 19.451535
15 306 5.122985
15 375 7.299428
16 173 10.814889
16 205 3.844890
16 345 17.939569
16 478 19.594088
16 481 1.176704
17 21 5.602913
17 22 18.720095
17 25 7.834712
17 50 6.753866
17 57 7.451867
17 101 1.889323
17 115 12.195081
17 199 9.466604
17 211 14.673034
17 286 7.483938
17 291 4.492324
17 571 6.798457
17 590 17.500716
17 711 8.797876
17 744 4.482214
17 799 13.973957
18 69 12.807796
18 80 8.455037
18 102 12.360043
18 304 5.336372
18 581 6.346220
18 701 5.503071
19 40 8.417932
19 45 11.153670
19 78 7.350510
19 163 2.574318
19 278 14.967686
19 525 10.865780
19 555 2.870641
19 560 19.277116
19 827 10.474671
20 23 13.339745
20 76 2.201836
20 130 12.195303
20 151 15.017007
20 165 7.141584
20 183 1.736540
20 212 8.632396
21 56 16.708371
21 122 19.988278
21 184 17.086645
21 227 10.651095
21 307 2.238688
21 337 6.864489
21 487 19.250203
21 528 1.264720
21 621 9.832453
21 643 2.075785
21 706 16.054928
21 862 9.699318
22 26 9.092628
22 41 11.139587
22 46 10.014158
22 69 6.065776
22 106 7.696799
22 123 12.281706
22 175 19.039141
22 343 4.400723
22 380 14.740672
22 560 12.804828
22 733 11.793747
22 766 5.918579
22 803 15.276179
23 30 3.956225
23 63 11.659940
23 73 13.934195
23 339 12.690162
23 450 1.675667
23 559 2.194359
24 31 19.836094
24 38 4.073236
24 57 19.262311
24 94 4.988585
24 101 8.259865
24 117 7.928097
24 120 8.083587
24 176 3.317517
24 190 16.028660
24 221 18.649847
24 276 2.749908
24 349 8.947543
24 358 19.743665
24 369 7.376715
24 459 12.027916
24 507 4.188785
24 512 2.486127
24 549 14.449926
24 859 3.103348
25 59 15.080124
25 463 3.434517
25 489 18.235451
25 520 7.182803
25 807 8.858862
26 236 18.110388
26 279 17.778792
26 413 19.578421
26 427 8.601431
26 455 19.263691
27 34 14.651592
27 167 10.291364
27 338 1.985245
27 525 6.707248
27 638 19.669870
27 660 1.075935
27 715 5.085454
28 36 16.118734
28 82 8.623628
28 132 3.065149
28 138 18.358561
28 156 6.914638
28 265 3.767172
28 355 3.563164
28 794 15.539159
29 197 4.404700
29 245 1.120884
30 44 6.365980
30 60 9.048320
30 91 4.908927
30 133 7.930597
30 225 7.804413
30 352 15.489008
30 445 15.485490
30 696 8.011620
30 775 3.919662
31 32 2.403427
31 74 12.398984
31 108 17.526698
31 157 8.887330
31 281 11.359261
31 397 3.123597
31 625 12.572301
31 741 11.814226
32 42 3.945340
32 54 8.175163
32 80 11.491993
32 86 17.904449
32 96 2.290519
32 143 16.430892
32 177 14.515556
32 251 5.812974
32 706 16.160660
33 62 4.177535
33 141 4.544056
33 237 3.007790
33 381 13.700917
33 383 2.250520
33 595 10.912980
33 730 8.924395
33 813 12.427849
33 823 1.164718
34 61 16.831165
34 99 8.247583
34 541 1.668615
34 607 19.108461
34 721 18.365067
34 757 4.345750
36 179 6.878772
36 735 10.668517
37 272 7.238241
37 434 7.703045
37 537 4.064705
38 97 19.631551
38 239 10.885993
39 68 17.630050
39 96 11.308570
39 145 11.900103
39 169 18.073819
39 290 13.385913
39 335 5.894598
39 519 5.352112
39 578 18.960884
39 586 17.536350
39 883 8.968122
40 54 3.434533
40 559 8.893952
40 825 14.565068
40 899 8.328280
41 103 11.274965
41 146 13.106359
41 177 15.134257
41 193 17.783525
41 213 3.648497
41 294 15.948134
41 297 19.081606
41 314 3.646888
41 368 1.569330
41 409 9.141681
41 438 18.352367
41 520 10.026997
41 822 7.978749
41 893 10.999046
42 51 11.068713
42 93 14.758463
42 432 6.534295
43 45 2.836403
43 47 8.919266
43 56 14.583090
43 136 8.698323
43 180 19.792033
43 181 2.621146
43 227 9.406605
43 232 4.634108
43 256 13.006405
43 281 8.457676
43 311 10.102228
43 567 6.324480
43 621 12.831635
43 651 8.624235
43 669 2.169101
44 77 17.016328
44 397 12.779674
45 75 14.981285
45 87 9.887604
45 131 12.448515
45 207 3.381267
45 239 13.554965
45 364 6.823580
45 401 10.917245
45 668 4.973590
45 703 1.519743
45 787 19.799589
46 52 3.488161
46 82 1.276768
46 231 18.263922
46 267 1.251554
46 342 6.684551
46 718 5.998320
46 738 3.231490
47 51 11.814724
47 182 17.437735
47 534 8.426188
47 727 14.362801
47 849 3.691550
49 94 4.884289
49 288 13.946640
50 124 10.914992
50 147 2.072784
50 166 6.763874
50 283 7.857920
50 357 16.210130
50 375 14.496699
50 524 1.717545
50 695 10.416431
50 837 16.619347
51 73 3.485526
51 206 5.055857
51 338 19.136057
51 494 9.438338
51 602 8.333398
51 700 19.449580
51 880 7.467865
52 755 15.484189
53 81 10.221696
53 113 2.049809
53 155 2.029368
53 189 3.885620
53 400 11.809760
53 493 4.449419
53 601 17.322856
54 105 19.101065
54 114 4.720996
54 115 3.336878
54 198 13.819335
54 392 14.853231
54 398 3.144473
54 606 3.970296
54 613 14.010808
54 719 14.757251
54 781 3.741980
55 103 10.547245
55 142 14.413054
55 183 17.540665
55 225 17.447464
55 519 8.689784
55 610 13.309678
56 84 14.445219
56 90 8.231977
56 99 3.104882
56 129 1.737204
56 656 19.675261
56 762 3.351232
56 893 1.618992
58 85 18.776604
58 91 4.919483
58 174 9.833493
58 321 10.437790
58 326 19.610525
58 415 15.339932
58 491 12.911632
58 704 15.173336
59 111 11.339941
59 139 10.072389
59 247 6.891194
59 260 14.533333
59 298 11.805415
59 389 12.309469
59 634 18.735137
59 879 12.931160
60 61 3.002514
60 83 11.950110
60 138 7.038215
60 268 7.985773
60 401 12.609157
60 431 5.408505
60 439 7.945658
60 530 9.363641
60 564 14.567961
60 627 2.506871
60 714 10.511705
61 78 12.022212
61 85 18.245970
62 252 15.447155
62 496 7.944094
62 546 18.447823
62 622 13.574148
63 501 14.128537
63 573 18.888838
63 814 1.449109
64 152 12.866794
64 185 17.209966
64 285 19.050537
64 308 8.204572
64 448 5.119473
64 676 12.426098
65 107 5.178949
65 140 13.557951
65 148 5.233873
65 152 2.563210
65 178 16.349840
65 209 11.811498
65 318 15.040643
65 406 11.261991
66 174 15.045080
66 258 7.825090
66 289 12.791627
66 346 10.692784
66 662 12.034504
67 264 13.024933
67 396 16.105037
67 820 10.138978
68 133 14.870838
68 140 19.944423
68 171 1.203477
68 273 5.990131
68 285 2.318238
68 325 18.975672
68 573 8.367671
68 692 11.736017
68 694 11.743296
68 754 9.369210
68 898 9.784805
69 125 13.695375
69 187 6.605542
69 284 10.018932
69 372 11.499192
69 377 12.493228
69 390 15.030392
69 428 17.002751
69 615 13.580194
69 624 19.267158
69 835 12.849555
70 259 18.328734
71 79 19.778715
71 90 19.664556
71 127 4.698834
71 205 5.284265
71 269 9.379739
71 294 7.147915
71 653 8.160844
71 834 2.121438
72 159 9.989671
72 185 1.530722
72 302 17.531893
72 315 7.405808
72 317 4.295743
72 326 11.750005
72 332 16.718181
72 402 16.352076
72 407 19.259193
72 468 7.877849
72 553 10.961152
72 574 14.169324
72 609 17.144400
72 622 8.204593
72 725 5.757869
72 731 7.096333
72 859 19.120277
72 883 17.014117
73 214 6.407675
74 280 3.129906
74 513 17.559561
75 89 8.377510
75 171 3.990835
75 176 2.891984
75 194 12.500843
75 261 2.772507
75 442 16.318307
75 450 7.940471
75 501 19.150466
75 616 6.237825
75 647 9.087236
76 123 2.715009
76 350 17.280693
76 497 17.299921
76 508 8.478998
76 661 17.804826
76 717 1.536679
77 92 14.801401
77 135 4.970823
77 181 6.340969
77 863 8.437276
78 506 15.250678
78 599 2.359589
78 632 13.386617
79 109 14.700902
79 114 19.589141
79 251 2.709208
79 284 17.125000
79 482 1.989434
79 488 2.297139
79 538 15.647632
79 686 14.815780
79 811 1.112307
79 826 15.960831
80 87 5.234418
80 216 3.942005
80 322 14.407397
80 354 15.080164
80 367 1.203460
80 374 10.596002
80 424 14.958361
80 598 13.803372
80 660 17.684608
81 300 3.669263
81 472 16.938183
81 869 18.135418
82 95 6.668855
82 148 2.157179
82 277 14.277948
82 371 16.532743
82 382 3.852567
82 516 5.114564
82 666 5.846244
82 671 19.057136
82 853 16.671733
83 190 14.201855
83 303 12.579311
83 429 2.190673
84 371 16.621768
85 98 19.652064
85 121 2.832467
85 178 5.470420
85 235 13.897798
85 678 11.770452
86 98 5.315743
86 467 19.749415
87 167 5.697991
87 209 14.577143
87 210 12.104776
87 238 9.285372
87 292 12.331874
87 333 4.964805
87 363 18.060885
87 435 13.172521
87 774 2.153880
88 155 1.837677
89 288 15.865946
89 320 3.708945
89 444 5.470968
89 572 2.186815
90 200 17.360081
90 246 9.003569
90 342 1.100410
90 354 6.635973
90 437 4.968982
90 443 18.737030
90 871 19.318563
90 891 18.895504
91 119 6.794525
91 382 8.301269
91 644 18.905523
91 688 7.015865
91 716 4.038335
91 801 10.821403
92 117 6.992410
92 151 9.432532
92 172 19.117586
92 286 16.696303
92 530 9.556374
92 716 4.510982
92 889 15.227321
93 144 17.944679
93 160 9.748275
93 173 12.883801
93 182 16.482016
93 186 4.940116
93 234 3.014087
93 337 4.406823
93 882 6.609981
93 897 13.641738
94 104 10.250572
94 118 19.060355
94 161 17.501482
94 356 14.113663
94 456 12.706200
94 515 6.365254
94 601 13.635342
94 810 8.125409
95 111 17.806344
95 113 19.860783
96 219 7.684253
96 392 11.867048
96 548 10.144415
96 820 5.231850
96 851 14.165190
97 149 16.092846
97 295 3.187094
97 435 5.824849
97 795 13.843836
98 126 5.149576
98 169 7.908961
98 269 2.848829
98 348 14.701781
98 497 4.799161
98 767 8.376261
99 110 4.101249
99 193 15.106349
99 249 1.040221
99 637 7.118088
99 665 15.783153
100 135 17.829503
100 363 4.077801
100 674 15.349218
101 494 8.837575
101 771 14.539583
102 481 18.696158
102 846 17.228718
103 128 16.466306
103 240 12.644298
103 274 2.408859
103 319 11.184094
103 449 19.450898
103 524 2.286076
103 571 3.716823
103 610 10.486558
103 721 12.015925
103 752 11.172238
104 603 2.609301
105 208 16.284602
106 241 16.013144
106 350 17.448875
107 259 15.122366
107 747 6.245832
108 116 9.051671
108 118 18.216565
108 200 17.080801
108 215 5.410156
108 405 15.047692
108 828 14.861732
109 188 1.660135
109 245 18.022124
109 271 1.252591
109 464 5.083050
109 724 13.350915
109 839 7.400547
110 144 8.829915
110 191 9.080597
110 250 17.021769
112 345 17.532055
112 388 9.958747
112 466 14.598940
112 784 19.750403
112 847 8.529908
112 865 7.841053
115 134 19.871954
115 299 1.970551
115 895 1.230826
116 192 18.962660
116 256 13.756474
116 274 16.834831
116 739 5.248340
116 783 18.225831
117 238 12.466721
117 241 15.734600
117 591 12.574270
118 210 11.038881
118 499 8.958621
118 604 8.533357
119 429 11.763673
119 586 18.194201
120 218 8.145640
120 344 16.711698
120 726 6.616058
121 129 2.821598
121 302 11.598565
121 316 6.948687
121 431 4.872876
122 186 2.496285
122 195 18.496680
122 206 18.956281
122 331 18.420088
122 464 12.976637
123 137 9.054182
123 162 6.185818
124 196 12.686218
124 487 12.782695
124 683 4.309502
125 143 7.729817
125 194 9.090713
125 222 16.867932
125 330 17.239743
125 470 14.761371
125 477 19.751199
125 649 14.389578
125 843 18.802333
125 856 15.911633
126 158 3.531317
126 172 18.952294
126 217 14.457249
126 253 13.741584
126 275 18.387536
126 293 16.880965
126 384 17.812584
126 436 12.695191
126 446 13.130117
126 457 2.505196
126 480 10.815425
126 745 7.561034
126 778 2.535264
126 780 14.905288
126 816 3.409272
127 153 15.442251
127 325 6.749580
127 527 17.624924
127 791 16.429408
128 207 6.518246
128 875 6.870770
129 147 1.914933
129 243 5.912665
129 385 8.400219
129 412 16.374491
129 452 18.219698
129 503 2.256949
129 589 14.780111
129 623 16.028721
130 139 6.827308
130 164 16.369624
130 197 15.746123
130 283 7.688537
130 663 5.811220
131 242 9.977913
131 321 8.965567
131 389 13.459531
131 472 6.538094
131 505 11.818844
131 568 17.575742
131 592 8.908704
131 600 16.703814
131 874 10.597076
133 175 18.738879
133 202 3.228084
133 208 7.038176
133 330 5.441220
133 484 7.970172
133 779 2.683462
133 825 6.636640
133 877 3.412079
133 894 16.724797
134 142 15.664959
134 249 10.673834
134 353 3.611854
134 764 15.643832
134 796 3.100725
134 837 2.344886
135 170 11.315205
135 248 1.791867
135 374 4.882205
135 631 19.121621
135 775 10.290259
135 867 4.360455
136 231 14.669659
136 512 4.992689
136 737 18.979741
136 857 16.401428
137 166 8.645125
137 599 18.120425
138 220 11.533882
138 735 12.646025
140 156 8.164883
140 252 11.731910
140 263 19.436511
140 336 19.660842
141 423 8.592009
141 554 1.491412
142 162 19.200567
142 234 13.104095
142 357 6.644510
142 502 4.226859
143 223 3.450706
143 299 4.591550
143 640 8.084099
143 794 13.356735
143 881 7.938879
144 204 1.625741
144 253 12.373450
144 360 15.334555
144 422 18.232632
144 630 3.439363
144 870 4.109553
145 322 6.680581
145 346 6.217912
145 623 11.223822
146 161 19.869803
146 480 12.123821
146 523 17.241277
146 545 12.873180
146 629 10.908544
146 689 6.614273
146 899 3.983701
147 230 16.504524
147 655 9.011509
148 416 18.043951
148 539 6.997771
149 625 10.419026
150 165 13.384526
150 187 14.703952
150 255 10.723503
150 300 5.938284
150 309 13.471094
151 349 6.949080
151 356 1.293421
151 440 10.759936
151 488 8.693821
151 615 15.418235
152 689 19.983204
153 461 8.134528
153 551 1.189808
154 229 10.515553
154 426 7.868019
156 408 15.329572
156 575 11.262862
157 533 18.830872
157 886 3.405840
158 216 2.950050
158 229 10.366532
158 308 12.993304
159 305 12.530353
159 378 13.948476
159 404 1.942869
159 421 16.940739
159 474 7.678753
159 479 8.913763
160 261 13.759445
162 394 2.834914
163 310 11.859935
164 215 4.944889
164 502 7.174345
164 873 6.401494
165 195 2.831859
165 266 8.763998
166 479 14.128992
166 847 6.630968
167 391 19.987840
168 244 3.700156
168 276 2.730524
168 842 15.199635
169 373 11.136455
169 713 14.348730
169 817 8.207022
170 535 17.449512
171 257 15.370906
171 273 8.403709
171 413 9.593349
171 422 16.429518
171 440 15.755057
171 492 16.411007
171 513 8.291275
171 553 18.965601
171 577 3.626696
171 817 8.563945
172 199 2.299681
172 244 18.662529
172 258 17.450414
172 339 14.348122
172 804 18.954115
173 383 12.820169
173 588 6.191155
174 725 18.561243
175 633 9.824690
176 419 16.711801
176 645 1.682921
177 180 17.023726
177 362 17.866846
177 606 10.907089
177 663 13.323952
177 734 12.661775
177 815 11.462523
178 453 9.141678
179 184 7.081344
179 272 4.594890
179 384 17.421249
179 521 19.739207
179 810 16.421654
179 861 8.809072
180 221 18.377679
180 301 7.097680
180 453 4.765823
180 580 4.528696
181 226 12.124840
181 335 16.646818
181 366 5.312196
181 410 10.740389
181 486 18.610330
181 532 17.839960
182 405 7.759215
183 232 13.700517
183 266 16.189441
183 341 2.793352
183 366 15.439676
183 583 14.013034
183 818 19.816660
185 415 3.315420
185 681 18.611250
185 699 19.394926
185 736 7.211993
185 826 2.506368
186 679 16.893150
187 608 12.613434
188 220 13.085650
188 279 2.985409
188 353 1.598862
188 381 3.243881
188 537 12.280705
188 630 13.342585
188 696 18.224013
189 352 9.561305
189 414 8.546834
189 693 19.952606
189 895 16.791205
190 223 4.659797
190 230 11.578638
190 462 12.078626
190 503 19.198366
190 583 7.106723
191 318 9.537698
191 611 2.514350
192 247 9.611367
192 683 7.747067
193 292 9.906563
193 343 18.399004
193 500 10.852886
193 728 13.269076
193 738 12.288025
194 226 15.868661
194 254 16.309729
194 255 10.497342
194 307 8.460686
194 749 2.439138
194 808 8.754805
195 214 17.096268
196 282 18.824022
196 451 5.095409
196 570 12.420285
196 579 19.109501
197 404 18.298461
197 504 13.407797
197 509 10.344723
198 309 7.262111
199 237 4.503485
199 280 14.649746
199 529 11.198621
201 531 9.149240
202 296 5.490028
202 641 2.290349
203 647 3.005562
203 756 16.929993
204 217 15.017342
204 278 2.007362
204 312 16.364382
204 361 6.489104
204 403 4.018206
204 536 16.710174
204 635 18.038814
204 832 18.430313
205 653 3.526177
205 823 17.577275
206 270 13.419937
206 763 2.399969
206 868 15.630035
207 495 14.549261
207 654 17.473978
209 508 16.180464
209 597 5.194307
209 659 4.381744
209 667 6.631585
209 766 14.885147
211 743 11.763647
211 776 9.012379
212 213 10.746085
212 262 9.007801
212 461 2.377618
213 287 9.304979
213 323 9.278343
213 562 17.604925
213 582 16.959221
214 644 4.681337
214 685 19.024297
214 830 2.420433
218 465 19.955776
220 313 9.838852
220 454 14.360441
222 370 15.993813
223 331 11.329412
223 733 6.989776
225 509 4.622567
226 250 1.836144
226 257 3.587713
227 726 11.318122
228 264 19.235237
228 289 10.910513
228 608 17.171972
228 751 16.789635
231 527 17.891567
231 815 15.034713
232 271 14.654280
232 475 19.609570
232 833 9.023411
233 277 3.921854
233 473 1.722674
234 443 12.402640
234 572 14.341292
235 295 5.525419
237 313 14.919260
238 327 3.749584
238 816 9.687134
239 611 11.267120
242 287 7.025832
243 790 19.925166
244 439 6.806575
244 514 9.017347
244 568 6.917084
245 447 17.188427
245 463 2.699198
245 540 7.982451
245 709 3.835367
245 834 15.023511
246 263 3.114233
246 673 8.726541
247 319 4.645368
247 414 3.689091
247 807 18.041379
248 544 2.481692
249 446 15.301199
250 268 14.315017
250 437 3.529112
251 708 15.311815
252 441 19.596896
252 590 19.274305
252 747 10.860303
252 805 2.937762
253 529 14.772471
253 702 15.308204
254 355 5.323182
254 535 13.247384
254 545 16.365215
254 577 2.317008
254 585 8.542274
254 774 1.209102
255 602 8.364231
256 412 6.012829
257 365 6.420839
257 379 7.866779
257 638 12.410368
257 795 10.572978
258 394 6.755774
258 495 2.384837
258 521 17.845878
258 585 6.302516
259 433 11.639617
259 500 12.887917
259 669 13.400195
260 364 6.006391
261 388 12.875104
261 651 6.467027
262 340 8.499806
262 434 16.890942
263 301 17.269978
263 373 6.330016
263 729 3.747527
264 473 6.162299
269 351 15.537824
269 372 1.367741
269 378 14.383919
269 476 15.288590
269 516 14.628117
269 636 16.767220
269 734 3.124978
270 442 17.280319
270 531 1.253699
271 334 6.110637
271 367 14.585197
271 528 2.200012
272 314 11.383296
272 359 2.986828
272 462 17.181441
272 650 7.296136
273 418 12.759149
273 860 19.763091
275 324 14.985384
275 347 6.647649
275 505 9.844154
275 797 2.731572
276 582 8.711449
276 612 2.864528
276 824 2.634679
277 329 18.423092
277 393 16.644770
279 548 4.409769
279 707 11.319140
279 785 3.006452
280 420 16.426621
280 780 13.358557
285 485 2.706966
285 588 8.248785
285 838 13.644805
286 483 9.755576
286 591 5.841365
287 395 16.981087
287 459 15.585675
287 476 9.173780
287 556 10.296427
287 685 19.291414
288 743 8.270469
290 362 9.921879
290 427 8.786143
290 555 6.928228
290 869 16.529791
292 468 12.779469
295 773 13.774062
296 491 19.489290
296 674 17.946740
296 680 7.115412
296 885 7.258578
297 328 8.379347
298 334 3.381725
299 664 15.771884
300 399 2.485879
302 569 16.904569
303 617 3.280399
304 317 8.082238
304 411 7.906037
304 458 16.971667
304 592 13.902394
305 329 4.557101
305 425 14.403535
305 504 8.782227
305 670 8.330671
306 458 4.024262
306 642 6.575728
307 310 16.015345
308 642 3.557401
308 848 13.162359
309 595 16.539963
309 750 16.158459
309 756 14.536106
309 812 18.718314
309 852 3.883699
310 802 7.531314
315 730 16.718575
317 724 18.369429
317 841 1.771474
318 419 17.676703
318 567 4.917403
318 569 7.850537
318 711 17.492420
320 448 12.002417
320 641 11.414752
322 534 19.991209
322 628 15.789372
325 475 3.653007
325 607 17.642039
325 682 17.719011
326 563 18.419868
328 650 14.222826
328 672 9.520661
331 589 16.766548
332 341 13.730349
332 499 8.305789
332 778 8.655227
332 803 17.798817
333 421 5.160454
333 784 18.350515
334 646 13.641432
335 682 15.667345
336 408 3.250829
336 666 14.036177
337 858 13.331467
339 360 16.252437
339 850 13.486868
340 740 3.563252
342 511 18.977061
345 864 11.262587
347 786 6.466763
348 465 15.889959
350 692 11.717521
351 871 19.124421
354 547 10.095360
354 576 14.967741
356 543 2.763784
359 436 8.190390
359 517 16.027998
360 411 14.874677
360 489 16.285587
360 564 2.045856
361 754 9.168796
362 400 3.439332
362 544 14.674579
362 580 9.998930
363 398 13.435462
363 785 14.715731
363 881 8.515351
364 549 13.274306
364 702 8.704540
364 819 7.237499
365 455 14.434470
366 403 12.398444
367 699 9.394816
370 496 6.509516
370 791 3.243175
372 391 17.937935
372 418 4.488186
372 483 12.386915
372 557 12.921553
374 605 7.782097
375 386 1.569911
375 486 19.908572
375 523 15.188276
376 587 11.991130
377 417 19.299747
377 639 9.578138
377 705 4.799149
377 732 10.243474
379 655 1.365239
381 700 12.403659
382 393 3.793302
383 792 18.623428
385 433 14.760780
385 498 10.942197
385 538 7.386016
385 619 6.914880
385 722 7.437697
385 751 7.880276
386 471 1.328434
387 452 8.577121
393 637 8.786870
395 813 15.801200
397 402 10.837414
397 558 17.129749
398 460 8.474981
398 648 8.586655
398 781 19.553314
400 830 4.584341
403 552 6.581608
405 467 3.458698
405 526 4.722774
405 773 2.865053
405 800 9.791968
405 806 6.472144
406 797 3.968974
409 691 12.840504
411 454 15.474223
413 687 10.487797
413 798 10.462391
415 430 16.969580
417 432 19.441190
417 485 18.919577
417 550 8.946954
417 640 7.324001
417 767 19.900754
417 894 2.943701
418 426 18.872809
418 511 12.859559
418 575 9.194722
418 723 5.608429
421 742 2.241256
422 684 5.399884
423 744 15.539033
424 492 7.430414
424 562 16.075768
424 613 12.729454
426 688 4.225004
426 732 10.765821
426 746 15.888353
428 469 8.842770
429 522 4.184930
429 662 1.875051
431 493 10.434052
431 849 5.341619
432 719 15.044451
433 518 12.561036
435 596 12.483148
435 635 14.294450
435 645 11.364721
437 566 17.075876
437 880 19.247958
438 593 17.009093
439 777 7.717300
440 687 17.903497
441 593 12.644253
441 594 19.019329
444 532 6.351573
444 547 17.957285
445 570 1.057732
445 576 1.802789
445 627 5.158827
445 710 9.597832
447 515 4.287796
447 634 4.614819
448 518 15.933970
448 697 18.095714
448 884 8.298132
449 677 4.256706
449 714 9.610368
451 604 7.487447
451 618 2.587180
452 746 11.040429
455 477 15.161928
455 578 18.707730
456 614 11.334079
458 617 10.905213
459 777 11.891984
459 856 1.535443
460 771 19.449161
463 470 2.674504
463 753 5.661611
464 563 8.159273
464 618 1.510697
465 672 2.823922
468 594 10.391004
468 633 12.232426
472 542 16.222350
473 510 12.594276
473 695 8.634472
473 757 1.372383
474 587 1.268005
477 552 17.578485
480 680 18.217403
482 851 12.112617
483 686 11.444844
487 681 17.575408
487 842 13.899825
488 654 14.629803
489 554 5.540564
489 620 2.581430
490 878 1.479988
490 879 7.765526
492 753 13.669999
493 892 13.651644
496 551 10.042937
496 600 10.965234
497 768 18.983043
497 776 8.144712
500 543 13.126570
501 731 4.768557
501 860 4.803961
503 510 12.771160
503 557 15.662047
503 769 18.424839
505 698 11.125956
507 838 10.237065
507 854 14.466528
508 839 13.906508
510 737 18.539687
513 748 12.591197
515 831 18.984770
516 565 9.583311
516 679 4.536382
517 811 8.266716
517 855 14.283016
519 866 3.782006
522 539 16.631042
522 693 19.363027
527 648 5.466406
528 636 10.723532
530 550 12.298619
530 887 1.644043
533 546 17.472795
533 639 3.207621
533 710 6.461200
533 715 14.418939
536 858 15.566785
536 875 19.225150
539 574 19.194498
539 793 10.828585
540 749 6.638930
543 556 14.659114
543 596 1.500908
543 720 18.456765
549 741 13.777422
553 561 9.177337
553 848 7.284116
553 888 3.551965
554 843 18.465855
555 561 12.424479
555 772 11.159801
556 656 8.157289
557 770 16.454944
558 690 7.011454
559 876 14.812639
561 862 5.109883
566 727 15.750926
566 846 4.575413
567 704 4.777743
570 850 9.485864
572 658 18.714830
573 652 11.755553
573 707 17.282844
576 874 7.043252
579 605 5.958919
583 713 5.678057
586 742 11.443081
587 876 8.312597
588 787 4.731322
589 619 15.854101
590 628 6.689638
594 629 19.422361
595 631 6.768349
597 657 15.656269
599 828 18.489274
607 789 15.666491
608 808 9.959180
609 821 14.067266
613 676 9.529733
615 759 16.810912
616 626 12.361709
616 827 1.945558
618 844 18.803218
620 667 4.325212
624 643 17.517380
624 691 11.875990
626 873 12.654306
638 694 13.355469
640 649 3.665584
641 673 7.739427
641 722 17.649047
642 788 2.043575
645 782 13.277446
647 796 14.557720
648 872 11.324642
650 891 9.311677
652 812 17.826468
654 798 2.892760
655 690 1.576180
657 665 15.094461
657 836 5.833160
657 870 7.507321
658 762 14.644785
663 764 19.881732
664 865 17.713102
667 684 1.849078
667 740 8.485761
668 863 6.131564
670 866 11.758521
680 832 4.265105
684 804 12.124911
686 728 18.807427
686 786 1.327866
687 864 17.464642
690 886 18.209680
697 800 18.230290
697 829 11.670690
697 884 8.049350
698 772 7.119520
700 768 4.885633
702 792 5.027531
706 739 5.781296
707 723 7.475735
713 790 13.916184
716 752 9.910296
726 824 11.704563
726 835 3.266339
728 845 3.609441
730 892 14.112677
731 831 11.610295
733 761 3.923487
735 809 1.689997
738 755 8.231732
741 779 6.696914
745 765 17.357951
748 853 2.153730
749 841 10.111928
750 852 2.781581
760 763 11.185444
760 855 17.966407
760 896 14.044580
764 799 9.903327
765 809 11.359451
772 890 8.345129
783 833 12.960645
792 821 14.054866
797 890 6.084750
839 897 5.006112
23.147676 17.350951 16.922418 16.074071 19.785589 16.011168 9.360142 21.135044 13.850269 9.784335 20.600356 5.322305 19.654551 10.558110 12.916747 11.626773 17.972852 19.282293 17.029089 14.722167 5.731095 21.028440 20.816444 17.216517 18.763068 5.785516 17.191026 17.216747 20.433670 6.314525 20.589213 21.415064 11.543095 9.723387 13.369811 7.760430 5.104730 10.509520 5.157306 21.501925 15.640946 5.726280 16.115607 19.297977 14.189734 20.450144 15.423834 9.037277 20.908465 8.625814 18.606839 21.736491 14.065889 20.437837 24.546554 14.320695 6.131669 22.447495 20.870949 20.693505 24.903059 21.119392 24.553962 6.683262 21.619511 7.595279 7.953019 6.264153 12.467073 16.155365 5.522122 10.532208 15.100626 16.452281 13.831415 16.366573 14.544204 11.041009 8.121822 12.579983 12.232956 12.367982 23.279926 12.629489 23.653078 8.168308 23.902049 19.361921 8.766301 17.174686 19.492956 16.492996 19.634901 7.948554 24.849178 18.399114 22.294748 14.629353 8.258440 22.088117 8.863458 21.020311 15.168746 17.061721 7.105013 14.089064 7.706571 7.595108 19.028891 7.839497 21.898094 23.922869 16.383373 17.519508 10.590147 23.639361 16.136888 10.728583 12.701235 5.535089 21.386175 15.373077 17.195033 20.381496 19.021873 22.426522 11.721212 19.513309 15.044351 15.532012 12.533098 17.632821 13.252222 8.811747 12.320973 16.805390 17.390221 5.418712 7.321249 15.136686 10.789913 19.529272 20.356022 15.434547 19.440351 23.231452 5.071049 21.740174 21.391926 15.103449 20.530169 23.970043 18.289566 8.360321 19.587804 14.206856 24.169773 19.601685 22.255302 19.550911 8.615804 23.905933 21.427057 17.288082 16.032193 24.603118 19.937422 19.710402 8.080784 8.170194 12.021365 9.345169 22.358361 20.733316 5.894791 19.745658 16.717804 19.866439 13.419546 23.329480 20.385395 5.112654 7.629347 16.610952 12.476212 12.743535 23.580913 7.757868 15.944792 23.470379 6.831860 21.453330 20.447856 24.511559 21.379727 16.691596 9.318895 18.888641 11.975420 20.660604 14.900601 24.004042 7.208200 16.542239 17.027659 21.318205 8.198009 15.130447 24.439993 15.875187 9.028746 23.147924 11.905923 17.984551 21.333131 13.856684 11.280603 11.118969 10.694530 16.120480 7.137495 12.724106 6.825725 13.818146 9.777449 21.339116 7.222402 11.806487 18.516577 19.660444 23.970960 13.789682 16.570136 23.990672 14.107074 8.541661 12.975946 14.361128 22.803480 23.660395 10.572562 18.726194 19.885617 23.137526 24.118739 7.774856 18.772060 17.137942 12.994674 17.593097 19.415873 19.655693 8.127179 12.931438 9.172781 16.911402 8.840012 21.537302 6.817300 21.153874 19.995947 13.533115 21.018957 6.729905 7.081952 22.048874 7.526013 16.643997 6.686147 13.655649 23.919420 16.361500 21.574277 6.376028 15.752933 16.812215 6.535938 12.168582 11.635647 9.599969 5.253151 24.751837 20.728487 22.414962 8.707468 7.147970 10.598945 12.008454 7.644045 17.602754 24.407611 15.313734 24.107218 18.342812 19.391399 6.100068 7.890289 12.568206 13.726846 14.351029 21.834731 17.727816 10.319503 10.053875 16.539249 24.559055 18.638962 10.651246 16.152306 12.687651 6.270706 19.356347 5.673589 16.167495 18.653816 6.692323 22.486018 14.242910 10.111003 7.015047 19.132873 12.030648 21.920750 9.033366 16.378919 15.678506 15.490663 6.148878 15.848699 11.333105 20.516371 22.963341 24.056119 5.648815 16.118626 12.365637 8.999536 12.118214 24.300346 11.422322 21.972929 16.008886 17.985656 16.717847 24.649024 21.090850 14.364601 15.764862 5.904637 14.223068 14.598515 23.623939 9.477007 13.480071 23.737942 14.559737 5.928831 13.960445 10.101057 6.054686 7.190811 14.589077 22.008540 12.344204 6.513642 19.946446 23.155093 8.034454 11.423904 24.036604 17.720572 20.213485 12.118993 20.945449 24.622306 7.185772 23.126764 24.890641 5.118218 15.860126 9.662661 16.054545 15.142193 22.896274 11.815550 15.739384 19.489899 20.333724 5.403463 24.602221 15.994520 5.613795 13.760071 5.800257 23.604243 21.226220 16.320375 10.363677 16.310480 12.233843 10.110618 8.232514 20.563485 21.176436 12.832607 13.648713 21.772135 14.200173 11.923582 20.582736 14.579583 9.835751 23.278921 15.149189 9.756278 16.268247 20.570718 8.904785 22.741961 22.542593 15.434381 17.030220 9.804701 23.520563 24.067450 15.618785 21.398412 8.566873 5.774119 20.917427 11.588825 12.250885 11.771772 9.774766 7.951214 16.261862 6.475913 19.484363 20.715267 19.843636 5.146975 9.882049 18.564635 17.147637 21.275989 15.422663 18.708778 23.402863 19.650873 22.325750 24.913925 9.928602 5.186396 9.958112 14.332208 15.678021 24.364592 17.772686 15.217565 16.681402 10.759961 15.896124 20.802104 23.667592 7.114401 12.506983 13.897225 7.539231 19.649511 15.592675 7.025660 17.520496 15.450031 14.707600 12.532899 19.638751 15.469838 6.939274 22.490035 11.522718 11.621216 14.959055 23.343531 6.516006 9.615600 24.047103 13.916351 19.618887 5.556434 7.561310 6.254196 20.299625 23.644535 12.389136 9.791618 19.174082 18.642647 5.024346 16.658611 18.283286 18.964028 7.851556 11.481027 21.146703 6.426684 12.906994 8.274176 10.596876 20.606600 11.893643 21.894768 16.202891 14.853636 12.192080 6.005786 10.523040 7.397122 8.900711 8.103810 6.143882 5.876297 7.812803 20.145718 19.355535 21.051556 19.844950 15.613147 12.477863 19.553403 5.133745 8.080818 9.229106 24.171378 24.766130 10.082841 15.525629 5.875138 15.750487 22.445898 6.415318 6.225759 8.132828 15.137895 7.651465 7.916066 23.890084 18.298211 22.174078 12.297790 20.353614 20.417247 22.250312 8.250467 8.712877 19.299833 9.305040 23.083417 14.941500 10.604342 23.307450 14.252060 22.875411 16.065941 9.762333 15.553985 10.973683 14.406953 14.106363 14.143128 19.672249 13.012631 8.677769 13.329540 16.084358 6.603019 16.796371 5.057020 6.153140 9.568683 9.122328 16.828835 23.501249 19.578437 9.942160 19.651192 11.748617 21.455384 7.197875 19.047741 11.159835 21.381700 16.054497 16.383164 15.714619 22.373113 22.895220 23.774123 19.402666 9.874873 13.401260 9.664748 7.322988 6.515869 14.947641 19.347013 12.636767 11.906776 16.002481 12.012349 17.561658 18.754040 22.649997 21.135151 23.880058 23.935725 22.349121 8.756600 22.441003 8.511316 14.348105 6.814054 10.472742 23.390797 16.744007 15.478327 20.882057 23.926543 6.288261 19.735216 16.409233 22.330161 15.177621 13.606744 23.944411 9.406704 8.477594 6.530074 12.276987 23.690003 11.674516 17.184950 15.047180 19.195351 9.438592 16.759371 13.442130 22.354951 18.605760 20.282466 9.055250 6.947571 9.781524 15.177853 17.928151 11.239275 11.533877 14.656130 24.943518 21.917012 11.889202 18.730018 18.035713 16.118946 22.535448 13.473813 13.388594 6.776217 13.595248 19.420302 16.721086 22.155587 10.189577 10.518700 12.680279 20.159472 19.439992 19.454469 7.059388 24.185769 10.806794 24.138572 9.409152 9.410103 6.801173 21.614750 23.029391 15.838901 12.330673 19.391869 19.864305 19.448659 8.285537 17.921280 19.116923 6.095622 19.563162 24.395647 19.095228 21.065997 10.928240 12.073999 20.450868 10.711839 20.175178 23.116633 22.449334 5.343177 20.964154 14.319863 5.932910 7.003887 23.222830 11.569148 19.045754 12.652036 22.291105 10.293453 19.088095 20.256392 24.454369 9.816293 19.728826 22.111746 19.323052 15.924161 16.996694 11.755124 9.754186 5.223895 24.261894 10.559378 23.567992 6.985938 6.125209 21.089097 23.145671 13.175312 7.970619 7.363204 24.513659 14.402704 10.872152 12.072086 18.146551 22.490204 22.328576 21.093251 9.798827 21.387315 15.021073 19.587976 11.215134 20.709467 16.116741 24.246549 22.516836 21.857441 9.176367 17.738650 9.060702 20.475326 9.393371 9.462746 14.650835 21.401741 18.309224 7.247872 17.029076 7.225401 17.508511 22.767954 14.093388 8.256498 16.359124 15.548580 23.748019 6.594539 10.527569 15.543411 17.647235 16.152826 9.784347 12.147077 18.578200 23.122177 13.913148 21.664613 8.487846 17.770575 14.643572 23.683154 7.136940 23.099997 20.974204 23.366249 11.840029 24.921568 24.786554 18.623183 13.256980 11.353904 17.191363 16.641721 24.120751 17.547528 21.135484 23.205657 21.530763 12.575094 10.886767 17.012289 22.848468 15.099359 24.130498 11.433900 18.209385 6.363587 16.644822 12.313929 23.318150 8.837816 6.095118 22.434810 22.305415 20.429627 16.508994 11.683414 24.275837 11.853149 22.181396 21.481023 22.691753 14.216895 5.513152 8.719207 8.616873 18.111275 22.975828 12.044685 18.547464 14.567340 16.600974 13.216887 21.120664 20.297981 18.756532 22.737346 19.081810 21.097706 18.179386 6.373087 9.818228 7.991236 14.087551 19.179482 21.710397 13.664214 18.488715 23.929901 22.776046 14.056916 20.654211 7.335856 16.115322 16.081129 24.273951 13.110796 10.214075 15.649300 13.620456 8.582159 7.317898 5.732300 9.848293 7.221258 11.516554 24.774195 7.439441 17.942347 7.113897 20.198901 13.210020 24.504416 20.763397 9.359806 21.832465 21.429342 22.020825 13.693606 8.790858 15.054462 24.168767 13.671685 7.236294 23.992348 14.036619 12.485683 11.499812 20.932625 6.835821
60
324
0 7 9.978251
0 9 6.179921
0 12 8.423787
0 24 1.947426
0 29 5.954469
0 30 8.353099
0 32 6.702384
0 36 6.647724
0 45 1.436823
0 49 9.913166
0 55 4.847423
0 57 5.871345
0 59 4.093437
1 14 7.328553
1 20 8.316357
1 22 2.849699
1 30 1.986451
1 31 5.740310
1 42 2.767180
1 43 3.996804
1 56 5.488629
2 3 5.736216
2 11 2.804696
2 18 3.470501
2 23 2.097752
2 27 4.099630
2 31 7.436652
2 39 2.332829
2 42 6.144669
2 44 2.069994
3 17 2.760111
3 19 8.105242
3 22 6.854974
3 25 8.839730
3 32 7.145423
3 55 5.615407
4 10 1.958883
4 15 1.167283
4 16 3.726460
4 27 7.193975
4 37 8.556879
4 39 5.666285
4 46 3.682457
4 47 9.312438
4 48 6.629342
4 54 5.431077
4 56 7.605850
4 57 4.084328
5 7 6.987866
5 8 8.230540
5 12 5.210606
5 21 6.884224
5 22 2.748165
5 24 8.419716
5 28 8.933868
5 31 5.527477
5 38 7.141601
5 45 9.776744
5 58 8.760149
5 59 5.112296
6 9 6.619600
6 10 6.987900
6 13 3.301274
6 23 7.046189
6 26 1.523339
6 27 9.223340
6 29 7.735162
6 32 5.563249
6 33 9.437751
6 35 4.889495
6 48 6.107620
6 52 4.052825
6 57 4.184495
7 11 5.889937
7 13 9.121134
7 14 6.963124
7 20 3.951789
7 26 3.926013
7 28 3.258834
7 32 3.659916
7 42 3.612969
7 43 7.731068
7 46 5.089722
7 58 8.799670
8 9 1.419086
8 20 2.538791
8 23 8.104075
8 35 1.404665
8 40 4.497234
8 51 7.983343
8 57 8.987863
9 13 5.524384
9 14 4.334739
9 22 7.579689
9 31 8.701995
9 33 7.503018
9 34 1.582492
9 37 5.381904
9 40 9.344156
9 43 3.948694
10 12 8.231521
10 21 3.224949
10 22 7.835864
10 23 7.279417
10 26 2.156024
10 33 3.337557
10 34 9.456330
10 35 9.519921
10 37 5.684756
10 38 6.306107
10 48 8.981734
11 15 3.423034
11 31 5.981116
11 35 5.476072
11 39 9.317041
11 40 6.916319
11 44 4.142001
11 49 4.993573
11 54 8.555581
11 55 5.255559
11 59 9.995563
12 16 3.865929
12 30 4.145551
12 31 4.953719
12 37 7.857426
12 51 4.609724
12 56 5.916441
12 58 8.862248
13 14 7.557331
13 19 4.714567
13 22 2.409946
13 27 4.690034
13 35 6.409128
13 44 6.861052
13 48 8.859635
13 53 2.168322
14 25 7.185584
14 27 3.827710
14 28 7.373551
14 30 5.859270
14 39 5.819804
14 43 2.847362
14 48 9.414527
14 57 6.340558
15 22 4.815220
15 23 9.897708
15 28 6.619264
15 31 2.208414
15 36 7.179357
15 41 6.238295
15 46 8.098223
15 59 2.923604
16 27 1.343399
16 29 5.379387
16 35 9.381260
16 43 6.279876
16 47 9.354925
16 51 7.273863
16 54 6.709727
17 20 9.006069
17 28 8.604087
17 34 2.177485
17 40 5.223881
17 44 6.441291
17 46 2.815204
17 51 5.128990
17 53 8.094395
17 54 3.819931
18 23 9.991139
18 26 3.883812
18 30 3.127229
18 39 2.977499
18 55 8.505648
19 23 6.175939
19 27 8.869401
19 37 7.242800
19 42 5.872119
19 46 5.195461
19 49 4.892953
19 51 4.877764
19 56 5.675603
20 23 2.655593
20 28 8.920600
20 35 8.329237
20 39 1.767264
20 40 1.427590
20 43 5.334076
20 45 6.477007
20 47 1.184607
20 50 2.112098
20 59 3.406991
21 22 4.680342
21 24 6.438063
21 34 1.024211
21 38 6.992864
21 40 2.245951
21 44 9.220042
21 46 4.223215
21 47 3.267195
21 52 2.585535
22 24 9.720137
22 25 9.769976
22 32 5.510748
22 41 5.661706
23 24 7.749553
23 33 7.869200
23 38 5.179485
23 41 1.615159
23 45 8.951088
23 49 4.720199
24 37 2.825166
24 40 1.380464
24 42 6.503732
24 50 4.745016
24 56 2.007183
24 57 7.922336
25 29 6.334540
25 36 2.742465
25 44 9.695533
25 50 2.274949
25 51 9.748405
25 54 6.065671
25 56 9.812279
25 57 6.884088
26 30 6.319633
26 34 6.457226
26 40 7.899997
26 54 5.724288
26 55 9.860669
27 35 3.958813
27 39 6.105998
27 44 5.486083
27 52 3.242663
27 57 6.326038
28 38 6.704314
28 50 6.834663
28 58 3.077132
29 33 4.784009
29 35 4.312929
29 36 9.243227
29 43 2.635333
29 46 6.985648
29 55 5.324672
29 57 7.262590
29 58 4.014639
30 31 3.229149
30 40 6.913686
30 47 3.086114
30 49 3.874661
30 51 1.625163
30 57 9.623766
30 58 7.123502
30 59 4.893877
31 38 1.796721
31 43 8.298252
31 45 7.286563
31 51 6.749723
31 53 7.293752
32 51 8.363528
32 52 7.204971
33 34 9.530460
33 36 6.237864
33 56 8.743038
33 58 3.577319
34 41 2.086106
34 44 4.054855
34 46 4.112460
34 47 7.216611
35 37 1.485990
35 44 1.360050
35 47 4.871204
35 54 5.777508
35 56 9.203655
36 37 4.525546
36 43 5.860787
36 51 4.568331
36 56 7.695627
36 57 8.116633
37 40 5.967365
37 46 2.868950
37 47 7.212137
37 50 3.544647
37 53 2.743992
38 43 7.139618
38 44 4.071172
38 52 3.670587
38 55 2.370893
39 40 2.439387
39 47 7.091082
39 50 2.931881
39 55 4.540552
40 58 5.511191
41 48 7.931229
41 50 7.279847
41 51 6.377616
41 53 1.062497
42 44 7.983613
42 46 2.370907
42 47 8.619441
42 54 1.230296
43 44 3.984874
43 47 9.233488
43 48 2.540637
43 49 6.804948
43 58 2.493806
44 52 6.119557
45 50 6.216228
45 52 1.846729
45 59 2.968379
46 47 9.786523
46 52 4.182196
46 59 9.437363
47 48 5.469074
47 50 3.660200
47 56 4.467631
48 51 2.439943
48 54 2.091075
48 55 4.096048
48 56 4.092944
48 57 3.715029
50 52 8.537462
50 59 9.064963
53 56 7.574243
55 56 3.017983
467.927964 281.458764 474.787269 449.904546 443.792552 373.856021 264.945511 251.496715 293.752845 513.586112 428.143580 285.020988 401.399143 338.796397 274.692466 289.983718 309.343851 249.371600 466.253329 450.887451 284.138123 269.209618 325.385028 304.872684 498.810831 279.566576 405.055294 308.177497 419.898474 464.414188 349.402376 330.090304 345.625910 425.779323 424.537279 308.627154 273.703763 248.187472 420.055751 470.267661 320.653344 240.565560 516.205088 326.474841 468.299654 334.665807 455.594326 481.709906 327.725527 409.342040 449.171744 293.208957 427.305679 351.033406 239.745172 252.653896 300.691545 226.757331 255.307387 309.819948
