900
1797
0 1 10.744694
0 2 12.438508
0 3 2.247102
0 4 18.662384
0 5 5.623007
0 9 12.459902
0 10 5.720060
0 11 4.106851
0 13 3.826248
0 16 7.494875
0 20 3.467880
0 47 7.245756
0 49 2.497023
0 54 17.198614
0 58 6.570073
0 75 13.705835
0 78 17.831178
0 102 6.832647
0 104 16.135274
0 115 13.484347
0 164 3.471829
0 185 10.139832
0 186 13.825252
0 190 7.842008
0 225 10.871275
0 230 16.076151
0 264 12.197384
0 295 15.152716
0 302 6.510455
0 305 17.154915
0 343 12.281993
0 351 10.887018
0 383 11.848420
0 472 13.301743
0 526 16.918912
0 530 16.923653
0 649 11.721953
0 725 3.036455
0 726 7.327970
0 745 14.378417
0 754 18.621933
0 787 18.764060
0 819 4.840904
0 821 1.158974
1 2 11.029747
1 14 15.335193
1 24 16.517118
1 28 9.090425
1 36 4.494934
1 42 2.041629
1 59 13.188442
1 92 14.610983
1 102 10.702051
1 107 10.242357
1 109 1.495144
1 143 4.641820
1 169 12.214439
1 176 11.661224
1 239 6.513646
1 253 12.560072
1 419 10.428509
1 475 14.496719
1 497 1.492026
1 876 9.210628
1 899 1.543200
2 3 7.637883
2 4 5.620000
2 12 1.406723
2 21 14.085468
2 23 1.485416
2 28 16.099293
2 29 5.633583
2 34 2.841166
2 70 4.623912
2 76 15.146792
2 86 17.012075
2 100 7.017180
2 112 5.860171
2 119 19.509630
2 174 7.610346
2 183 12.540324
2 202 2.399800
2 211 15.205275
2 234 5.502885
2 240 15.662742
2 287 7.023391
2 396 12.643297
2 429 5.694147
2 489 6.510727
2 576 19.346696
2 662 1.630393
2 701 2.550751
2 730 13.588192
2 751 18.172134
2 770 1.604258
2 833 16.051753
2 837 16.265824
2 869 2.207317
3 6 17.547613
3 7 4.013721
3 8 10.493951
3 11 13.105625
3 12 3.687706
3 21 13.422822
3 27 3.139718
3 31 11.309072
3 39 9.990207
3 60 14.791695
3 70 2.003870
3 81 5.813953
3 82 16.186173
3 87 8.235791
3 101 6.658729
3 142 2.162210
3 172 12.784908
3 199 10.818517
3 208 12.838891
3 246 3.492788
3 270 4.761384
3 275 17.754101
3 290 7.870613
3 295 1.842906
3 333 19.010509
3 344 6.029302
3 354 15.390046
3 377 14.455192
3 384 8.151806
3 408 1.392303
3 447 5.854130
3 468 7.723900
3 480 8.153916
3 490 9.209721
3 519 16.526648
3 535 18.898833
3 604 1.157950
3 615 3.794315
3 619 15.599500
3 636 1.788678
3 651 6.393291
3 662 6.338627
3 721 6.620613
3 753 4.537591
3 792 15.705029
3 855 4.965162
4 5 16.865744
4 6 18.289811
4 7 2.494396
4 15 14.411109
4 37 1.370314
4 53 2.458077
4 62 8.120568
4 66 8.017833
4 71 18.828645
4 72 1.606122
4 122 12.409878
4 193 3.005730
4 223 15.724475
4 249 10.180393
4 330 4.848670
4 416 12.423299
4 459 18.859675
4 467 18.709877
4 539 1.559028
4 549 18.931549
4 555 1.873001
4 601 10.555989
4 625 12.685106
4 673 11.771280
4 802 4.721283
4 815 6.409805
5 15 7.070005
5 65 2.859140
5 88 3.132906
5 89 10.974175
5 103 13.300125
5 120 1.590857
5 133 17.653725
5 134 15.461305
5 154 5.767591
5 156 12.894479
5 162 5.111384
5 167 8.345855
5 222 19.710454
5 241 6.203282
5 259 8.432825
5 291 11.876139
5 362 6.577802
5 395 7.697416
5 428 14.890217
5 486 19.366172
5 520 12.404764
5 765 5.690644
5 823 10.223558
5 850 7.050608
5 886 3.708035
6 8 6.008672
6 9 1.952735
6 10 16.815250
6 14 15.167478
6 19 13.563216
6 22 14.784875
6 23 2.867192
6 24 10.253409
6 26 15.719809
6 32 3.803744
6 35 19.004357
6 41 4.760873
6 47 1.578592
6 57 9.673950
6 63 8.711103
6 72 18.874352
6 74 12.504783
6 77 3.058330
6 82 7.168323
6 85 8.614642
6 100 14.865617
6 113 15.015992
6 114 13.852012
6 125 10.888643
6 141 18.636727
6 156 13.914905
6 171 7.206633
6 180 6.311736
6 190 15.501587
6 203 6.244423
6 219 6.630733
6 239 13.772001
6 289 11.827203
6 326 19.862539
6 364 11.286450
6 424 15.300295
6 474 17.929718
6 587 14.921863
6 596 6.526958
6 600 19.551450
6 613 15.878907
6 653 9.476143
6 682 9.459555
6 690 18.014928
6 824 5.773559
7 266 6.219959
8 16 13.312205
8 17 18.072305
8 18 5.567001
8 22 16.713249
8 25 10.783194
8 26 2.276401
8 29 13.229190
8 31 17.489319
8 35 7.549673
8 40 8.863441
8 44 3.105555
8 46 15.131920
8 49 6.958242
8 51 4.233725
8 56 4.131622
8 69 16.278130
8 79 1.342247
8 106 4.275934
8 118 2.891973
8 120 14.041340
8 150 18.506428
8 159 6.002708
8 192 6.414732
8 209 15.735925
8 220 4.107274
8 232 5.649788
8 247 10.540933
8 255 5.506895
8 285 7.660821
8 286 5.932805
8 310 1.737392
8 336 11.673347
8 349 13.966267
8 380 12.114026
8 393 3.543758
8 410 6.904999
8 418 6.014676
8 472 12.516182
8 480 11.154191
8 487 17.242197
8 500 10.921879
8 515 14.400875
8 571 10.478093
8 621 2.665638
8 624 10.654928
8 639 18.742756
8 670 2.893982
8 682 17.612795
8 688 11.583944
8 793 13.871892
8 861 17.126666
8 864 8.069221
9 13 8.099764
9 17 2.465543
9 54 16.652369
9 65 7.643372
9 89 19.994138
9 93 11.604109
9 96 17.098715
9 116 8.274912
9 125 15.344071
9 144 17.545799
9 157 18.761195
9 163 11.170045
9 194 13.103447
9 201 14.791975
9 322 1.352928
9 417 17.529431
9 625 19.254912
9 630 17.760819
9 639 9.041102
9 660 15.128260
9 734 5.422461
9 879 16.481805
10 27 7.728656
10 37 14.380415
10 43 7.309816
10 88 4.791669
10 108 11.806876
10 137 12.431598
10 202 10.228255
10 214 14.108412
10 235 1.942614
10 238 11.244300
10 267 5.754426
10 381 11.802146
10 456 5.213996
10 545 15.944788
10 595 4.644242
10 853 2.518651
10 857 15.939003
11 20 8.859481
11 55 9.014723
11 242 7.519232
11 299 19.396000
11 357 16.085662
11 875 19.656081
12 30 4.324866
12 50 19.245502
12 73 7.302700
12 110 13.041397
12 132 13.941621
12 232 9.659543
12 246 7.251512
12 345 14.660826
12 389 16.058687
12 536 1.459474
12 717 18.301774
12 727 15.762894
12 733 16.451870
12 884 8.777643
13 41 9.666416
13 56 8.484171
13 84 12.042816
13 105 13.755652
13 127 7.827478
13 139 5.218802
13 146 12.715226
13 260 7.396446
13 341 1.609659
13 371 11.323303
13 431 7.557177
13 478 7.608149
13 493 3.833883
13 548 15.061404
13 653 11.184370
13 697 8.165100
13 746 10.462370
14 68 5.245828
14 90 8.633207
14 159 10.233413
14 196 16.709263
14 271 12.975184
14 362 2.882388
14 786 3.887998
15 18 1.088699
15 30 19.579291
15 44 11.428511
15 60 8.095678
15 69 17.435714
15 109 16.247572
15 150 17.956578
15 187 12.483360
15 189 12.993694
15 198 17.618733
15 218 12.664295
15 256 5.922839
15 296 13.661219
15 358 14.636818
15 370 14.183688
15 378 4.026104
15 392 6.100502
15 448 3.884128
15 461 19.198838
15 464 1.531079
15 475 7.470022
15 498 2.511200
15 719 1.725297
15 776 13.332455
15 800 15.383472
15 858 6.562575
16 38 9.413464
16 50 5.827304
16 61 14.884268
16 62 16.337793
16 117 5.374223
16 138 15.561663
16 144 10.788301
16 145 7.367638
16 205 5.803451
16 268 11.641305
16 314 12.479892
16 342 7.409686
16 385 17.502537
16 465 16.852567
16 470 8.908599
16 496 5.898357
16 529 9.305114
16 534 7.759179
16 541 8.038953
16 628 3.259644
16 672 12.119766
16 869 15.174656
17 33 15.905911
17 53 1.110624
17 126 13.606931
17 229 10.052144
17 240 1.491318
17 250 13.598877
17 261 9.339929
17 276 3.531754
17 301 15.021870
17 325 11.734815
17 339 17.980804
17 372 7.397089
17 434 19.053776
17 559 4.317425
17 567 8.380791
17 596 12.240796
17 629 17.712347
17 729 13.884019
17 753 4.809676
17 776 1.285822
17 848 7.986145
18 19 15.283473
18 42 5.167013
18 97 19.173841
18 101 11.753443
18 108 19.657027
18 127 9.419738
18 128 17.192634
18 129 2.188198
18 149 2.019914
18 197 19.087177
18 229 5.823414
18 254 17.727162
18 273 7.470657
18 375 18.160667
18 462 8.333240
18 516 5.532105
18 582 18.547659
18 598 13.554403
18 618 16.872099
18 686 7.294323
18 728 14.537176
18 788 10.428263
18 801 1.255558
18 831 2.301648
18 888 11.496697
19 46 2.931717
19 64 12.625170
19 91 4.342093
19 452 2.168327
19 553 10.963508
19 790 13.809943
20 45 10.092842
20 51 16.774354
20 166 6.588430
20 521 18.837779
20 557 4.615899
20 860 12.022757
21 40 14.420864
21 61 5.144354
21 280 4.228919
21 396 6.015581
21 449 5.249655
22 36 1.727037
22 57 16.762303
22 83 11.079472
22 112 15.348847
22 130 5.875308
22 155 16.426323
22 244 8.417619
22 317 4.857791
22 334 12.655079
22 398 15.388564
22 440 10.240541
22 537 9.257017
22 581 16.763423
22 585 1.397601
22 640 5.903147
22 832 9.003779
23 25 12.675783
23 33 7.148380
23 94 10.010800
23 178 17.036187
23 374 10.710035
23 423 11.294001
23 513 6.967040
24 45 11.373012
24 63 8.158660
24 135 2.867616
24 258 5.551000
24 438 15.726888
25 132 2.251691
25 151 12.138869
25 255 16.344446
25 289 7.649011
25 334 14.964858
25 420 11.472855
25 632 10.986232
25 635 3.632171
26 71 17.280003
26 93 9.940471
26 200 2.190922
26 210 8.505991
26 310 9.587024
26 473 1.629372
26 495 19.594954
26 564 11.305893
26 640 16.434723
26 696 15.422562
26 898 2.241786
27 52 14.819656
27 140 14.527504
27 186 12.181038
28 81 15.292082
28 105 15.520807
28 461 8.587805
29 32 17.862410
29 92 15.849841
29 106 8.429130
29 149 12.896317
29 157 16.873852
29 250 14.504068
29 282 2.119103
29 309 6.179233
29 486 12.926326
29 507 19.414096
29 551 12.384120
29 644 4.653507
29 645 17.864017
29 675 12.634763
29 858 12.611748
30 511 12.151288
30 778 6.142248
30 813 1.876031
31 67 11.088358
31 110 3.854460
31 193 11.411107
31 404 9.163958
31 467 13.061884
31 487 13.156339
31 749 10.160963
32 34 5.125521
32 48 10.344385
32 52 14.493018
32 143 3.540021
32 182 2.890207
32 444 1.745198
32 540 10.355809
32 797 15.359754
32 897 11.940536
33 38 19.482704
33 39 9.832339
33 64 6.587736
33 90 7.249956
33 218 12.587600
33 220 11.803296
33 311 13.328419
33 443 18.113693
33 521 5.026044
33 572 4.427945
33 591 14.238077
34 58 2.364463
34 115 9.501859
34 407 7.273599
34 450 9.720165
34 527 19.637182
34 646 13.368027
34 729 5.146303
35 87 19.968537
35 122 11.210064
35 131 7.467421
35 170 15.554363
35 173 1.701215
35 204 9.446952
35 290 1.092425
35 346 7.037775
35 612 4.621721
35 758 16.323328
35 886 13.560925
35 893 17.303734
36 43 5.752162
36 66 2.991445
36 74 15.587057
36 179 9.102893
36 279 17.926487
36 285 12.656103
37 91 17.457613
37 188 7.343674
37 315 7.226225
37 419 12.878182
37 664 11.560441
37 684 5.004054
37 804 8.118844
38 170 7.791138
38 265 3.460945
38 762 18.691108
39 79 11.736264
39 119 9.525420
39 131 17.740783
39 153 4.116470
39 168 17.287278
39 282 4.604794
39 440 13.074233
39 543 4.945723
39 561 15.697910
39 766 13.654628
39 879 13.981925
40 67 14.863792
40 94 19.083348
40 262 11.047868
40 300 12.484363
40 324 16.299701
40 353 15.486827
40 430 6.856943
40 492 4.787314
40 702 17.410260
40 740 18.396799
40 755 7.278884
40 855 15.932242
40 887 4.832514
41 835 16.792324
42 48 19.884836
42 99 6.078512
42 123 17.204428
42 153 5.772418
42 401 18.586486
42 637 10.946896
42 712 3.205562
43 55 3.026500
43 68 14.892564
43 75 12.570240
43 77 3.524950
43 84 11.266896
43 114 3.378696
43 263 18.136315
43 387 7.468195
43 452 12.831812
43 471 7.405023
43 482 17.959256
43 544 3.598148
43 635 8.159143
43 816 18.917976
44 98 13.506819
44 394 17.589326
44 398 18.479422
44 543 10.240931
44 686 14.909090
45 95 1.934474
45 96 12.268750
45 121 4.695406
45 145 4.068185
45 195 7.371252
45 248 9.219998
45 263 19.787435
45 301 13.952739
45 423 17.392421
45 623 14.380681
45 766 3.521644
45 785 19.294378
46 332 5.360730
46 348 8.400057
46 426 11.912871
46 759 11.205992
47 59 19.877023
47 78 11.131287
47 103 3.610425
47 148 16.963588
47 328 14.110004
47 460 11.950767
48 732 19.744043
48 844 4.246918
49 86 4.395058
49 172 19.394249
49 199 17.579424
49 247 2.291053
50 337 13.557389
50 339 4.348353
50 415 9.987396
50 615 18.068576
50 710 17.578893
50 715 5.800614
50 809 12.147226
51 138 10.737069
51 507 19.244609
51 520 15.347652
51 579 18.162658
52 80 3.077119
52 168 15.598698
53 80 5.558660
53 226 2.550787
53 570 6.588426
54 133 6.698136
54 146 2.925416
54 162 5.424693
54 664 10.241117
54 833 9.797791
55 723 6.844159
56 97 12.904679
56 209 14.018717
56 498 3.833575
56 577 13.374385
56 633 15.325112
56 783 8.695943
57 248 6.983192
57 546 17.114888
57 594 16.834937
57 752 9.917559
57 764 14.989733
59 627 11.799804
59 638 3.046009
62 231 3.112941
62 309 5.518805
63 118 2.164487
63 206 3.282646
63 755 17.743892
64 116 11.097931
64 184 7.950412
64 277 5.515200
64 283 14.447754
64 481 17.087754
66 206 2.731608
66 479 6.679401
66 806 17.905739
67 124 15.433686
67 191 4.923184
67 880 9.957218
68 147 1.845415
68 175 16.426378
68 542 17.555862
68 563 14.037560
68 691 16.052687
68 765 1.357919
68 802 12.023887
68 803 11.930057
69 147 2.768908
69 319 14.255255
69 321 8.750663
69 456 16.496582
69 668 15.729182
70 73 9.213265
70 135 14.421994
70 158 18.920776
70 272 1.779705
70 464 18.531211
70 523 19.368436
70 589 13.914105
70 707 15.995505
70 773 1.386598
70 780 7.153337
70 823 13.708124
71 76 5.886000
71 117 2.383730
71 205 1.398163
71 252 18.046271
71 425 7.321656
71 519 10.519634
71 567 12.871988
71 580 18.040093
71 611 10.723218
71 711 17.677141
71 832 19.154451
71 870 4.883714
71 896 19.655906
72 151 18.456161
72 215 9.418950
72 221 17.838486
72 297 17.741828
72 405 11.935292
72 885 3.997068
73 95 17.766457
73 136 14.411939
73 256 10.617673
73 368 5.864548
73 525 8.946720
75 121 13.973854
75 692 3.594594
75 761 16.473834
76 284 13.023264
76 878 9.757125
77 173 16.649164
77 505 1.865257
77 777 9.940903
77 811 16.381948
78 85 10.829719
78 98 4.761519
78 233 7.517788
78 268 11.127960
78 303 7.908141
78 365 17.798512
78 731 12.487988
80 697 17.837360
81 141 12.055661
81 210 11.741158
81 215 3.813690
81 484 3.504682
81 701 3.416882
82 83 11.459103
82 129 1.983571
82 358 12.221533
82 654 7.956665
82 881 18.533208
83 111 9.776651
83 161 11.985439
83 187 5.154676
83 261 8.021056
83 403 9.770816
83 421 3.237190
83 781 15.894222
84 356 9.498438
84 359 19.216103
85 158 19.895636
85 217 3.539588
85 414 5.319177
86 346 5.620488
86 357 17.608855
86 710 2.910270
87 177 8.216325
87 180 3.184953
87 196 7.819772
87 245 13.255862
87 329 19.448372
87 356 10.913525
87 509 13.531644
88 128 1.282066
88 296 14.099236
88 386 4.497258
88 412 11.606807
88 458 16.643086
89 111 19.981582
89 336 5.547878
89 426 2.137053
89 445 10.176302
89 808 11.424604
90 680 14.076476
90 685 6.043495
90 841 7.820957
90 866 8.708263
91 99 19.350087
91 107 14.497433
91 154 7.242627
91 160 9.151915
91 242 8.126340
91 292 15.360212
91 513 19.768842
91 534 15.113722
91 711 12.186194
91 795 10.530597
91 816 18.903448
92 104 15.463746
92 325 4.737426
92 365 2.554754
92 381 17.070221
92 429 16.712283
92 465 6.605553
92 721 11.313368
92 774 16.190490
93 181 5.777170
93 609 16.290902
94 408 14.244136
94 506 6.228856
94 516 2.674548
94 581 19.108739
95 224 1.378809
95 483 16.658175
96 281 13.301047
96 433 13.144259
96 552 18.414989
97 142 3.764878
97 331 19.799452
97 351 9.415794
97 374 7.800176
97 382 2.836148
97 406 8.715955
98 347 7.934654
98 453 11.379142
98 556 1.590197
99 137 18.788238
99 194 5.262807
99 207 10.458170
99 221 5.209241
99 266 19.641345
99 559 16.292536
99 590 8.705405
99 606 19.782372
99 865 1.858716
99 892 10.169633
100 134 14.527851
100 277 18.252506
100 448 11.040623
100 598 14.990263
101 161 4.026491
101 191 13.551568
101 275 5.156312
101 288 4.258008
101 327 11.717131
101 373 17.076063
102 163 4.092999
102 236 17.737119
102 237 1.447059
102 270 1.016562
102 326 19.114936
102 363 10.209755
102 442 12.170702
102 608 7.035277
102 655 9.977167
102 743 1.155648
102 763 12.340596
102 841 11.000429
103 136 14.611916
103 259 7.749219
103 557 8.108799
103 620 2.615249
103 738 15.631522
103 747 17.605775
104 244 14.331259
104 251 10.343331
104 330 10.624840
104 477 5.018945
104 613 10.541876
104 730 1.472670
105 538 7.233013
105 580 9.827157
106 671 1.450460
107 549 18.526769
108 177 6.160142
108 192 8.860267
108 308 12.475379
108 716 13.672844
109 123 6.291500
109 299 4.527974
109 332 4.724808
109 560 5.943713
110 113 14.502493
110 175 15.856819
110 184 14.420177
110 185 10.986287
110 200 13.904606
110 491 3.178464
110 502 13.615075
111 130 7.190564
112 679 15.193341
112 862 14.299261
114 126 12.715622
115 139 17.932524
115 140 16.021809
115 401 1.770236
115 505 16.540161
115 688 7.081530
116 287 2.463412
117 284 15.660032
117 393 17.573549
117 547 18.481037
118 216 19.794609
118 703 1.889897
119 165 7.738389
119 251 2.475726
119 369 12.867264
119 391 11.291880
119 768 17.745838
120 152 14.907592
120 183 15.865332
120 307 15.425874
120 514 9.149133
120 696 11.754516
120 822 18.696448
120 824 3.425802
121 451 9.467308
121 506 8.998978
122 155 14.356542
122 750 16.113549
123 124 17.212444
123 532 18.530809
124 376 5.887955
124 619 11.942020
124 821 6.687976
125 227 3.762254
125 241 10.531061
125 395 14.286300
125 535 17.036924
125 731 4.801731
126 148 4.095116
126 179 2.828029
126 367 18.794708
126 572 19.720653
127 345 17.936409
127 477 8.218658
127 490 18.988745
127 850 19.743555
128 212 5.564218
128 237 10.875708
128 316 15.252062
128 432 2.168325
128 479 11.307253
128 616 10.835559
129 164 16.009706
129 181 15.132139
129 744 19.921086
129 844 6.452573
130 305 19.808572
130 369 12.117702
130 544 15.983973
131 320 5.282567
131 575 19.284899
133 204 4.459301
134 252 16.857554
134 317 11.903268
134 421 10.603288
134 744 12.451881
135 390 7.579769
135 718 17.081344
136 651 5.495078
137 152 6.935274
137 478 10.106559
137 761 3.737451
138 278 17.666668
138 547 1.768765
138 548 17.758721
138 551 1.779837
140 165 3.830510
140 451 16.052466
140 469 8.163205
140 742 1.091749
141 169 16.905433
141 213 14.240955
141 411 4.128656
141 515 1.533350
142 233 11.386619
143 304 15.229606
143 646 13.917130
143 845 17.887665
144 195 3.764234
144 216 12.711267
144 236 18.446476
145 568 6.862912
145 622 14.085194
145 667 6.265898
145 676 2.825288
145 732 17.562155
146 223 2.490065
146 659 15.398529
146 666 12.831347
147 434 19.845736
147 497 3.576307
147 565 3.361000
147 694 10.940335
147 779 15.936744
147 792 19.473250
147 860 16.922549
149 166 5.334677
149 174 8.605968
149 176 10.212929
149 178 2.752954
149 243 2.147243
149 335 14.311755
149 341 11.853245
149 359 11.691165
149 388 19.705753
149 699 9.712151
150 340 5.025443
150 707 19.994171
151 207 15.966821
151 214 12.535508
151 323 18.008728
151 368 7.346156
151 500 1.940094
151 517 13.003877
151 643 6.264458
151 670 8.122628
151 760 6.707223
152 201 19.304498
152 219 16.948833
152 294 7.311053
152 677 4.171230
153 828 18.842583
154 364 8.640907
154 530 10.911495
155 160 9.819182
155 678 9.244053
155 859 7.063426
156 189 1.323533
156 488 2.475784
156 601 2.036907
156 703 18.776247
156 748 13.687471
158 203 17.284842
158 300 9.057293
158 518 15.184829
158 633 17.617847
158 798 3.738498
159 182 12.164025
159 431 8.074555
159 484 6.767956
159 554 1.987322
159 691 18.006579
161 335 2.565320
161 342 17.670418
162 197 9.896633
162 779 9.288262
163 280 6.254537
164 264 2.928300
164 894 12.017234
165 167 15.344466
165 238 13.396523
165 422 12.608572
165 518 14.065356
166 361 15.465654
166 501 5.608250
167 171 2.158094
167 258 1.687003
167 306 12.632010
167 348 12.056402
168 459 7.231040
169 524 15.611743
170 188 14.000397
170 323 3.589852
171 245 9.439534
171 427 12.480548
171 443 16.347760
172 457 18.511167
172 527 4.171622
172 541 14.927697
173 390 19.448488
173 405 4.558175
173 636 11.573428
175 502 4.476607
177 225 12.214912
177 574 12.219567
177 809 17.733986
178 211 7.495779
178 294 11.903535
178 681 14.532824
178 757 10.289260
178 775 3.427925
179 379 9.353983
179 503 3.773812
179 656 12.663956
179 693 13.005166
179 863 10.758529
180 413 6.891119
180 435 8.623539
180 695 8.714416
181 212 16.890736
181 599 19.771315
182 687 13.381692
183 224 15.125775
183 817 9.342943
184 198 3.206360
184 318 9.348679
185 217 1.437489
186 420 17.936194
187 372 18.208270
187 522 4.838454
188 228 19.696686
188 329 3.743049
188 446 10.807285
188 658 9.844522
188 883 4.490021
189 274 2.390522
189 637 9.685473
190 267 1.414825
190 463 13.599169
190 603 15.287624
191 260 15.290410
191 262 17.518789
191 288 4.894831
191 433 7.025697
192 743 7.603762
193 319 6.852987
194 387 4.994458
194 787 6.665471
195 226 18.541205
196 231 3.748269
196 293 4.796074
196 416 5.631114
196 494 7.081483
196 793 17.578004
197 312 5.778692
197 512 19.671460
198 213 9.499471
198 322 12.070674
198 375 7.520460
198 540 16.898357
198 667 3.799053
198 676 9.575496
198 834 15.240576
199 435 14.768119
199 642 18.881848
200 558 8.557610
200 865 18.967335
201 652 6.533177
201 735 14.524859
202 230 6.211947
202 704 12.631211
203 338 17.719528
204 344 2.746770
204 352 13.330306
205 313 4.018204
205 683 9.636384
206 269 5.394777
206 363 10.548401
206 634 3.844984
207 208 14.052874
207 265 19.153956
207 320 19.701040
207 380 6.825418
207 741 17.102919
208 227 13.289281
208 257 15.755488
209 306 1.267329
210 666 4.134237
210 698 11.600460
210 700 12.465047
211 222 2.982112
211 291 1.467564
212 228 17.354925
212 504 13.820157
212 593 1.092118
212 829 10.323571
212 871 6.012445
212 878 1.424173
213 274 1.787754
213 706 6.437423
214 234 14.104551
214 840 14.214747
214 867 1.074277
215 302 1.992551
215 402 12.164169
217 271 7.948098
217 798 5.881144
217 890 9.577331
218 293 13.414690
219 316 2.021335
219 555 9.276612
220 243 8.645784
220 254 3.251923
220 361 10.368947
220 831 9.899226
221 269 8.162587
222 276 15.699771
222 278 4.643283
222 286 1.576370
222 340 12.297786
222 349 7.737466
222 820 5.525841
224 283 2.323255
224 303 8.774474
224 457 11.716239
224 605 4.067038
224 714 7.338166
224 803 12.708160
224 826 5.650068
225 249 12.621988
226 253 18.859146
226 343 6.565120
226 720 7.142954
227 659 16.310009
227 750 10.435680
228 235 7.271405
229 397 19.432466
230 347 19.112290
231 808 7.103674
232 273 1.890017
232 360 5.539772
232 399 3.721732
232 681 4.381734
233 660 18.882667
233 890 17.061036
234 318 7.795586
234 366 1.425960
234 427 14.577928
234 430 4.506414
234 582 14.668351
234 884 9.557346
235 279 3.575880
235 298 1.012347
235 415 5.307859
235 468 18.828527
235 746 2.557465
237 438 17.215165
238 298 1.764864
239 321 9.320568
239 327 9.871005
239 439 13.912744
239 826 4.148466
239 862 2.748040
242 493 10.527525
243 331 15.904092
243 382 12.132457
243 418 12.325837
243 658 12.171724
244 308 19.543485
244 489 3.923897
245 257 6.457027
245 511 3.835473
246 476 4.551437
246 849 11.408449
247 641 11.235382
247 812 13.723175
250 583 5.449919
251 853 10.178088
252 771 8.199127
253 350 19.380273
254 488 17.331962
255 281 11.813630
256 350 17.600026
256 606 11.882672
256 709 1.256314
258 324 16.500682
258 337 3.703344
258 612 12.667522
259 272 19.006973
259 338 18.189948
259 605 14.341395
260 385 3.118752
260 437 15.082505
260 592 15.946664
260 616 18.896012
260 671 16.607582
260 840 4.080477
261 315 3.614863
261 411 1.504302
261 669 11.660705
262 328 14.873717
262 508 1.283014
262 588 17.610137
264 499 14.603902
266 460 16.050276
269 528 19.806894
269 556 9.386446
269 663 19.553326
273 404 17.473235
273 562 14.276231
274 297 19.563543
274 307 11.543446
274 377 11.256995
274 445 7.395142
274 504 19.033413
274 528 8.527767
274 579 1.081733
274 882 13.054378
276 458 12.067401
277 386 3.457906
278 333 1.092145
279 353 1.167191
279 389 6.580763
279 510 10.207853
279 533 10.773613
280 436 10.333647
281 367 16.463465
281 554 15.499870
282 312 10.846686
282 313 16.869926
283 436 4.264022
283 683 17.581908
283 736 17.866275
285 292 4.451505
286 366 11.557484
287 657 17.536696
292 360 7.471412
292 566 4.650998
293 422 19.183061
293 569 11.917490
294 455 2.255185
294 888 3.917175
295 441 1.182231
296 304 8.510243
296 311 6.920962
296 403 14.255756
296 529 7.533848
296 704 4.945577
296 747 1.042508
297 553 8.782416
297 610 15.713072
297 719 9.417505
298 314 7.522012
298 745 7.705359
298 756 13.400828
300 871 7.782444
302 391 8.628865
302 407 14.973902
302 600 12.437521
302 649 11.652960
303 355 5.098312
303 638 6.447407
304 354 16.136535
305 397 6.518848
305 568 4.214570
305 838 18.725812
306 576 15.277721
307 526 4.889449
307 587 10.750952
307 706 5.902280
308 813 11.734205
309 523 17.648699
309 818 5.519924
310 370 18.108616
310 409 16.935145
310 446 6.599558
311 414 19.573037
311 517 17.537991
312 476 4.195674
312 599 4.499592
313 531 1.378199
314 642 9.276230
317 789 9.708992
318 376 14.364268
318 797 3.937231
318 867 17.191537
320 442 16.461742
320 453 3.870992
320 454 9.739591
320 614 11.897570
322 689 4.463557
323 773 13.981871
324 424 1.833865
324 533 3.391194
324 565 3.466113
324 726 7.772579
324 836 8.374589
325 674 10.589517
326 378 4.737594
326 449 14.863075
326 574 14.979170
326 656 8.955220
326 687 13.057007
328 400 3.015709
328 573 12.417755
329 355 7.768605
329 466 2.469008
329 563 18.981715
329 621 11.674368
329 692 17.967542
330 739 2.919981
331 470 11.500139
332 503 1.387121
332 578 2.313059
332 618 7.849759
332 727 17.595936
332 891 5.941270
333 410 4.248139
335 880 5.353335
336 610 9.232719
336 712 8.631015
337 525 17.270086
337 603 12.866788
337 749 19.630298
338 499 6.797818
338 509 8.421099
338 650 17.703068
339 648 5.778675
340 868 4.398935
341 622 7.103196
342 383 18.194633
342 655 4.741952
342 883 14.793228
343 652 4.552939
343 887 12.205654
345 428 13.644706
345 626 9.688282
345 814 7.011837
346 384 8.131932
346 717 19.952126
347 352 15.152592
347 399 17.562013
347 722 1.137739
348 371 11.936031
348 402 18.702454
348 611 2.979902
350 481 7.264992
350 736 3.149236
351 394 17.834297
351 447 1.843868
351 482 11.082379
351 775 19.955372
354 532 9.559569
354 589 6.806144
354 713 6.339226
355 425 17.848951
358 805 1.913635
359 895 18.940361
361 406 19.063758
361 417 2.043286
361 566 1.560573
362 400 7.179719
362 496 16.919104
363 578 3.724711
364 437 9.799657
364 450 10.069557
364 550 10.569245
365 586 9.862576
367 466 6.408259
367 836 4.260040
368 373 13.501077
368 597 14.927119
370 444 15.383521
370 896 7.016551
372 379 4.078186
372 876 15.941825
373 522 17.446616
373 812 4.990269
373 868 11.691508
373 873 14.573509
374 804 3.867910
375 463 7.397872
376 786 17.523966
377 758 16.239910
378 454 19.892025
380 737 10.829686
381 573 9.815767
382 455 7.836374
382 693 2.352410
382 849 8.393924
383 412 17.919753
383 806 11.167828
384 392 11.513316
384 725 14.460784
385 388 1.746340
385 630 3.832374
385 764 5.897310
387 413 17.445788
387 510 8.189719
387 524 6.135434
387 856 15.199095
389 694 7.842507
390 471 6.518848
390 608 6.488422
390 785 14.807034
391 474 5.401997
393 538 16.836813
395 550 4.900272
400 817 5.584450
401 852 16.776143
403 818 15.409521
404 609 2.422130
405 409 11.369517
405 614 4.050280
405 644 4.156629
405 716 14.976836
409 607 19.735871
410 432 14.604553
410 537 17.539203
410 695 14.587455
412 552 1.142929
413 702 16.052693
414 495 13.517462
414 631 1.065181
415 501 18.948173
415 767 6.259583
416 724 12.203424
418 439 8.900755
418 848 12.940865
419 483 11.615071
420 469 17.527333
420 545 18.851049
420 648 17.929026
420 874 17.220788
421 473 7.590082
422 735 12.212685
422 788 14.695508
423 571 17.894162
423 794 7.491180
424 870 1.726668
425 641 8.725918
425 789 16.002580
425 894 1.082654
426 837 14.691939
426 854 13.307309
427 715 3.183067
428 492 9.491999
429 602 17.896881
431 560 4.589004
432 861 6.291708
433 441 14.611383
433 491 15.510855
433 684 15.995387
433 768 12.959464
434 494 17.944997
436 585 14.259117
437 586 15.252556
439 462 8.938666
439 531 9.905572
444 569 13.995102
444 577 15.390430
444 595 17.305122
444 628 2.911167
446 617 11.580930
447 583 17.670215
447 590 5.938934
448 508 3.277431
450 546 4.859136
451 673 10.170165
452 626 8.200868
454 594 12.016405
454 839 14.102320
455 819 3.559387
457 741 15.939614
461 864 9.162027
463 485 13.674445
463 627 3.312847
465 668 5.367358
465 689 9.193628
465 724 17.676581
466 485 17.470577
467 771 15.390027
469 885 6.412228
470 748 12.102802
471 852 13.487274
472 810 3.909163
475 705 4.489498
478 620 2.843121
479 708 6.998813
480 542 14.671542
480 737 19.595794
480 782 18.424774
483 514 7.231221
484 623 2.301228
485 709 6.936237
492 654 9.099242
492 820 12.709125
494 512 4.193325
496 881 14.173891
499 645 12.786976
499 738 17.117367
503 564 14.029345
504 708 8.073067
504 791 5.671619
508 740 1.724601
509 597 3.759066
509 757 7.459358
509 799 6.354227
509 889 12.586873
510 752 19.466455
511 877 11.138032
516 536 11.440879
516 631 9.553773
520 602 16.686154
522 791 11.598961
525 769 4.710949
526 562 13.711730
526 685 3.550183
526 846 9.731634
526 847 3.454690
527 539 17.508328
528 593 7.407427
528 760 13.802863
529 807 6.505012
529 834 15.161904
530 561 3.834260
533 591 5.214970
533 714 6.685498
533 874 10.630704
536 558 19.783909
539 672 18.730576
539 800 14.061839
541 722 12.896702
543 632 14.688975
543 872 10.345752
545 661 7.204453
545 843 17.473581
548 665 16.133391
549 584 4.502491
549 794 16.244931
551 647 17.395079
552 770 13.128932
553 847 13.148587
556 617 14.314930
557 657 16.534628
561 588 3.858406
561 723 3.946418
562 830 16.649018
563 584 5.806874
564 690 16.029641
566 570 15.275850
568 592 17.947493
570 607 17.226826
570 643 19.794109
571 575 10.689802
575 756 7.006667
576 650 17.138277
579 843 8.525794
584 604 8.152138
584 624 1.965983
587 665 15.195104
587 675 4.281652
588 634 2.283755
588 790 5.975499
588 892 10.189060
591 838 11.604953
592 705 3.917817
593 857 15.622354
593 898 9.410548
595 663 10.714940
600 677 11.700589
601 728 5.507916
604 772 1.405235
604 801 2.955956
607 872 11.431497
615 678 13.393250
615 827 7.429701
618 825 5.262647
619 629 9.166544
621 680 10.265434
621 718 15.406180
622 674 13.335448
631 807 16.082163
632 661 13.792127
634 699 4.169032
636 784 3.127172
638 810 14.598536
641 777 6.177405
644 647 12.200323
645 679 15.471115
646 799 3.703499
648 700 4.869777
652 720 3.137542
655 774 15.941911
659 739 17.281987
659 759 10.854552
659 839 13.866937
664 733 8.420161
664 751 12.100501
666 669 10.254425
668 754 5.148954
673 811 4.996292
676 828 10.512955
678 822 15.626232
682 829 9.533000
688 698 13.605977
690 825 6.349300
690 882 17.159324
694 863 5.753315
699 767 12.702842
703 713 5.805687
708 734 14.636966
708 795 18.487091
713 742 10.475058
717 851 8.759989
719 846 7.413622
722 763 9.069258
722 772 15.622516
722 856 13.261954
722 875 11.680280
722 897 14.615227
731 805 4.917387
732 782 13.563853
732 815 4.581599
734 780 13.148791
734 783 14.174900
747 830 1.985497
749 762 13.261830
750 827 15.185267
753 796 17.760003
754 845 7.657060
755 842 19.612924
756 835 1.855814
758 778 17.153380
760 784 5.581490
768 769 11.690125
770 842 12.786126
770 893 7.448354
775 781 3.031987
782 814 10.587025
783 859 15.423560
784 891 15.885849
788 796 6.246142
791 895 15.515568
798 873 8.457976
798 889 14.231511
802 851 19.901257
806 854 17.501744
810 899 17.491163
848 877 15.662732
860 866 19.349461
23.478069 14.245017 18.134881 17.210753 8.606213 21.476974 20.806284 16.447374 10.849992 7.198773 15.073086 8.492248 12.640833 23.033163 5.100912 18.546858 22.545068 19.261467 19.388471 19.458411 23.480223 17.317555 13.593102 17.308579 22.177872 17.805474 21.682791 12.482853 16.630286 22.115056 23.257173 6.238895 7.862670 7.018367 18.784260 23.449397 11.122166 9.515456 7.390631 7.539136 23.486278 23.329180 6.620324 21.634238 14.967302 9.635788 20.662183 13.464775 15.927081 17.420522 10.162154 10.818080 11.844716 13.086077 10.826126 24.306966 17.945439 10.201484 21.065459 24.194828 7.034787 7.848172 5.408585 17.662540 19.090967 12.922601 8.859782 18.968476 12.757684 24.018077 21.844545 11.099535 11.005744 20.049209 18.257179 11.487142 14.965412 19.661431 23.645764 21.705935 9.371309 8.697292 5.164248 8.287953 16.279847 16.656370 5.308475 21.255698 19.999626 23.253879 7.635871 12.406680 15.389033 18.546312 16.748569 16.955261 17.297774 9.048561 8.383734 18.812463 12.514812 14.155156 23.609538 17.048337 8.627802 15.311204 17.890046 5.849758 5.807849 10.515855 9.246145 23.673416 9.048195 17.020110 22.796629 21.302651 6.526808 21.004494 11.796188 17.140599 15.149715 7.827477 19.461106 9.548633 15.298000 17.763709 12.492743 11.047955 18.544751 8.615648 10.748997 5.019220 20.432238 8.956043 13.074612 10.567674 9.076857 18.752444 5.022298 7.240859 13.434690 18.833897 21.328954 18.933858 10.825894 7.361528 20.638771 18.064605 8.782761 24.593619 17.182079 18.220603 9.291273 23.509866 15.776025 16.981492 13.432696 22.919367 16.310948 12.483431 12.898179 24.184054 19.798625 15.821530 21.152934 9.388841 12.996927 13.770503 16.505933 5.665631 13.453385 14.112063 16.404697 18.132901 20.356174 16.348831 8.470332 8.365210 6.203028 15.304841 12.718103 10.047121 7.857378 24.469653 20.760129 17.211409 6.872938 15.548291 18.044987 8.138714 7.185997 19.496260 8.137974 13.244443 15.750706 19.802993 24.762856 20.770983 24.346052 23.639640 17.679329 23.391611 7.760176 23.297248 9.403495 19.468033 12.318572 7.047010 24.043650 23.807992 13.711081 20.518540 16.012130 9.366749 10.507442 7.793986 15.674408 8.365033 22.155217 21.539644 12.920460 21.179609 8.802309 24.818025 10.873992 8.387756 6.737137 20.776919 21.770608 8.884572 19.184385 5.235509 15.323074 7.609904 6.507819 7.905918 7.571280 22.462154 12.338242 5.138815 18.974774 15.427106 6.347462 9.553986 17.136196 19.238211 15.828816 9.723596 20.489770 20.228057 10.484721 10.488315 19.160330 18.500493 24.538685 21.930912 10.778671 6.359051 10.135827 12.078532 24.882423 21.525211 7.842541 23.404937 15.066583 22.709917 14.419503 8.445573 17.333286 6.572999 24.345010 8.135952 15.425789 22.125100 21.987101 22.329600 21.934254 12.927235 17.743063 15.304619 12.947949 9.822351 6.965102 18.327253 13.719822 9.034433 11.778721 15.843141 22.881785 7.184811 10.140698 6.380196 12.589032 7.407190 5.543919 15.885340 23.488011 6.209125 18.943102 12.019042 11.578162 17.454123 19.828659 24.667382 20.815499 5.563218 7.337828 13.714308 16.974078 15.834776 10.529754 7.505892 18.068128 19.589642 24.277090 17.771249 15.917219 14.291814 16.411400 20.273351 12.430730 8.835030 17.810113 12.970799 13.499315 21.049778 18.455154 8.223943 24.481979 19.571516 16.958058 12.119925 6.507618 15.549079 22.871112 13.544977 16.633658 24.943433 18.049541 21.362154 18.275652 18.160284 21.216283 17.530161 17.610040 9.827583 12.926909 21.878944 20.272961 20.371156 20.792483 24.568956 23.638791 21.671845 11.625169 22.436535 7.395897 12.859515 15.456516 11.655218 12.183065 23.109638 21.106189 19.558104 20.636881 12.402562 14.349248 14.247443 20.675759 17.063778 9.422652 18.773099 21.903052 16.165068 8.057636 9.467446 6.316949 7.756678 7.434984 9.359510 7.421290 23.446742 17.359782 13.140348 9.618211 11.935377 23.865689 7.840727 8.221035 21.517152 9.495336 18.846762 22.831649 8.984407 5.751034 23.081476 8.712343 12.347923 12.252675 21.528017 14.037425 22.756993 24.171470 22.653519 19.135680 21.223148 12.329678 7.395810 12.478625 17.133046 21.343290 5.412249 6.140644 17.957550 10.946336 11.995493 11.758548 8.945758 17.619727 20.352376 24.585580 5.540512 16.078095 13.447783 11.905151 12.061732 8.509757 22.427873 22.211624 6.359367 11.851846 21.242546 5.333875 12.898452 23.614456 6.530409 9.607316 12.317891 14.764202 18.572378 11.850727 6.098124 15.798034 12.479062 20.035841 14.439406 10.674657 23.480598 11.469685 5.913682 18.540348 11.467816 6.646374 9.442135 22.863408 15.105988 23.699603 8.657546 17.429526 22.882169 15.509207 19.281070 9.297582 21.788294 8.369910 10.390702 9.845294 9.699803 14.909078 8.719374 14.162677 10.266046 20.401746 19.091855 24.547933 13.826621 23.769592 9.439207 21.637586 17.682763 8.730451 17.689355 6.665365 13.161810 16.482492 10.955638 12.323312 24.098672 18.351559 24.864288 6.599326 16.451438 13.260648 24.122626 19.290673 21.197821 21.057326 23.423423 8.431386 8.434479 7.160700 8.234667 5.290416 9.884968 9.565319 23.006330 18.910764 11.593570 14.610622 22.073100 10.393882 21.705219 24.829497 12.473041 8.213024 23.093477 12.940771 17.456588 15.217386 18.301774 18.899750 18.636657 14.565741 15.291337 14.709776 15.130743 12.290756 15.276424 5.188354 14.264916 9.101119 21.533003 24.874691 12.925640 7.802692 16.654135 12.648711 6.991784 7.741968 7.636538 13.443921 9.001572 16.363715 20.423869 21.155666 15.913976 6.472450 17.081050 7.718857 23.727850 8.215236 24.533472 14.278097 10.317395 20.975171 24.732666 23.389018 10.342148 5.940228 14.487669 22.799741 12.019108 17.395981 10.840458 17.190806 9.447980 8.438013 19.331338 7.856438 8.799109 15.211241 14.552143 18.298388 21.914873 6.787602 18.065393 5.863438 18.161951 23.203869 22.879292 6.157570 13.625610 6.706853 22.407095 9.870176 10.820777 19.660486 10.903028 20.230183 15.786799 20.091312 7.778703 6.915311 18.525961 7.566521 9.629323 10.961224 15.125642 8.689094 18.053115 19.756303 9.298131 21.013821 15.690303 11.100454 10.202287 8.678992 16.204036 24.543531 7.135773 19.255684 6.816658 16.803156 20.342377 5.739251 16.034243 11.117724 11.156583 9.219451 14.483020 14.606725 15.306871 13.180177 5.321923 14.412887 24.040317 8.276520 11.890213 8.159356 19.277596 15.616851 17.134966 21.465372 14.527544 14.808178 9.726039 14.219754 12.511636 22.845288 12.843213 6.600238 18.908578 5.892619 23.383691 21.120016 9.615085 20.765366 23.044815 21.035307 10.760784 24.135063 6.894537 9.922804 17.352598 13.882943 23.594263 18.337633 9.115533 20.768830 22.285870 19.404471 6.249489 11.677683 9.166930 11.735841 15.246404 22.177009 15.671391 13.013613 24.449945 24.995865 6.129387 15.864038 24.330243 11.507163 24.127933 11.725459 12.608813 14.730585 9.266745 20.965710 15.696642 10.950773 5.630021 14.698945 24.482518 23.963738 12.988406 15.485985 17.335386 12.855751 17.715571 19.865026 11.796843 16.095666 6.689361 9.827916 11.679408 13.925792 20.821119 15.408187 21.635345 23.611234 19.664615 12.605254 21.037784 16.192420 18.472363 13.005780 16.195683 22.106546 6.836425 24.877697 15.265509 5.185177 13.424367 14.306860 6.287927 5.721569 15.795621 7.262551 8.338763 14.621830 16.047745 16.892488 15.030278 5.091723 5.142342 5.024041 19.919614 11.300990 8.259674 5.452638 11.375410 24.245827 11.632921 22.298314 16.691268 16.536813 7.152290 11.110640 22.024647 17.413259 23.978236 5.065416 16.215142 16.090443 23.217502 16.208264 7.835116 5.131589 16.474088 14.766940 17.491756 11.621587 14.571110 23.882300 21.730701 14.019833 10.489166 19.877539 9.067792 7.905233 22.154982 24.659998 8.843196 21.551027 23.040112 13.357837 5.881145 22.842243 24.559918 20.207545 5.475193 12.858333 17.413452 12.500967 6.064177 10.071295 8.779865 5.491292 23.035262 21.046632 14.917613 7.834517 24.953298 10.841423 12.235898 20.714043 6.359770 6.796665 8.204719 13.608982 5.902459 21.513855 5.905855 13.369704 6.367467 18.935520 12.121846 13.950735 10.880612 12.834569 21.055289 13.407192 22.635676 12.771567 8.644265 13.729315 19.787526 20.676245 16.763113 9.203674 16.508735 13.332538 22.114963 14.453187 21.238380 24.743020 14.338986 16.712636 17.890129 17.523854 17.733779 8.848030 10.597073 24.869852 19.992920 9.982750 11.838893 9.535544 18.377927 7.095610 18.965919 8.355775 14.006816 24.768716 12.886008 17.302020 22.700444 9.601264 8.345845 23.180970 18.627359 11.994397 17.454727 13.130504 24.187418 22.463162 11.785670 13.709609 14.498304 17.525881 14.826947 7.208882 17.766611 24.650880 17.362510 19.423203 10.773875 5.480565 9.576422 11.640378 7.059640 6.654956 18.716909 19.710955 21.519322 21.246765 10.845048 10.974570 22.856407 21.932680 9.443787 11.000205 10.990017 21.729016 24.055836 22.154648 9.666218 16.409555 9.470824 15.148368 11.142349 22.929865 19.894883 7.017639 15.423808 22.599924 22.625898 8.156338 12.562317 12.711231 21.802766 20.669227 16.483067 22.465598 21.133007 16.556188 7.689338
60
312
0 28 1.163217
0 34 5.626162
0 35 5.853817
0 36 6.384656
0 37 2.008737
0 45 6.563215
0 53 8.955634
0 54 5.552479
0 55 7.336455
1 5 3.516138
1 6 5.612933
1 13 4.600673
1 18 4.100824
1 32 8.252664
1 35 3.284539
1 44 3.698608
1 49 9.011186
1 51 2.133014
1 56 2.923014
2 12 9.977041
2 20 4.929991
2 23 9.746289
2 35 6.589184
2 37 2.151343
2 43 3.145095
2 49 1.215679
2 52 2.349513
2 56 3.507810
2 57 5.950752
3 6 8.082382
3 15 1.953203
3 27 9.829546
3 32 2.739167
3 41 7.327086
3 54 4.972950
3 57 8.229484
4 10 5.715012
4 21 2.541442
4 31 2.199528
4 38 4.812940
4 40 7.024048
4 44 8.532220
4 48 5.685826
4 52 1.946501
4 53 8.402868
4 59 6.551972
5 19 4.999121
5 27 2.360368
5 41 5.858478
5 45 7.762972
5 54 1.918852
5 59 8.896600
6 10 8.020391
6 14 2.722283
6 20 2.860944
6 24 1.585587
6 33 7.481564
6 38 6.472893
6 41 2.295710
6 50 2.794665
7 17 4.432589
7 22 1.580060
7 25 3.075215
7 30 2.602420
7 37 1.936722
7 38 2.676230
7 39 1.973282
7 51 1.385853
8 19 6.768503
8 25 5.041779
8 29 6.610189
8 31 5.171485
8 32 3.612327
8 34 9.288537
8 38 7.577445
8 41 2.990809
8 43 6.558268
8 44 6.765107
8 45 5.619625
8 49 8.696162
8 52 6.445193
8 57 5.685087
9 10 3.495143
9 13 1.000546
9 19 6.634940
9 28 8.229150
9 38 4.924380
9 39 3.474737
9 40 9.002182
9 43 5.809635
9 45 9.179628
9 47 3.164046
9 53 5.886135
9 56 1.666540
9 57 1.290140
10 19 4.899916
10 21 1.602434
10 25 5.120340
10 26 9.316264
10 31 9.804707
10 38 2.891608
10 39 5.496180
10 42 9.205582
10 47 3.784682
10 50 7.518333
10 56 7.326056
10 58 9.642598
11 19 4.565378
11 22 4.348988
11 23 6.561146
11 25 1.129217
11 35 4.324296
11 46 4.637835
11 48 9.946427
11 55 2.448228
11 59 1.970702
12 14 9.562731
12 21 9.958996
12 22 3.748807
12 29 1.448196
12 32 7.299666
12 47 9.688043
12 49 8.863644
12 56 7.658698
13 16 4.665507
13 33 3.455262
13 38 8.751557
13 41 6.354852
13 45 5.589197
14 16 5.417023
14 19 3.591985
14 21 9.875643
14 24 9.562760
14 27 2.969271
14 30 9.734528
14 37 1.865719
14 38 2.397759
14 41 9.919515
14 42 2.403011
14 47 9.981779
14 58 4.609241
15 27 5.123844
15 32 7.545097
15 33 9.651586
15 36 8.083962
15 39 3.695427
15 41 5.459076
15 51 5.858811
15 52 2.599053
15 57 7.419125
15 59 9.247666
16 17 3.074383
16 33 1.312329
16 36 2.933641
16 40 2.741221
16 43 3.611886
16 45 9.371038
16 47 5.067995
16 53 4.031652
17 21 4.435201
17 27 7.403538
17 29 8.068464
17 30 7.923297
17 43 4.244609
17 51 4.081337
17 56 8.455532
18 22 2.616616
18 26 4.121814
18 33 9.594902
18 46 6.295855
18 49 3.007455
18 52 4.609821
18 56 1.387140
19 27 8.908566
19 29 1.250948
19 36 7.261815
19 37 5.437622
19 48 7.060125
19 52 6.649527
19 53 4.084190
19 58 2.855240
19 59 9.966443
20 25 1.580530
20 26 7.112078
20 27 3.679126
20 34 1.331461
20 39 3.263249
20 44 3.508638
20 45 3.092198
20 46 7.284578
20 47 4.865901
20 52 3.884229
20 54 8.281645
20 55 4.927250
20 56 3.681795
21 23 9.407259
21 26 7.738864
21 44 9.154888
21 53 6.386764
21 55 4.399101
21 57 9.081071
21 58 5.024299
21 59 8.781752
22 24 1.764510
22 28 3.595529
22 29 5.187448
22 30 5.391908
22 33 5.579618
22 34 4.282808
22 42 1.704428
22 44 1.987565
22 57 6.311653
22 59 7.066557
23 24 6.329326
23 33 5.440251
23 43 2.359004
23 44 6.986977
23 50 6.522227
23 54 4.680567
23 57 4.359696
23 58 7.669468
24 30 5.625410
24 33 2.761846
24 40 7.339683
24 51 2.512422
24 53 7.577596
24 56 5.644689
25 30 8.324433
25 34 7.180543
25 46 2.078261
25 50 5.701280
25 58 3.419817
25 59 6.488419
26 29 4.750792
26 30 4.996835
26 40 4.246089
26 43 9.628113
26 54 1.398022
26 55 7.663516
27 37 1.067526
27 44 6.214026
27 45 3.258506
27 46 4.683851
27 48 9.369634
27 49 3.107526
27 57 6.827264
28 30 3.286277
28 39 6.681370
28 40 3.123465
28 48 9.228083
28 49 5.907060
28 53 3.307211
28 56 7.044095
29 33 9.697882
29 35 3.388607
29 37 1.282609
29 40 2.371974
29 45 9.463716
29 55 4.075639
30 40 7.895139
30 44 4.640864
30 58 1.891791
31 36 2.151709
31 38 1.854824
31 43 7.831916
32 37 9.522736
32 38 2.291000
32 41 2.082968
32 52 2.955717
32 54 7.250657
33 37 8.377504
33 46 3.090319
34 40 8.963156
34 59 6.173384
35 37 7.492531
35 47 2.517983
35 48 3.941523
35 50 9.925855
36 40 6.161745
36 51 2.341014
37 43 8.894837
38 53 2.448442
38 58 9.351850
39 43 9.994026
39 52 1.278633
39 53 8.716706
39 59 2.579274
40 47 8.025881
40 50 6.424481
41 43 3.506669
41 57 7.719661
42 50 7.180327
42 51 6.862409
42 53 4.659019
42 55 7.982913
43 46 7.166316
43 48 1.216508
43 49 5.120092
43 52 9.886112
43 55 4.825642
44 55 3.788046
45 49 1.629997
46 50 8.223589
47 57 4.219663
48 54 5.170060
49 52 2.268000
50 59 5.804002
51 52 5.775773
54 56 4.995834
54 57 6.633716
55 59 3.077665
57 59 7.433843
288.271521 434.404135 365.207840 310.673658 477.258264 385.346175 487.816680 325.452829 224.344399 441.397920 441.231419 434.853554 307.409490 303.311154 399.616490 354.939873 252.731227 381.939561 412.455287 239.484479 330.191929 352.154359 280.005016 292.367838 229.068743 251.925596 276.312787 399.171002 330.667614 264.114850 295.430073 465.837456 342.399317 374.696136 296.143013 285.760503 360.094102 492.972264 259.110677 317.609288 393.881775 291.983234 465.285258 292.398452 457.015992 412.959738 456.609260 476.510935 356.440310 459.402121 277.940571 364.483274 333.210224 491.672416 451.652838 411.772778 377.879475 311.586087 320.282071 256.547662
