900
1797
0 1 11.556528
0 2 9.119198
0 3 18.255548
0 4 10.092587
0 5 16.173752
0 10 3.707241
0 13 1.949965
0 40 3.763551
0 82 6.659079
0 85 14.194931
0 91 16.702527
0 108 8.822450
0 129 16.357159
0 137 15.238915
0 205 13.657051
0 244 17.951422
0 245 11.490974
0 290 15.558877
0 294 15.924260
0 320 19.000146
0 330 18.329003
0 344 4.977315
0 383 10.816192
0 524 12.960018
0 585 18.011344
0 685 8.665369
0 800 11.486459
0 801 16.347893
1 2 7.148995
1 3 2.879970
1 6 4.044263
1 12 18.932256
1 14 1.403527
1 17 19.335664
1 21 8.838715
1 39 3.960942
1 42 16.645194
1 45 11.374348
1 80 9.651805
1 84 12.083526
1 106 18.737235
1 137 14.902437
1 168 17.554511
1 194 10.312445
1 202 4.912988
1 257 5.356776
1 295 18.281884
1 369 11.563091
1 398 16.338185
1 423 19.971968
1 477 1.271432
1 497 7.589817
1 501 3.095479
1 510 12.890594
1 531 19.843570
1 532 3.419214
1 699 6.328722
1 793 5.782231
1 861 14.594161
1 891 16.797585
2 8 1.902223
2 19 2.717158
2 37 17.125656
2 63 16.396259
2 99 13.387722
2 123 18.580642
2 176 4.805058
2 179 16.919277
2 221 7.538217
2 227 12.104214
2 253 14.655402
2 286 1.146484
2 293 5.544468
2 310 6.201673
2 314 12.128272
2 369 11.988038
2 427 11.293526
2 438 1.256906
2 453 11.722169
2 489 16.055387
2 492 12.117188
2 644 14.618666
2 647 19.866059
2 697 19.043896
2 709 14.331091
2 761 4.889800
3 4 14.014864
3 6 11.953825
3 7 15.197733
3 14 7.188704
3 15 8.761646
3 17 19.396317
3 19 7.328411
3 24 13.618890
3 31 4.403894
3 52 17.374733
3 56 2.138190
3 57 16.812005
3 62 17.055818
3 79 13.905963
3 109 15.506763
3 134 18.036103
3 150 18.470850
3 165 2.686958
3 191 1.632980
3 203 2.781014
3 211 6.992159
3 213 4.281016
3 222 8.146858
3 231 17.785081
3 236 11.254515
3 250 12.005137
3 257 3.194009
3 261 13.466856
3 267 11.390945
3 348 11.181361
3 359 11.957794
3 367 5.496006
3 440 10.604050
3 496 15.974936
3 519 13.655853
3 535 12.723562
3 619 3.291748
3 624 8.443415
3 831 18.829687
3 862 6.891250
4 5 19.179341
4 11 15.680169
4 22 16.170347
4 26 10.694003
4 30 15.193164
4 34 6.299362
4 39 10.176032
4 47 5.899052
4 54 19.708621
4 55 3.919225
4 68 18.254574
4 78 11.658365
4 112 15.064351
4 127 4.004033
4 128 19.773693
4 154 15.997568
4 210 11.139253
4 264 5.879350
4 270 14.129191
4 307 15.989656
4 435 14.983269
4 436 12.094953
4 439 11.026224
4 509 13.216744
4 535 14.209867
4 553 15.989539
4 616 1.854314
4 635 7.836771
4 663 16.437008
4 666 10.512553
4 714 6.892488
4 736 14.876065
4 801 11.563449
4 867 16.616501
4 868 9.598477
5 9 17.260310
5 28 7.801551
5 44 18.727543
5 62 8.934614
5 66 4.176513
5 68 16.732354
5 71 18.465913
5 74 18.805969
5 87 6.345624
5 105 13.769962
5 116 7.709539
5 120 9.047916
5 127 11.301015
5 141 18.969813
5 144 6.237894
5 147 4.330521
5 155 14.381098
5 236 9.121992
5 280 16.249787
5 285 18.187201
5 329 2.424701
5 366 12.189524
5 380 19.289078
5 394 2.520466
5 463 6.235818
5 472 9.206378
5 474 5.550985
5 548 19.775388
5 692 15.139521
5 707 5.657678
5 723 9.539491
5 726 8.603711
5 794 4.862870
5 808 6.340273
6 7 17.137117
6 13 9.995789
6 18 5.189815
6 31 8.302362
6 38 7.126527
6 63 12.405701
6 83 19.765484
6 92 9.510785
6 94 10.887994
6 97 18.512504
6 145 3.403243
6 152 13.503978
6 153 12.340163
6 169 8.691661
6 186 19.887016
6 300 8.693959
6 306 2.685224
6 315 17.825595
6 342 1.609736
6 374 14.220839
6 376 6.421041
6 405 6.792322
6 441 2.462489
6 472 11.764788
6 500 9.413671
6 527 16.518791
6 547 13.048766
6 565 6.215484
6 675 15.375023
6 830 8.624870
6 885 8.675331
7 8 13.125682
7 10 13.529351
7 29 18.127112
7 37 4.524053
7 50 11.936463
7 52 7.788373
7 97 7.471563
7 102 10.021089
7 130 9.380471
7 206 11.892693
7 281 4.709434
7 371 15.625741
7 396 7.238702
7 718 9.091329
7 750 1.995600
8 9 10.912819
8 21 17.756899
8 27 19.446599
8 32 7.635713
8 90 8.411086
8 110 12.435480
8 146 10.665751
8 249 4.184817
8 282 13.751775
8 354 14.936883
8 391 2.494158
8 414 9.937034
8 446 15.082053
8 605 15.008638
8 713 14.561915
8 766 6.179484
8 782 11.648840
8 897 4.828729
9 11 10.130690
9 12 10.941292
9 16 3.419960
9 20 14.397975
9 33 3.286570
9 36 18.299900
9 55 3.045759
9 60 12.763205
9 73 18.420675
9 92 18.175262
9 118 15.579838
9 166 2.621029
9 196 1.905346
9 221 19.215962
9 223 17.415458
9 225 13.654140
9 235 6.890526
9 245 11.662258
9 309 11.756651
9 334 18.433863
9 339 18.289821
9 341 11.763867
9 361 1.986120
9 407 9.621036
9 438 12.009219
9 530 15.629918
9 638 7.464544
9 659 17.869644
9 662 10.883985
9 669 7.253610
9 729 8.696724
9 816 6.004143
9 826 2.079982
9 899 18.578677
10 16 6.533853
10 25 2.604110
10 35 18.635921
10 165 6.217794
10 254 11.575842
10 356 6.866616
10 522 11.394242
10 704 2.065010
11 18 1.142652
11 46 19.601401
11 86 13.099599
11 124 18.856512
11 125 19.329805
11 143 10.352473
11 346 13.293030
11 651 1.897809
11 682 12.089092
11 825 4.890446
11 842 2.504430
11 894 19.681581
12 167 13.376996
12 213 2.299222
12 266 8.406606
12 504 19.824469
12 545 17.191736
12 575 8.666606
12 584 18.263752
12 791 7.865121
13 424 17.606564
13 477 6.089147
14 15 9.208535
14 46 1.043735
14 48 9.993372
14 67 19.087445
14 72 12.494113
14 76 14.535769
14 111 13.109608
14 114 7.578448
14 118 10.689673
14 121 2.053019
14 122 19.842129
14 163 5.050787
14 188 18.676318
14 250 4.679211
14 270 5.249107
14 294 15.005005
14 302 19.928077
14 376 11.748999
14 417 12.281147
14 439 8.330070
14 444 12.066374
14 463 9.662601
14 474 11.682251
14 498 13.083555
14 686 3.182598
14 690 2.097840
14 722 18.171073
14 741 16.104404
14 764 11.618021
14 775 2.576502
14 874 3.513345
15 58 5.576989
15 105 18.951252
15 175 14.899103
15 177 1.229386
15 182 5.435419
15 326 5.570195
15 400 16.659816
15 432 2.592171
15 586 11.179137
15 708 1.874678
16 23 2.429768
16 26 6.526738
16 27 8.555272
16 28 6.741274
16 29 16.007960
16 36 11.613014
16 43 2.647282
16 77 14.174071
16 133 15.013980
16 135 5.873325
16 157 3.255134
16 162 17.330081
16 237 17.005115
16 239 12.427216
16 259 4.371704
16 278 5.272192
16 357 4.133148
16 371 18.571785
16 462 19.325132
16 543 16.037386
16 664 5.802238
16 752 14.205956
16 788 13.767889
16 819 14.447120
17 38 3.955693
17 136 3.816534
17 140 1.831506
17 179 15.120920
17 183 4.567098
17 283 9.869585
17 295 14.829099
17 306 10.149970
17 317 2.564407
17 515 3.076105
17 523 16.364064
17 557 10.621049
17 568 16.595329
17 587 16.417395
17 597 13.197100
18 56 3.119710
18 318 1.240429
18 506 4.705326
18 891 2.226198
18 896 19.835268
19 20 3.947612
19 22 10.939761
19 23 6.582305
19 32 8.719451
19 33 19.546304
19 61 3.921036
19 102 13.957154
19 104 10.123018
19 131 9.518153
19 170 11.957640
19 171 6.916023
19 174 3.497804
19 204 9.615783
19 266 13.693843
19 330 15.121100
19 424 10.994407
19 593 14.236454
19 760 16.141869
19 773 15.396446
19 786 5.592419
20 486 10.222493
21 25 10.288936
21 41 18.916966
21 49 3.430429
21 101 18.707281
21 117 2.346935
21 151 19.110909
21 242 13.056376
21 274 2.176788
21 286 2.234657
21 324 18.897991
21 350 4.359939
21 370 4.567956
21 390 10.360649
21 411 11.530655
21 468 5.536461
21 545 15.164837
21 550 8.885796
21 653 19.678924
21 753 5.443825
21 818 8.566102
21 869 2.765209
22 35 14.908111
22 42 18.204997
22 78 10.402573
22 82 7.752025
22 115 13.049640
22 139 10.395347
22 148 2.701407
22 150 19.728836
22 156 6.468228
22 238 16.213512
22 254 15.108746
22 272 8.181093
22 302 13.660343
22 335 2.328970
22 346 1.575436
22 349 12.916092
22 389 6.336389
22 433 16.120684
22 475 12.508729
22 652 2.982390
22 663 2.863519
22 691 16.755923
22 739 5.201976
22 872 5.245077
23 24 2.411860
23 30 18.495098
23 43 15.988815
23 51 4.133335
23 61 2.510463
23 72 5.063802
23 83 12.139136
23 128 6.584561
23 206 4.192367
23 209 8.229645
23 316 17.091303
23 357 6.324801
23 360 3.375304
23 461 9.543468
23 591 11.294684
23 620 17.937134
23 635 15.827123
23 641 6.071357
23 650 18.882662
23 791 9.591652
23 896 14.622919
24 57 17.067824
24 119 8.836727
24 185 14.838475
24 247 7.736490
24 268 18.388736
24 387 8.388228
24 451 16.026529
24 534 14.926213
24 537 10.368958
24 660 12.070088
24 716 9.723294
24 730 11.932919
25 40 3.703502
25 94 19.271990
25 119 4.830751
25 419 11.381538
25 518 5.165853
25 855 10.619992
26 47 9.449739
26 59 13.431436
26 139 19.714263
26 147 3.384693
26 365 18.588569
26 514 13.283713
26 742 18.236216
26 822 8.444115
27 67 6.191294
27 138 14.183750
28 96 3.379538
28 217 15.703060
28 337 5.952323
28 630 17.140154
29 396 10.448790
29 455 14.676302
30 111 10.414418
30 540 11.776984
30 698 19.207364
31 41 16.011158
31 54 12.909656
31 86 9.357116
31 101 17.757254
31 114 15.802900
31 126 16.573707
31 249 10.097685
31 263 3.174511
31 341 5.979986
31 402 4.179990
31 514 12.387791
31 546 3.969847
31 596 1.252635
31 678 11.338130
32 122 13.638689
32 233 1.011181
32 269 10.608635
32 468 17.929532
32 538 18.976547
32 822 17.646902
33 34 19.050945
33 45 5.703662
33 48 6.069385
33 53 12.852738
33 69 2.756966
33 75 4.919682
33 89 13.401279
33 91 7.188615
33 98 18.595688
33 120 14.265590
33 124 5.320735
33 153 7.396157
33 197 11.578516
33 235 17.395711
33 283 11.465615
33 284 19.265052
33 457 16.480590
33 502 2.412764
33 503 19.384959
33 633 17.239565
33 702 6.462207
33 804 2.463338
33 825 12.064619
33 826 5.090471
34 75 1.889059
34 76 9.802562
34 303 14.494056
34 393 1.852611
35 51 4.749422
35 160 17.948436
35 193 19.494707
35 216 4.132793
35 434 5.766249
35 496 3.628752
36 133 6.451986
36 351 7.824358
36 567 15.989362
37 131 11.384510
37 174 15.849414
37 184 4.470059
37 591 19.492209
37 701 11.842005
38 207 1.736528
39 50 4.472976
39 278 3.697591
39 451 7.706491
39 671 5.896473
40 53 1.514362
40 70 2.685615
40 79 12.148098
40 198 2.957198
40 224 5.710329
40 239 13.615430
40 241 2.254579
40 375 18.170964
40 400 19.835512
40 574 11.324951
40 581 16.761199
40 613 15.381790
40 808 3.350591
40 823 12.436610
41 44 14.027324
41 49 11.478879
41 58 10.382339
41 104 2.818318
41 152 4.444026
41 229 16.861566
41 322 11.062964
41 380 7.906603
41 507 6.580222
41 570 11.428689
41 858 14.927945
41 876 2.217508
42 162 15.609720
42 170 14.293315
42 199 2.757984
43 59 11.504376
43 60 3.403186
43 81 13.362488
43 291 14.911993
43 299 3.331011
43 446 12.708549
43 459 4.387675
44 95 13.807798
44 155 19.408173
44 521 4.708697
44 603 9.473539
44 884 10.523496
45 310 4.873349
45 456 17.944751
46 65 2.737635
46 161 1.259861
46 181 17.592424
46 288 10.865444
46 321 2.084068
46 434 5.471320
46 615 1.707741
47 85 11.382439
47 98 13.091294
47 107 4.271123
47 177 11.032735
47 218 3.930278
47 503 8.999617
48 163 10.016287
48 193 18.510175
48 212 3.382773
48 274 4.529093
48 356 2.013821
48 360 5.482412
48 494 15.363707
49 65 7.984480
49 80 7.042237
49 126 14.112992
49 173 14.376073
49 200 15.985254
49 215 10.842618
49 311 17.451368
49 323 12.244144
49 352 13.752562
49 407 19.782927
49 413 1.422460
49 495 13.454777
49 561 11.161162
49 579 3.947446
49 656 3.622656
49 683 6.437070
50 108 19.986130
50 149 6.714317
50 168 10.297174
50 464 17.301175
51 93 2.959695
51 100 1.130306
51 109 2.669217
51 200 12.042890
51 313 11.628532
51 460 14.495313
51 595 7.175105
51 762 18.686163
52 187 13.137546
52 192 12.421829
52 256 7.080699
52 544 12.420937
52 562 8.310085
52 721 6.264159
53 185 17.974301
53 196 19.457457
53 210 13.093722
53 358 1.970401
53 541 5.639472
53 889 3.545819
54 64 17.379129
54 69 8.557307
54 224 5.026214
54 237 9.658925
54 293 11.691039
54 361 6.406324
54 368 16.749906
54 409 11.392990
54 436 4.562581
54 440 19.051822
54 536 14.395168
54 582 18.190625
55 397 8.860279
55 556 12.302172
56 88 9.403638
56 90 1.309952
56 132 7.414383
57 66 7.989733
57 70 9.719538
57 74 11.505033
57 87 18.380676
57 159 15.240362
57 164 17.559799
57 225 7.364341
57 272 11.196845
57 301 10.151765
57 399 10.082406
57 485 13.047385
57 670 6.933754
57 760 4.868555
58 113 3.770492
58 365 1.659108
58 373 12.305404
58 388 11.700198
59 64 13.049281
59 81 12.744481
59 84 14.261513
59 106 12.759897
59 183 4.514488
59 222 3.309464
59 327 13.137385
59 381 12.014220
59 687 14.031962
59 712 5.733484
59 771 5.660886
60 243 17.083856
60 264 2.171995
60 318 10.551318
60 367 13.813066
60 510 10.070624
60 513 17.011765
60 640 16.775234
60 785 8.707058
60 792 17.246863
61 115 8.559970
61 116 13.820654
61 148 14.282129
61 186 10.021203
61 273 14.332589
61 289 17.673467
61 445 14.504936
61 533 19.723719
61 586 2.955950
62 230 15.507516
63 145 15.806410
63 158 11.181826
63 211 6.568536
63 490 15.406240
64 110 8.958217
64 480 3.564782
64 616 4.370861
65 73 8.180010
65 378 3.235147
65 626 19.407324
66 88 10.374090
66 107 19.427628
66 296 14.751586
66 313 14.073354
66 539 10.284215
66 677 19.577370
66 815 2.200786
67 167 9.231290
67 201 12.537545
67 397 2.857153
67 570 16.787048
68 327 3.628921
69 77 18.119649
69 268 15.974343
69 525 5.855547
69 812 17.236001
70 71 15.532322
70 95 9.432943
70 100 2.713768
70 125 7.179661
70 146 11.895667
70 311 2.144286
71 255 8.594549
71 309 8.721390
72 140 13.799272
72 160 1.731325
72 277 18.879841
72 417 15.288638
72 458 7.596096
72 523 3.844528
73 220 14.853966
73 680 2.156963
74 112 12.882834
74 198 6.174750
74 374 8.816085
74 781 6.170798
74 854 2.380440
75 192 18.757549
75 212 6.298597
75 531 6.302576
75 631 3.033557
75 751 18.158012
75 793 7.258269
76 93 11.266657
76 96 3.456242
76 113 1.340720
76 182 8.884881
76 233 8.568096
76 317 19.616640
76 319 7.098590
76 392 16.732701
76 482 14.554097
76 495 12.545449
76 599 1.655339
76 650 7.237491
76 666 1.363974
76 700 14.249845
77 279 10.265418
77 499 12.150896
78 348 18.303892
79 134 4.365625
79 203 2.566864
79 398 12.796591
79 452 14.407233
79 859 19.252021
79 889 17.241363
80 512 1.942282
80 578 15.364813
80 637 6.386789
80 737 3.767809
81 103 9.485998
81 493 9.680685
81 534 17.195972
81 637 16.920057
82 426 8.206657
82 537 4.281266
83 173 2.631071
83 202 5.091750
83 265 17.717647
83 287 13.348568
83 297 14.205567
83 431 1.575642
83 583 2.910643
83 851 2.150003
84 331 17.102048
85 89 15.738813
85 123 5.298827
85 130 1.527873
85 276 16.945268
85 408 15.894665
85 448 9.352485
85 563 16.391864
85 693 11.914213
85 833 2.079495
86 129 14.140680
86 151 13.581766
86 405 7.598465
86 646 14.069169
86 790 4.269161
86 861 3.445789
87 117 6.609343
87 171 17.766867
87 172 12.845245
87 217 15.644737
87 219 17.687672
87 437 19.503067
87 466 18.529811
87 558 6.667960
87 865 1.345947
87 867 4.287359
87 885 6.179218
88 132 13.285271
88 143 3.314729
88 275 5.331930
88 465 15.535201
88 572 4.760697
88 665 7.024927
88 754 10.767468
89 103 4.191754
89 180 13.038385
89 352 17.110534
90 176 10.763624
90 471 12.529805
90 476 15.105794
90 676 13.656937
90 725 2.583655
91 99 17.279667
91 227 4.011755
91 410 14.192063
91 491 19.129677
91 497 9.558943
91 528 4.001831
91 661 19.810811
92 263 18.230718
93 228 5.011267
93 375 4.662322
93 711 1.970549
94 172 19.508714
94 742 5.986520
95 135 14.087923
95 267 1.294832
95 427 19.160663
96 136 8.059861
96 142 8.498862
96 226 15.162261
96 260 18.383152
96 441 16.423047
96 469 3.006088
96 541 2.786903
96 653 15.896001
97 898 12.878186
98 864 15.283615
99 333 3.109816
99 532 5.352369
100 166 17.137573
100 219 19.314799
100 325 17.913218
100 350 15.506301
100 557 5.042374
100 651 2.723172
100 710 5.898531
102 138 7.838564
102 149 8.853538
102 255 7.785486
102 504 4.511977
102 555 15.508605
103 817 10.216066
104 187 15.769080
104 345 13.767768
104 652 11.142433
105 465 8.908188
105 555 18.588598
105 756 8.747807
105 852 12.402113
106 214 14.662547
106 234 4.388946
106 285 3.138706
106 296 7.980240
106 810 19.447380
106 835 9.685945
107 144 1.345565
107 527 11.008046
108 169 6.163900
108 190 14.731470
108 344 15.095736
108 445 14.852699
109 486 15.950247
111 141 17.640895
111 232 7.997691
111 429 16.666174
111 539 8.752614
111 588 18.365727
111 658 19.693315
111 709 8.877776
111 764 17.173117
111 787 17.512525
112 189 16.806662
112 260 18.420425
112 404 2.765555
112 480 19.170119
112 630 6.936463
112 841 4.131004
113 232 6.828537
114 421 10.280159
114 790 2.796597
116 447 11.990974
116 597 6.503842
116 745 14.717162
117 156 13.128283
117 473 1.834969
117 478 17.864864
117 516 14.355043
117 672 2.043405
118 157 12.528041
118 190 12.371099
118 328 3.437811
118 345 14.115989
118 395 9.923128
118 452 9.088794
118 559 4.452608
118 576 3.124983
118 895 10.042505
119 121 15.115827
119 154 17.325088
119 284 10.001386
119 422 8.917560
119 449 4.842574
119 487 11.933325
119 662 11.314717
120 258 18.254211
121 566 4.001166
123 373 15.028715
123 642 18.412465
126 188 14.365874
126 390 11.592003
126 470 6.324528
126 758 19.923169
127 164 2.748727
127 289 9.703046
127 607 10.241716
128 158 4.414040
128 253 12.922136
128 399 12.457157
129 384 3.204084
130 887 7.544996
131 229 5.739726
131 279 8.911114
131 362 11.090514
131 425 19.597940
131 602 10.154633
131 703 19.937993
132 181 16.241670
132 223 17.496111
132 749 16.659866
132 831 13.646298
133 305 19.215010
133 775 8.479534
134 419 8.658196
134 469 17.309334
134 571 1.660235
134 588 8.788872
134 893 17.023581
135 208 7.887716
135 215 1.218490
135 420 9.988396
135 462 14.245384
135 488 11.695996
135 772 18.882619
135 845 1.788895
136 189 9.384786
136 218 12.685671
137 241 2.841630
137 669 15.638626
137 747 10.616654
138 216 9.742213
138 429 4.668918
138 735 18.328964
139 454 13.912101
140 142 4.630298
140 248 12.800609
140 594 17.713711
140 617 12.778953
140 645 5.216277
140 871 18.402299
140 890 8.184330
141 191 4.025267
141 340 12.646005
141 884 16.774394
142 197 4.881148
143 385 1.313033
144 449 17.219187
144 587 3.948391
145 287 11.590968
146 220 1.042178
146 382 4.223001
146 385 7.576225
146 533 19.269687
146 566 9.090730
146 727 16.498674
147 184 16.662299
147 391 12.332522
148 175 18.958275
150 207 19.016037
150 363 1.755714
150 560 10.158456
150 585 14.417744
151 159 13.232423
151 228 8.174610
151 280 4.199062
151 319 17.704046
151 338 3.720859
151 403 12.945851
151 483 3.625231
152 720 15.471163
153 832 19.965392
154 161 16.726724
154 583 3.607389
154 593 18.137330
155 277 4.010780
155 368 19.421810
155 780 2.454468
158 195 6.433060
158 747 1.169014
159 364 8.856597
159 404 14.336235
159 824 12.318642
160 298 16.940399
160 490 19.166284
161 178 9.781537
161 580 6.639955
161 783 7.687360
164 209 12.719366
164 231 6.310634
164 300 7.106542
164 773 11.914426
164 796 17.022365
165 178 6.072134
165 520 15.455096
165 873 4.265445
166 409 5.091085
167 788 16.441571
167 789 4.135291
168 728 19.045153
168 810 15.417675
169 240 9.717179
169 466 15.141416
169 590 8.585755
169 738 8.164996
169 869 2.032066
170 238 5.389548
170 320 19.354292
171 180 14.271595
171 347 3.564025
171 488 11.370828
171 676 6.235051
172 291 5.566650
172 483 6.663077
173 199 4.976582
173 684 11.387077
173 741 10.744738
174 194 16.606811
174 269 16.485077
174 276 6.297679
174 299 10.353455
174 437 14.328390
174 442 14.590205
174 734 17.369478
175 226 6.762374
175 633 18.797839
175 757 8.257017
176 251 11.110583
176 271 2.156400
176 770 14.494959
177 201 13.320237
177 456 2.745929
177 481 18.302084
177 654 12.792012
177 863 14.671504
178 208 19.612426
179 307 17.026576
179 797 15.645833
180 343 1.150662
181 214 9.391265
181 273 9.674125
181 410 1.213000
181 426 4.607479
181 596 13.501239
182 258 1.822310
182 886 15.191830
184 204 9.505863
185 799 4.842254
186 475 10.049901
187 338 13.617964
188 601 18.771363
189 353 15.125792
189 476 10.341239
189 526 11.840662
189 829 4.918174
190 333 10.370669
190 443 6.645297
190 455 5.834008
190 605 3.764395
190 606 15.987131
191 247 18.958888
191 331 8.351468
191 567 14.755381
192 195 18.716597
192 246 16.088083
192 288 11.124333
192 323 14.970792
192 332 5.512991
192 479 7.632908
193 251 16.803196
193 343 17.952054
193 347 2.770067
194 240 15.122909
196 234 16.210585
196 321 3.773591
197 392 17.683564
197 604 15.908520
197 620 13.630667
198 262 14.106814
198 328 19.718730
198 354 11.152365
198 447 12.047423
198 590 1.331281
198 647 15.653606
198 697 16.637408
199 205 4.935632
199 304 15.584090
199 772 11.391808
199 874 9.965378
200 569 8.707583
203 252 1.564556
203 342 10.416072
203 403 13.372152
203 406 18.539024
203 554 7.799906
203 795 10.904588
204 432 6.933341
204 530 7.813351
206 244 8.749883
206 298 13.246286
207 271 14.588688
207 308 4.101946
207 326 10.014911
207 552 9.756900
209 282 10.046942
210 246 3.758044
210 529 14.013473
210 779 14.036271
211 301 19.148701
211 308 19.668300
211 322 5.527524
211 339 4.132394
211 355 3.365682
211 364 8.433959
211 418 19.876156
211 547 6.172375
211 600 13.359877
211 621 12.627595
211 627 2.664280
211 752 1.334614
211 778 13.022742
212 853 6.139131
213 315 1.182709
213 381 3.086289
213 412 7.678185
213 705 12.684442
214 336 1.401033
214 522 9.911202
214 717 2.245374
215 621 15.017634
217 511 3.950039
217 628 18.675392
217 668 14.898063
218 577 19.073329
218 602 7.809173
219 389 15.032520
219 847 14.884074
219 882 10.721679
220 259 6.169840
220 304 7.518582
221 265 11.118354
221 359 14.629309
221 414 15.479216
221 418 10.458102
222 242 4.545639
222 425 15.373306
222 467 3.994138
222 665 12.881057
223 230 19.628711
225 386 15.031582
225 658 15.396714
226 623 18.437811
227 261 17.424711
227 696 12.078199
228 256 14.489252
228 686 16.244661
229 560 7.475178
229 755 16.198328
229 875 8.122241
230 243 8.652342
230 881 7.346695
234 248 8.154311
234 292 4.251103
234 334 19.489086
234 574 15.782839
234 796 13.595987
234 846 17.533229
236 394 13.467917
236 506 19.302561
236 661 19.549601
236 677 4.403195
237 431 7.943770
237 499 17.650173
237 648 1.786446
238 388 17.738454
238 443 7.700852
238 750 12.205371
241 275 11.606846
241 297 15.131905
241 401 1.708328
241 561 7.175875
241 695 17.472283
241 821 4.812550
241 851 14.115740
242 378 16.454132
242 386 6.558057
243 428 19.301819
243 744 2.879917
244 312 6.835034
244 314 13.647219
244 598 12.287123
244 601 3.909042
244 897 16.758782
245 592 16.032676
246 611 12.046939
247 252 11.050679
247 281 13.256631
248 292 3.562252
248 408 10.186271
248 771 18.442755
249 565 10.099248
249 807 14.771668
251 316 9.276038
252 262 1.519005
252 435 9.576064
252 501 14.663440
252 558 7.511072
252 758 8.844425
253 550 14.789358
255 618 3.410253
255 806 15.934352
256 340 14.456346
256 484 16.435580
256 684 2.718236
256 728 6.768741
256 839 14.531018
256 872 6.606463
258 377 1.404053
258 454 7.058949
258 479 12.196085
258 517 11.943129
259 458 19.516479
259 505 10.594420
259 612 14.793760
259 777 17.007576
260 395 7.172047
260 893 10.782951
261 401 2.102012
261 739 14.667629
261 768 15.041142
262 387 11.421574
263 880 12.505252
264 290 14.666990
265 325 18.683273
265 420 9.132254
265 509 19.292645
266 528 11.095645
266 763 9.306857
268 649 9.083142
269 572 13.248092
270 303 18.566626
270 349 18.261393
270 584 14.155923
271 422 3.360029
271 759 15.906860
272 305 15.063203
273 353 16.211660
274 464 10.720785
275 636 11.778927
276 421 15.761700
277 337 13.137397
277 494 15.986659
277 562 1.510772
277 592 9.950838
277 611 13.828293
277 627 13.883363
277 641 13.891279
277 691 17.644949
280 336 8.106780
280 577 19.136964
280 639 16.972594
281 615 12.505119
282 379 11.615403
282 498 13.027061
283 646 17.622838
283 843 9.885132
285 710 6.798210
285 757 13.505152
285 823 19.693281
286 667 9.485579
287 809 10.349505
288 753 16.377657
288 848 7.135728
288 870 7.817053
289 812 8.680621
290 695 8.871655
291 329 5.623265
291 536 8.952801
291 618 17.624448
292 659 12.034224
293 502 10.986671
293 674 5.820378
293 877 10.549171
295 372 2.083068
295 763 9.293390
297 834 7.446659
298 485 19.189392
298 487 15.394289
299 878 1.372916
300 377 15.459060
300 521 16.128557
300 833 19.167971
301 416 10.503051
301 575 16.203241
302 857 4.775893
303 379 11.940108
303 416 4.222248
303 444 8.220196
303 571 6.030622
303 643 17.120456
305 657 5.163751
306 312 18.048704
306 324 14.380395
306 332 5.967924
310 335 8.214303
310 402 13.254460
311 798 10.292030
312 694 7.914065
314 358 1.157294
314 362 15.845330
314 363 13.493605
314 406 7.869500
314 515 17.608428
314 542 14.524611
314 556 9.513328
314 582 8.851394
314 636 2.722551
315 552 15.454594
316 351 3.168518
316 690 3.621762
317 720 8.258608
319 512 16.017634
319 543 19.856852
321 471 18.063591
321 484 13.522209
323 470 18.939701
323 706 16.745888
324 372 9.765933
324 382 6.389289
326 393 11.890305
326 731 11.018475
329 706 1.822940
332 640 3.198656
333 549 3.305761
334 625 11.364507
334 634 16.676422
335 610 4.881159
335 821 19.030697
336 453 14.645073
336 492 2.638681
336 843 9.889419
337 355 11.106222
337 366 6.708156
337 460 17.228929
337 654 1.376882
337 688 8.670927
337 892 15.421915
340 415 5.761615
340 481 3.305014
340 520 10.925890
340 674 2.186968
343 430 16.700879
343 828 11.127948
346 598 16.788599
346 735 7.955775
349 858 6.209856
350 700 19.904770
350 838 17.608458
350 881 11.090810
351 491 15.601085
351 505 17.797678
351 548 12.694760
351 802 4.306818
353 413 2.793427
354 383 15.119982
358 384 5.234298
358 643 17.778366
358 765 5.725001
359 467 11.846506
360 579 14.817107
361 489 9.796980
362 370 9.192291
362 542 15.299043
362 740 18.729517
362 827 7.260976
363 594 16.812478
363 813 2.935296
363 855 5.754364
365 459 1.243072
366 732 15.016181
366 839 6.561174
367 511 12.376922
367 655 3.001441
368 603 11.999283
369 768 3.768154
371 595 11.082420
372 887 19.469347
373 559 14.225352
373 581 5.661338
374 433 13.540416
374 525 9.532202
376 837 6.089497
377 473 11.962514
377 500 10.398826
377 865 3.755894
378 540 9.704953
379 673 14.633701
382 519 15.287391
382 871 16.712876
382 883 18.290643
383 608 6.360630
383 642 13.936298
383 888 14.575617
384 450 8.351009
384 508 17.482414
384 517 17.335210
386 715 9.758417
387 819 2.587635
389 723 2.316721
392 814 18.329946
392 862 2.577053
393 412 12.005411
395 411 6.710102
395 848 10.703383
396 507 1.081498
396 563 1.955716
396 589 17.549278
397 569 5.187237
397 726 1.726729
397 809 3.221875
397 836 19.981870
398 415 19.375907
398 682 12.378170
399 457 4.516640
399 622 5.612250
404 423 5.931087
406 478 3.214164
406 625 4.492197
407 450 9.374710
407 629 7.513546
408 493 18.294739
409 795 2.932110
413 448 12.942349
413 589 18.344443
413 708 14.494869
413 736 10.452874
414 442 16.987198
414 578 13.184192
414 883 1.943434
417 610 13.017501
417 679 16.642844
418 774 18.434659
418 860 10.192788
418 868 2.657394
421 461 19.045001
421 886 16.748005
423 428 4.471816
426 430 7.943749
427 546 7.584658
427 632 3.874123
427 656 17.931454
427 688 12.454874
427 779 17.698550
428 551 10.133018
428 612 3.648449
428 879 1.402033
429 513 17.969317
429 667 13.078397
429 803 3.651217
429 827 11.434465
431 756 7.186152
431 882 10.647024
434 746 13.903436
434 890 11.628748
435 681 17.787470
436 529 15.253487
436 856 7.909119
439 853 3.907568
440 681 12.133816
441 526 4.325183
441 711 7.747803
443 482 11.406796
447 606 19.402030
448 829 6.132576
449 551 13.016519
449 754 4.404817
452 705 19.677832
453 745 16.465698
454 762 19.624117
455 568 5.007673
455 765 12.153516
455 850 14.309265
455 895 3.904374
456 538 10.574180
456 830 10.488900
460 774 18.012364
461 619 18.103612
461 649 19.919823
466 733 5.802686
471 622 9.814045
473 623 9.435613
473 856 10.003339
475 766 18.749636
476 549 15.923171
476 730 1.728213
477 632 1.534496
478 704 19.987853
478 860 16.182130
480 626 7.687660
480 727 3.874238
480 738 17.187742
480 786 8.753502
482 748 19.767384
483 660 8.189388
485 524 7.091834
485 564 10.964439
485 599 14.340296
485 743 7.640997
486 638 9.768391
486 722 9.563771
487 794 3.667264
488 702 9.725941
489 508 7.482611
489 724 19.909585
490 798 16.461880
491 721 4.758618
493 648 1.926738
494 617 3.379811
494 624 19.034311
495 849 5.085903
496 769 11.711300
496 816 19.107052
497 657 4.985154
499 609 12.376607
500 828 4.213675
502 850 1.724497
507 518 4.699401
507 573 13.642413
507 576 14.614047
509 516 15.209218
509 554 16.574471
509 678 8.949005
511 609 3.659587
512 600 17.118106
512 805 16.691593
514 573 3.433338
514 683 17.627077
516 580 7.335331
517 553 17.424747
520 613 15.890401
520 614 5.072874
520 844 11.737952
521 719 18.309870
521 841 14.575804
523 687 11.433788
525 713 15.813588
526 693 9.350927
528 877 13.294642
529 849 7.254506
530 806 4.869296
530 845 2.975591
531 689 16.264272
541 544 2.285879
541 664 1.282694
542 707 16.683165
542 811 14.527276
544 634 11.564243
544 842 17.994728
545 631 14.745020
546 564 13.589262
547 699 13.777177
548 731 9.275650
548 759 3.967534
548 767 15.090123
551 672 10.376595
552 671 11.667141
552 698 12.384823
555 840 12.555141
558 799 13.979347
561 838 9.208093
566 734 4.152027
567 744 2.078527
567 873 16.899392
568 639 7.642066
569 608 19.252310
569 818 8.897331
570 814 15.206990
575 607 6.462468
576 694 10.737107
579 792 2.152071
580 811 17.933848
582 655 6.022287
583 614 14.323373
585 717 14.243676
585 780 16.459288
588 800 9.766808
588 807 18.534568
592 675 14.568939
592 679 6.000503
594 629 4.522010
594 876 9.084102
595 729 6.635216
597 604 19.011030
597 898 9.341859
602 767 11.231867
604 712 14.642285
604 725 1.688682
605 719 4.809459
606 813 9.150258
606 815 11.385930
607 875 16.883016
614 834 6.043209
615 645 8.687405
616 718 2.948604
617 784 1.424508
619 628 1.077817
621 817 2.152740
628 692 1.026744
629 673 1.379554
629 892 19.136768
630 866 16.404573
632 689 1.763763
633 755 2.885698
634 733 13.612287
634 785 15.928001
635 778 19.052605
638 644 9.548018
638 781 4.351981
638 864 6.336016
640 685 7.778855
641 751 7.228193
642 680 8.572638
647 880 5.142081
649 670 10.100142
651 746 4.105223
653 701 17.792070
654 805 2.640403
655 820 18.352718
657 668 5.307449
657 879 10.783696
660 743 7.784792
661 714 4.063593
662 740 3.160298
667 737 9.676850
667 784 2.969834
670 696 11.420137
670 703 9.937266
673 715 12.501724
678 748 9.914794
678 803 6.287786
678 832 9.490286
683 716 19.100183
683 724 9.923054
685 837 16.903762
686 824 15.724915
687 852 8.117017
687 859 11.935350
690 820 4.508664
705 888 16.693669
719 854 11.081311
720 782 16.897452
722 847 18.434286
724 749 8.074863
724 787 17.801043
725 732 3.599450
729 797 14.269594
741 761 14.252821
745 866 1.911528
746 776 11.035926
748 783 14.710047
753 789 16.671398
759 769 5.633298
761 776 14.426160
762 770 11.402349
766 836 2.214174
770 777 13.126286
772 840 17.288824
780 857 13.315970
780 899 5.660446
783 878 3.215583
786 804 15.386354
801 802 5.232239
801 844 16.464999
801 863 12.539043
804 870 18.718159
814 846 7.461283
822 835 1.105269
849 894 5.697797
19.991399 15.097494 10.351831 23.640103 5.505394 20.032128 17.069093 14.384504 8.387156 18.514894 14.627716 11.318049 8.777921 6.855225 21.140862 6.683822 10.129369 9.828908 8.565815 15.017388 5.340497 19.325009 22.134823 16.545101 6.735351 21.183006 14.342892 24.275692 8.214535 6.923410 19.818705 20.134113 22.561230 12.571373 5.999964 16.987589 17.025084 16.124157 23.907747 17.075077 10.568776 19.811995 15.184592 5.024382 23.498754 14.859279 19.419830 16.645377 11.658136 14.799065 11.851820 14.804470 8.283324 19.959992 7.112495 20.080457 7.581728 14.612752 24.398957 21.451244 14.479584 17.329410 11.862572 23.181062 19.824987 10.899420 5.188064 7.605300 11.154477 14.734353 19.915679 14.913724 19.109874 15.530552 22.664386 20.967474 10.456952 22.864903 9.536663 14.264305 14.740700 12.845957 12.924202 16.857674 14.615843 13.713393 14.679813 7.049642 16.838532 15.195121 12.231963 17.435473 8.188996 17.121952 10.677277 12.367205 7.920583 7.556991 5.731510 19.262375 24.788967 12.025043 19.169813 16.387861 9.591265 10.210882 17.429819 12.670108 14.140719 17.369871 23.364111 14.015218 18.133801 19.486955 24.565380 17.695905 21.075275 20.528214 21.519091 16.038847 19.155790 14.038005 20.700856 8.502148 9.486792 5.921024 19.084748 10.763909 7.436106 9.619543 11.083468 15.979097 10.041201 20.442204 8.079000 16.211025 14.441143 21.661338 15.300412 13.124642 19.693375 22.979360 13.264616 11.844680 23.137621 19.753428 10.074850 9.465450 18.636203 8.018794 6.199390 18.813588 19.179050 14.960400 9.734947 22.238236 15.756043 17.960885 22.800237 21.908881 19.108222 9.419732 7.875573 16.426979 17.970311 15.689235 19.522181 15.523749 15.390438 18.120327 15.363732 16.438340 10.482952 12.370965 6.917835 8.116780 9.786657 15.672029 12.272206 13.905967 15.794039 24.321923 23.500112 10.144373 17.656257 10.702435 19.005435 11.516628 6.285920 22.194532 16.409347 24.082832 11.891675 10.769886 8.726302 12.192042 23.521188 11.990653 5.974453 5.473906 6.959054 7.532677 24.516256 10.399898 10.538768 20.543675 17.479049 18.753547 6.205290 19.490375 18.655013 22.775518 22.762999 13.632653 13.674267 18.612885 23.067345 7.230333 17.799471 22.702877 24.994181 11.421755 24.317148 20.495358 12.429994 10.020184 24.282061 22.060454 18.337060 13.322134 6.520414 8.476329 6.471176 12.900778 5.722168 13.139644 9.527856 14.894313 23.593144 10.302618 12.322157 9.068110 15.413675 19.563350 10.716500 13.673411 23.288319 6.923797 16.017601 5.528254 22.624312 7.176635 23.743561 22.593229 17.991040 24.097288 12.089864 19.353795 7.212436 12.764215 5.327869 15.452841 14.313966 13.701335 8.485891 21.073814 15.510606 7.832949 14.272573 14.739646 24.709856 7.073049 21.463253 20.070006 16.496594 20.688527 19.942582 18.043053 12.954995 8.746904 12.368821 8.110153 8.345800 20.829080 23.150351 16.674052 8.491199 5.165242 23.190063 15.419573 24.268113 24.869998 5.696507 5.211934 5.230713 20.704216 10.304830 14.988856 23.410029 15.362832 14.588250 17.525939 14.216377 9.220791 8.392795 17.126985 15.605545 22.184181 16.517650 6.882007 23.848597 23.971205 22.403549 15.641955 24.088365 11.070675 24.972038 24.328803 23.105989 22.445839 19.655705 20.911205 5.282000 20.743496 17.781585 23.776583 19.843516 8.558394 14.962735 7.189191 19.066013 10.232413 9.817692 12.987380 10.811526 11.250650 23.754248 23.288059 10.030856 24.238443 18.169069 19.985185 19.742266 7.008056 14.813343 9.325238 21.970501 12.512054 13.962600 15.346972 18.676373 15.741501 24.423856 9.616204 16.495725 5.682436 7.875799 8.170972 24.804491 9.837993 19.674574 8.371804 7.664530 8.670125 19.525740 10.191879 9.967670 10.777558 21.961969 6.507367 24.983013 21.142800 17.407250 14.408771 15.518424 7.114218 5.131580 20.623461 7.653045 12.071589 6.815519 18.112406 8.757418 19.394907 12.061291 17.717949 11.345402 18.753664 12.341840 15.563482 14.202172 10.732468 17.107738 24.979065 11.535318 20.877941 11.484065 8.496405 24.773078 9.564357 6.917660 22.195308 15.333083 11.437943 5.997500 14.950022 15.024714 12.384288 5.584944 18.065901 16.729672 11.539598 21.102683 10.777690 18.669416 9.527532 17.435874 24.012541 14.544798 9.011905 11.697608 14.833559 22.112858 14.564562 9.455174 18.057383 10.316565 6.055353 8.752552 5.049057 18.858361 19.777103 14.839175 5.761427 5.044331 19.632090 11.125158 11.321621 19.574445 5.559473 13.084340 17.639785 13.233979 24.845012 24.435699 19.456937 10.267436 24.037458 18.010647 17.236367 7.928226 24.858786 18.057200 19.112656 21.022592 24.174597 15.492440 10.311854 15.459074 14.668349 8.964779 5.853190 17.111860 10.786312 23.052406 13.720238 21.849141 12.753845 22.081315 24.509943 12.130479 10.234132 10.846229 9.341580 9.130298 21.797514 6.991140 13.763032 16.142532 12.471303 8.773600 19.533610 9.623979 21.694015 22.985861 11.491243 5.699068 9.797624 9.272027 20.707310 16.443891 24.600641 23.081773 21.683661 14.243819 8.238024 9.609759 17.316439 10.763388 12.230233 23.458889 15.888730 14.611168 22.379274 6.363190 12.682748 17.360992 14.381363 16.675667 15.330391 9.503826 9.709543 19.291018 18.768210 6.252733 9.171963 24.322150 24.765366 9.992349 18.550989 16.804940 12.494665 19.107181 14.587287 20.939643 13.668382 11.194249 15.066562 7.251468 14.945911 17.390509 8.880114 5.714060 13.480379 14.837234 24.868515 20.413082 24.755106 16.538826 24.906156 10.105477 8.487616 6.976119 14.336828 20.559664 16.439861 13.779009 12.808143 12.820037 7.808897 19.444389 10.775920 23.256931 9.643684 18.306139 11.541876 21.743835 12.341522 18.655272 16.397784 19.361637 24.914734 8.569493 17.067143 6.614110 24.125122 13.106400 23.568790 7.770339 24.257765 15.186374 8.912504 14.665348 14.633733 22.006792 21.552029 22.166540 22.723220 8.041769 21.359705 21.583770 21.242857 12.471502 16.670609 11.350953 15.754180 15.127225 6.690827 5.035193 14.865020 19.824844 20.305006 19.544234 9.445302 23.243664 16.516932 20.101427 5.068194 20.996094 14.710067 24.287037 11.818624 7.066153 21.962348 13.294999 14.540225 20.985103 23.304621 10.217866 10.836534 13.488897 22.310410 20.032040 24.593876 6.484531 8.254960 6.808170 11.189022 16.085369 10.838619 18.116393 16.550147 14.044939 15.311511 20.791334 11.773942 21.773159 10.661685 16.965961 13.041447 20.209946 21.915544 24.642468 16.811528 8.035317 7.373704 10.428885 23.295261 6.497568 24.028187 23.161285 14.512382 24.372974 11.064496 7.769355 12.086524 7.337114 17.443142 22.796844 6.212207 13.824270 16.157029 8.624976 21.397483 18.601328 8.072757 8.668476 8.305901 23.153600 8.026711 20.353002 11.998740 11.988797 23.389006 20.079642 18.524570 12.287926 24.745052 12.073984 5.039046 6.319531 24.833328 18.068824 10.224710 13.482790 21.859842 20.019259 11.124656 22.947948 16.684595 21.796122 24.871016 18.496720 9.854611 19.262429 11.493397 17.365317 12.321778 21.980070 10.295954 20.812743 16.364465 24.700067 19.223998 19.286327 12.714149 22.483925 23.716329 15.670825 21.097169 19.948368 17.354982 7.412683 7.997688 10.865972 14.340774 12.436875 23.209920 10.677658 10.995093 10.864753 14.500231 7.703751 16.335859 20.971893 16.575880 7.005587 7.930516 16.632933 22.358204 14.263205 16.216327 9.267592 16.205211 8.175316 19.914214 10.714985 22.881761 8.632040 21.756921 19.581328 9.183018 5.352602 18.013665 10.404255 22.281842 21.329263 17.708742 12.982934 13.939114 16.524024 12.938506 16.837853 8.101631 18.895467 21.063221 8.637579 15.091339 23.353080 14.527302 20.676620 11.016610 24.350001 22.097002 14.575385 9.046683 14.468472 9.781352 19.754624 23.960679 6.794170 19.012162 18.039707 16.499275 18.948086 16.704360 18.268784 16.884203 12.539760 20.317140 16.363066 10.906895 20.590995 19.555284 8.217585 23.525861 5.073528 13.310420 24.538623 16.140587 19.544233 23.969132 17.268985 20.462434 10.803654 19.555553 18.748052 6.361540 24.139048 8.745119 23.598760 10.423651 12.123993 23.738011 23.725360 23.020583 18.106802 13.516168 12.504200 19.726135 23.770600 14.672822 14.406209 18.163276 14.520896 14.602626 18.410426 12.293658 5.833727 17.277409 11.500114 17.987008 20.147449 17.132782 16.684173 5.371120 13.252297 14.416835 17.038224 10.426604 20.004119 10.205953 20.692661 9.272951 14.687364 5.093733 5.762425 12.218774 14.706112 17.264500 11.459327 21.234886 18.303662 13.156872 6.003644 11.720907 24.791733 8.206279 13.938740 7.670754 16.710138 24.121440 23.461278 11.769608 14.787229 5.848857 8.118064 21.874874 6.057042 14.376352 14.947425 11.577578 12.636350 24.822007 23.205615 13.604886 9.698820 17.295246 19.777324 13.680031 19.454630 21.033350 20.552177 21.765737 15.264210 8.241572 24.902951 23.044414 20.871657 7.568022 16.013977 12.573378 14.623271 16.970355 10.356605 17.135310 6.734500 22.803890 19.490011 24.642658 9.482479 21.686977 6.772364 16.495676 24.172530 13.786723 12.516345 5.349025 18.162655 9.885688 18.131251 10.086426 13.815338 12.940191 9.455966 23.502085 20.364098 15.903867 10.169432 5.421972
60
306
0 4 3.616300
0 10 9.107004
0 11 8.799343
0 12 4.774772
0 13 7.635019
0 17 9.950445
0 26 5.747617
0 28 2.996170
0 54 6.612060
1 2 4.476056
1 13 3.612476
1 36 3.018989
1 41 9.918365
1 43 5.105950
1 45 4.416610
1 46 2.649203
1 51 9.733398
1 55 2.119950
1 57 4.968839
2 12 5.872733
2 18 2.990088
2 19 5.071154
2 26 9.612816
2 39 3.874629
2 46 6.243975
2 55 2.451154
3 6 6.873751
3 10 8.680845
3 11 4.303172
3 24 8.650636
3 30 5.733285
3 31 7.656341
3 33 2.028311
3 36 4.365579
3 40 4.088136
3 48 8.251258
3 51 6.980011
3 53 4.858611
3 55 3.060810
3 56 1.346139
4 13 9.229903
4 14 6.484066
4 36 3.983367
4 45 8.857294
4 46 9.964017
4 50 3.559160
4 51 2.452791
4 58 5.332557
4 59 4.141892
5 9 4.661956
5 17 3.771213
5 18 7.390953
5 22 7.453913
5 38 1.854251
5 40 6.601811
5 41 7.826132
5 56 1.218800
6 12 5.888553
6 20 9.444921
6 28 8.689397
6 39 3.095518
6 43 8.179871
6 45 1.953308
6 49 7.624790
7 8 6.211600
7 16 7.091658
7 23 8.105431
7 24 5.769161
7 27 4.765644
7 33 6.108335
7 52 7.179034
7 53 4.309230
8 17 7.331097
8 20 4.798378
8 24 2.378509
8 29 9.144663
8 32 9.480995
8 35 4.280284
8 42 2.621467
8 55 4.155203
9 17 4.035038
9 22 4.340358
9 24 3.175396
9 27 4.742185
9 35 8.629713
9 43 6.246393
9 44 2.758868
9 59 6.540461
10 13 3.429079
10 14 5.622986
10 21 4.619883
10 26 9.307563
10 28 8.438167
10 32 6.137482
10 34 3.208938
10 35 7.469264
10 40 6.353686
10 47 1.571474
10 51 9.613793
10 57 7.232382
11 14 4.004342
11 15 9.688014
11 33 2.811806
11 41 2.640099
11 46 3.603392
11 50 6.212938
12 16 1.472631
12 17 1.713485
12 34 4.409184
12 36 1.740242
12 42 4.268691
12 51 3.850208
12 57 6.905484
13 14 5.002249
13 20 2.471889
13 28 9.652275
13 42 8.413422
13 51 2.282232
13 52 5.516065
14 16 3.151988
14 19 4.511502
14 32 4.665295
14 37 7.211257
14 45 4.462379
14 51 1.611295
15 31 6.982865
15 39 4.383056
15 40 8.288390
15 44 4.672040
15 46 7.246857
15 48 5.039354
16 18 9.471405
16 19 1.521087
16 26 8.868411
16 31 4.751547
16 33 4.578755
16 37 3.011974
16 45 9.451722
16 55 7.574731
17 18 3.994160
17 23 9.182887
17 30 3.242141
17 43 7.067299
17 46 1.508396
17 59 3.514816
18 19 9.023366
18 20 3.614225
18 24 1.530031
18 32 9.947544
18 35 3.685528
18 38 3.147593
18 50 5.675766
18 53 7.655331
18 57 7.231905
19 20 9.172346
19 22 5.165066
19 26 4.143293
19 30 3.630919
19 33 9.330240
19 34 8.493761
19 36 3.177884
19 42 9.501664
19 46 8.751121
19 50 3.769724
19 51 3.923617
19 59 6.358973
20 21 1.287406
20 29 8.030579
20 30 3.898846
20 39 9.219527
20 41 7.971011
20 58 2.625774
21 24 8.282324
21 25 6.362915
21 40 6.998573
21 47 7.627776
21 55 5.576284
22 28 9.140962
22 37 1.143133
22 55 6.801803
22 58 1.985552
23 29 2.082809
23 31 4.455216
23 38 2.767585
23 41 3.399804
24 30 3.044524
24 34 9.060517
24 35 2.393534
24 38 4.172221
24 40 5.524572
24 50 6.302265
24 59 9.172677
25 26 9.481168
25 32 2.643793
25 34 8.457238
25 38 9.713013
25 40 8.839150
25 41 5.842445
25 42 1.413170
25 43 8.191027
25 49 6.735402
25 55 6.787235
25 56 7.543711
25 59 8.423858
26 32 5.784645
26 35 2.700029
26 39 7.332101
26 47 8.560863
26 49 7.297190
26 51 5.300323
26 58 6.647083
27 29 5.478596
27 33 4.039868
27 34 2.629766
27 35 2.915552
27 40 1.985003
27 45 6.931940
27 49 6.020088
27 51 9.504298
27 53 3.248495
27 54 8.317858
28 35 8.057115
28 38 3.947349
28 39 1.231538
28 44 5.446862
28 47 3.637392
28 50 5.550464
29 30 3.308575
29 32 1.034107
29 35 8.889499
29 37 2.690734
29 39 6.429421
29 45 6.036637
30 32 5.170410
30 41 7.743910
30 42 4.358589
31 32 2.010854
31 46 4.706695
31 47 7.685947
31 48 3.915414
31 56 2.985001
31 57 5.104211
31 59 1.736958
32 36 8.891688
32 38 7.354179
32 46 5.496391
32 47 6.795008
32 53 1.871347
32 57 4.139152
32 58 1.064162
33 38 2.246110
33 46 8.645236
33 49 1.918214
33 52 5.708700
33 56 8.518459
33 59 1.969340
34 41 1.131158
34 45 3.289972
34 55 7.934290
34 59 2.796110
35 42 7.975980
35 59 8.776747
36 42 8.213891
36 50 7.386387
36 57 6.834559
37 38 8.257838
37 50 8.049786
37 51 6.422321
37 53 6.305591
37 54 6.409774
37 57 1.422394
38 40 8.830432
38 43 3.212223
38 52 1.967616
38 56 1.687259
39 45 3.735922
39 47 2.202587
39 49 2.573817
39 52 8.494235
40 44 2.504079
40 45 1.849984
40 52 2.784025
40 53 9.203662
42 44 1.943884
42 46 4.042532
42 48 4.184164
43 44 3.571404
43 46 7.093011
43 50 3.795881
43 53 6.525793
44 48 1.548089
45 46 8.268728
45 52 2.217568
45 53 4.982665
45 54 5.399094
46 54 3.793197
47 49 6.979422
47 50 3.442781
47 58 3.855999
47 59 1.894465
48 50 8.207662
48 57 1.928620
49 55 9.705724
50 53 3.271130
52 53 8.300663
56 59 6.868115
372.268883 233.847371 380.309740 344.245438 410.923003 448.549109 263.255529 240.851194 390.622375 376.203555 440.931287 257.239931 481.623865 424.114396 241.874332 244.172811 489.554681 308.931599 448.272988 267.697901 235.883167 293.068391 445.361231 409.261568 273.038503 324.788286 308.917096 466.635913 411.465204 288.969966 426.425094 454.441877 481.458592 340.126926 357.463294 363.872273 488.839063 242.885582 294.058252 425.088172 372.630095 250.723265 328.534841 260.288191 443.359631 257.134966 405.589248 440.365123 348.149533 247.772693 399.873381 306.084583 491.776622 307.753822 358.958296 322.888224 496.826662 336.792904 236.069127 497.947015
